game_dt,season,week,home_team_name,home_team_id,score_home,away_team_name,away_team_id,score_away,favorite,spread,over_under,total,stadium_neutral,favorite_score,underdog_score,diff,team_id,favored_ind,location,team_score,opp_score,team_diff,team_spread,cover_ind
2000-09-03,2000,1,Atlanta Falcons,ATL,36,San Francisco 49ers,SF,28,ATL,-6.5,46.5,64,0,36,28,8,ATL,1,Home,36,28,8,6.5,1
2000-09-10,2000,2,Denver Broncos,DEN,42,Atlanta Falcons,ATL,14,DEN,-4.5,47,56,0,42,14,28,ATL,0,Away,14,42,-28,-4.5,0
2000-09-17,2000,3,Carolina Panthers,CAR,10,Atlanta Falcons,ATL,15,CAR,-6,48.5,25,0,10,15,-5,ATL,0,Away,15,10,5,-6,1
2000-09-24,2000,4,Atlanta Falcons,ATL,20,St. Louis Rams,LAR,41,LAR,-6.5,55,61,0,41,20,21,ATL,0,Home,20,41,-21,-6.5,0
2000-10-01,2000,5,Philadelphia Eagles,PHI,38,Atlanta Falcons,ATL,10,PHI,-3,41.5,48,0,38,10,28,ATL,0,Away,10,38,-28,-3,0
2000-10-08,2000,6,Atlanta Falcons,ATL,6,New York Giants,NYG,13,ATL,-1,42,19,0,6,13,-7,ATL,1,Home,6,13,-7,1,0
2000-10-15,2000,7,St. Louis Rams,LAR,45,Atlanta Falcons,ATL,29,LAR,-18,58.5,74,0,45,29,16,ATL,0,Away,29,45,-16,-18,1
2000-10-22,2000,8,Atlanta Falcons,ATL,19,New Orleans Saints,NO,21,NO,-1.5,40,40,0,21,19,2,ATL,0,Home,19,21,-2,-1.5,0
2000-10-29,2000,9,Atlanta Falcons,ATL,13,Carolina Panthers,CAR,12,CAR,-3,45.5,25,0,12,13,-1,ATL,0,Home,13,12,1,-3,1
2000-11-05,2000,10,Atlanta Falcons,ATL,14,Tampa Bay Buccaneers,TB,27,TB,-7,40,41,0,27,14,13,ATL,0,Home,14,27,-13,-7,0
2000-11-12,2000,11,Detroit Lions,DET,13,Atlanta Falcons,ATL,10,DET,-8.5,40,23,0,13,10,3,ATL,0,Away,10,13,-3,-8.5,1
2000-11-19,2000,12,San Francisco 49ers,SF,16,Atlanta Falcons,ATL,6,SF,-5.5,47.5,22,0,16,6,10,ATL,0,Away,6,16,-10,-5.5,0
2000-11-26,2000,13,Oakland Raiders,OAK,41,Atlanta Falcons,ATL,14,OAK,-11,44,55,0,41,14,27,ATL,0,Away,14,41,-27,-11,0
2000-12-03,2000,14,Atlanta Falcons,ATL,10,Seattle Seahawks,SEA,30,PICK,0,42,40,0,30,10,20,ATL,0,Home,10,30,-20,0,0
2000-12-17,2000,16,New Orleans Saints,NO,23,Atlanta Falcons,ATL,7,NO,-10,41,30,0,23,7,16,ATL,0,Away,7,23,-16,-10,0
2000-12-24,2000,17,Atlanta Falcons,ATL,29,Kansas City Chiefs,KC,13,KC,-4.5,40.5,42,0,13,29,-16,ATL,0,Home,29,13,16,-4.5,1
2001-09-09,2001,1,San Francisco 49ers,SF,16,Atlanta Falcons,ATL,13,SF,-3.5,46,29,0,16,13,3,ATL,0,Away,13,16,-3,-3.5,1
2001-09-23,2001,2,Atlanta Falcons,ATL,24,Carolina Panthers,CAR,16,ATL,-3.5,41,40,0,24,16,8,ATL,1,Home,24,16,8,3.5,1
2001-09-30,2001,3,Arizona Cardinals,ARI,14,Atlanta Falcons,ATL,34,ATL,-3,42,48,0,34,14,20,ATL,1,Away,34,14,20,3,1
2001-10-07,2001,4,Atlanta Falcons,ATL,3,Chicago Bears,CHI,31,ATL,-3.5,39.5,34,0,3,31,-28,ATL,1,Home,3,31,-28,3.5,0
2001-10-14,2001,5,Atlanta Falcons,ATL,31,San Francisco 49ers,SF,37,SF,-3,43.5,68,0,37,31,6,ATL,0,Home,31,37,-6,-3,0
2001-10-21,2001,6,New Orleans Saints,NO,13,Atlanta Falcons,ATL,20,NO,-8,42,33,0,13,20,-7,ATL,0,Away,20,13,7,-8,1
2001-11-04,2001,8,Atlanta Falcons,ATL,10,New England Patriots,NE,24,ATL,-3,42.5,34,0,10,24,-14,ATL,1,Home,10,24,-14,3,0
2001-11-11,2001,9,Atlanta Falcons,ATL,20,Dallas Cowboys,DAL,13,ATL,-6,37,33,0,20,13,7,ATL,1,Home,20,13,7,6,1
2001-11-18,2001,10,Green Bay Packers,GB,20,Atlanta Falcons,ATL,23,GB,-10,39.5,43,0,20,23,-3,ATL,0,Away,23,20,3,-10,1
2001-11-25,2001,11,Carolina Panthers,CAR,7,Atlanta Falcons,ATL,10,ATL,-3,40,17,0,10,7,3,ATL,1,Away,10,7,3,3,0
2001-12-02,2001,12,Atlanta Falcons,ATL,6,St. Louis Rams,LAR,35,LAR,-8,47,41,0,35,6,29,ATL,0,Home,6,35,-29,-8,0
2001-12-09,2001,13,Atlanta Falcons,ATL,10,New Orleans Saints,NO,28,NO,-3,39,38,0,28,10,18,ATL,0,Home,10,28,-18,-3,0
2001-12-16,2001,14,Indianapolis Colts,IND,41,Atlanta Falcons,ATL,27,IND,-4,46.5,68,0,41,27,14,ATL,0,Away,27,41,-14,-4,0
2001-12-23,2001,15,Atlanta Falcons,ATL,33,Buffalo Bills,BUF,30,ATL,-4,41,63,0,33,30,3,ATL,1,Home,33,30,3,4,0
2001-12-30,2001,16,Miami Dolphins,MIA,21,Atlanta Falcons,ATL,14,MIA,-7,38.5,35,0,21,14,7,ATL,0,Away,14,21,-7,-7,0
2002-01-06,2001,17,St. Louis Rams,LAR,31,Atlanta Falcons,ATL,13,LAR,-14.5,48,44,0,31,13,18,ATL,0,Away,13,31,-18,-14.5,0
2002-09-08,2002,1,Green Bay Packers,GB,37,Atlanta Falcons,ATL,34,GB,-7,42.5,71,0,37,34,3,ATL,0,Away,34,37,-3,-7,1
2002-09-15,2002,2,Atlanta Falcons,ATL,13,Chicago Bears,CHI,14,ATL,-2.5,45,27,0,13,14,-1,ATL,1,Home,13,14,-1,2.5,0
2002-09-22,2002,3,Atlanta Falcons,ATL,30,Cincinnati Bengals,CIN,3,ATL,-7,42.5,33,0,30,3,27,ATL,1,Home,30,3,27,7,1
2002-10-06,2002,5,Atlanta Falcons,ATL,6,Tampa Bay Buccaneers,TB,20,ATL,-2.5,38.5,26,0,6,20,-14,ATL,1,Home,6,20,-14,2.5,0
2002-10-13,2002,6,New York Giants,NYG,10,Atlanta Falcons,ATL,17,NYG,-6,35.5,27,0,10,17,-7,ATL,0,Away,17,10,7,-6,1
2002-10-20,2002,7,Atlanta Falcons,ATL,30,Carolina Panthers,CAR,0,ATL,-4,35.5,30,0,30,0,30,ATL,1,Home,30,0,30,4,1
2002-10-27,2002,8,New Orleans Saints,NO,35,Atlanta Falcons,ATL,37,NO,-3.5,47,72,0,35,37,-2,ATL,0,Away,37,35,2,-3.5,1
2002-11-03,2002,9,Atlanta Falcons,ATL,20,Baltimore Ravens,BAL,17,ATL,-7,40.5,37,0,20,17,3,ATL,1,Home,20,17,3,7,0
2002-11-10,2002,10,Pittsburgh Steelers,PIT,34,Atlanta Falcons,ATL,34,PIT,-5.5,42.5,68,0,34,34,0,ATL,0,Away,34,34,0,-5.5,1
2002-11-17,2002,11,Atlanta Falcons,ATL,24,New Orleans Saints,NO,17,ATL,-1.5,51,41,0,24,17,7,ATL,1,Home,24,17,7,1.5,1
2002-11-24,2002,12,Carolina Panthers,CAR,0,Atlanta Falcons,ATL,41,ATL,-3.5,37,41,0,41,0,41,ATL,1,Away,41,0,41,3.5,1
2002-12-01,2002,13,Minnesota Vikings,MIN,24,Atlanta Falcons,ATL,30,ATL,-3.5,47.5,54,0,30,24,6,ATL,1,Away,30,24,6,3.5,1
2002-12-08,2002,14,Tampa Bay Buccaneers,TB,34,Atlanta Falcons,ATL,10,TB,-3.5,37,44,0,34,10,24,ATL,0,Away,10,34,-24,-3.5,0
2002-12-15,2002,15,Atlanta Falcons,ATL,24,Seattle Seahawks,SEA,30,ATL,-9.5,46,54,0,24,30,-6,ATL,1,Home,24,30,-6,9.5,0
2002-12-22,2002,16,Atlanta Falcons,ATL,36,Detroit Lions,DET,15,ATL,-10.5,44,51,0,36,15,21,ATL,1,Home,36,15,21,10.5,1
2002-12-29,2002,17,Cleveland Browns,CLE,24,Atlanta Falcons,ATL,16,ATL,-2.5,41,40,0,16,24,-8,ATL,1,Away,16,24,-8,2.5,0
2003-09-07,2003,1,Dallas Cowboys,DAL,13,Atlanta Falcons,ATL,27,DAL,-2,36.5,40,0,13,27,-14,ATL,0,Away,27,13,14,-2,1
2003-09-14,2003,2,Atlanta Falcons,ATL,31,Washington Redskins,WAS,33,ATL,-3,39.5,64,0,31,33,-2,ATL,1,Home,31,33,-2,3,0
2003-09-21,2003,3,Atlanta Falcons,ATL,10,Tampa Bay Buccaneers,TB,31,TB,-6.5,35.5,41,0,31,10,21,ATL,0,Home,10,31,-21,-6.5,0
2003-09-28,2003,4,Carolina Panthers,CAR,23,Atlanta Falcons,ATL,3,CAR,-6,35.5,26,0,23,3,20,ATL,0,Away,3,23,-20,-6,0
2003-10-05,2003,5,Atlanta Falcons,ATL,26,Minnesota Vikings,MIN,39,MIN,-4.5,43.5,65,0,39,26,13,ATL,0,Home,26,39,-13,-4.5,0
2003-10-13,2003,6,St. Louis Rams,LAR,36,Atlanta Falcons,ATL,0,LAR,-10,46,36,0,36,0,36,ATL,0,Away,0,36,-36,-10,0
2003-10-19,2003,7,Atlanta Falcons,ATL,17,New Orleans Saints,NO,45,NO,-3,42,62,0,45,17,28,ATL,0,Home,17,45,-28,-3,0
2003-11-02,2003,9,Atlanta Falcons,ATL,16,Philadelphia Eagles,PHI,23,PHI,-6,39.5,39,0,23,16,7,ATL,0,Home,16,23,-7,-6,0
2003-11-09,2003,10,New York Giants,NYG,7,Atlanta Falcons,ATL,27,NYG,-11.5,41,34,0,7,27,-20,ATL,0,Away,27,7,20,-11.5,1
2003-11-16,2003,11,New Orleans Saints,NO,23,Atlanta Falcons,ATL,20,NO,-9,44,43,0,23,20,3,ATL,0,Away,20,23,-3,-9,1
2003-11-23,2003,12,Atlanta Falcons,ATL,31,Tennessee Titans,TEN,38,TEN,-6.5,44,69,0,38,31,7,ATL,0,Home,31,38,-7,-6.5,0
2003-11-30,2003,13,Houston Texans,HOU,17,Atlanta Falcons,ATL,13,HOU,-3,42.5,30,0,17,13,4,ATL,0,Away,13,17,-4,-3,0
2003-12-07,2003,14,Atlanta Falcons,ATL,20,Carolina Panthers,CAR,14,CAR,-1,41,34,0,14,20,-6,ATL,0,Home,20,14,6,-1,1
2003-12-14,2003,15,Indianapolis Colts,IND,38,Atlanta Falcons,ATL,7,IND,-7.5,48,45,0,38,7,31,ATL,0,Away,7,38,-31,-7.5,0
2003-12-20,2003,16,Tampa Bay Buccaneers,TB,28,Atlanta Falcons,ATL,30,TB,-6.5,38.5,58,0,28,30,-2,ATL,0,Away,30,28,2,-6.5,1
2003-12-28,2003,17,Atlanta Falcons,ATL,21,Jacksonville Jaguars,JAX,14,ATL,-2.5,44,35,0,21,14,7,ATL,1,Home,21,14,7,2.5,1
2004-09-12,2004,1,San Francisco 49ers,SF,19,Atlanta Falcons,ATL,21,ATL,-3,44.5,40,0,21,19,2,ATL,1,Away,21,19,2,3,0
2004-09-19,2004,2,Atlanta Falcons,ATL,34,St. Louis Rams,LAR,17,ATL,-2,46,51,0,34,17,17,ATL,1,Home,34,17,17,2,1
2004-09-26,2004,3,Atlanta Falcons,ATL,6,Arizona Cardinals,ARI,3,ATL,-11,44,9,0,6,3,3,ATL,1,Home,6,3,3,11,0
2004-10-03,2004,4,Carolina Panthers,CAR,10,Atlanta Falcons,ATL,27,CAR,-3.5,39,37,0,10,27,-17,ATL,0,Away,27,10,17,-3.5,1
2004-10-10,2004,5,Atlanta Falcons,ATL,10,Detroit Lions,DET,17,ATL,-6.5,41,27,0,10,17,-7,ATL,1,Home,10,17,-7,6.5,0
2004-10-17,2004,6,Atlanta Falcons,ATL,21,San Diego Chargers,LAC,20,ATL,-5.5,43,41,0,21,20,1,ATL,1,Home,21,20,1,5.5,0
2004-10-24,2004,7,Kansas City Chiefs,KC,56,Atlanta Falcons,ATL,10,KC,-3.5,44.5,66,0,56,10,46,ATL,0,Away,10,56,-46,-3.5,0
2004-10-31,2004,8,Denver Broncos,DEN,28,Atlanta Falcons,ATL,41,DEN,-7,39.5,69,0,28,41,-13,ATL,0,Away,41,28,13,-7,1
2004-11-14,2004,10,Atlanta Falcons,ATL,24,Tampa Bay Buccaneers,TB,14,ATL,-3.5,41,38,0,24,14,10,ATL,1,Home,24,14,10,3.5,1
2004-11-21,2004,11,New York Giants,NYG,10,Atlanta Falcons,ATL,14,ATL,-3,40,24,0,14,10,4,ATL,1,Away,14,10,4,3,1
2004-11-28,2004,12,Atlanta Falcons,ATL,24,New Orleans Saints,NO,21,ATL,-9,47.5,45,0,24,21,3,ATL,1,Home,24,21,3,9,0
2004-12-05,2004,13,Tampa Bay Buccaneers,TB,27,Atlanta Falcons,ATL,0,TB,-2,39.5,27,0,27,0,27,ATL,0,Away,0,27,-27,-2,0
2004-12-12,2004,14,Atlanta Falcons,ATL,35,Oakland Raiders,OAK,10,ATL,-7.5,46,45,0,35,10,25,ATL,1,Home,35,10,25,7.5,1
2004-12-18,2004,15,Atlanta Falcons,ATL,34,Carolina Panthers,CAR,31,ATL,-3.5,41,65,0,34,31,3,ATL,1,Home,34,31,3,3.5,0
2004-12-26,2004,16,New Orleans Saints,NO,26,Atlanta Falcons,ATL,13,NO,-6.5,44,39,0,26,13,13,ATL,0,Away,13,26,-13,-6.5,0
2005-01-02,2004,17,Seattle Seahawks,SEA,28,Atlanta Falcons,ATL,26,SEA,-5.5,41,54,0,28,26,2,ATL,0,Away,26,28,-2,-5.5,1
2005-09-12,2005,1,Atlanta Falcons,ATL,14,Philadelphia Eagles,PHI,10,PHI,-2,41.5,24,0,10,14,-4,ATL,0,Home,14,10,4,-2,1
2005-09-18,2005,2,Seattle Seahawks,SEA,21,Atlanta Falcons,ATL,18,SEA,-1,41.5,39,0,21,18,3,ATL,0,Away,18,21,-3,-1,0
2005-09-25,2005,3,Buffalo Bills,BUF,16,Atlanta Falcons,ATL,24,BUF,-3,36,40,0,16,24,-8,ATL,0,Away,24,16,8,-3,1
2005-10-02,2005,4,Atlanta Falcons,ATL,30,Minnesota Vikings,MIN,10,ATL,-6,44.5,40,0,30,10,20,ATL,1,Home,30,10,20,6,1
2005-10-09,2005,5,Atlanta Falcons,ATL,28,New England Patriots,NE,31,ATL,-2.5,43.5,59,0,28,31,-3,ATL,1,Home,28,31,-3,2.5,0
2005-10-24,2005,7,Atlanta Falcons,ATL,27,New York Jets,NYJ,14,ATL,-7.5,41,41,0,27,14,13,ATL,1,Home,27,14,13,7.5,1
2005-11-06,2005,9,Miami Dolphins,MIA,10,Atlanta Falcons,ATL,17,ATL,-2,39.5,27,0,17,10,7,ATL,1,Away,17,10,7,2,1
2005-11-13,2005,10,Atlanta Falcons,ATL,25,Green Bay Packers,GB,33,ATL,-9.5,42,58,0,25,33,-8,ATL,1,Home,25,33,-8,9.5,0
2005-11-20,2005,11,Atlanta Falcons,ATL,27,Tampa Bay Buccaneers,TB,30,ATL,-6,38,57,0,27,30,-3,ATL,1,Home,27,30,-3,6,0
2005-11-24,2005,12,Detroit Lions,DET,7,Atlanta Falcons,ATL,27,ATL,-3,40.5,34,0,27,7,20,ATL,1,Away,27,7,20,3,1
2005-12-04,2005,13,Carolina Panthers,CAR,24,Atlanta Falcons,ATL,6,CAR,-3,43.5,30,0,24,6,18,ATL,0,Away,6,24,-18,-3,0
2005-12-12,2005,14,Atlanta Falcons,ATL,36,New Orleans Saints,NO,17,ATL,-10,44,53,0,36,17,19,ATL,1,Home,36,17,19,10,1
2005-12-18,2005,15,Chicago Bears,CHI,16,Atlanta Falcons,ATL,3,CHI,-3,30.5,19,0,16,3,13,ATL,0,Away,3,16,-13,-3,0
2005-12-24,2005,16,Tampa Bay Buccaneers,TB,27,Atlanta Falcons,ATL,24,TB,-3,37.5,51,0,27,24,3,ATL,0,Away,24,27,-3,-3,0
2006-01-01,2005,17,Atlanta Falcons,ATL,11,Carolina Panthers,CAR,44,CAR,-3.5,42,55,0,44,11,33,ATL,0,Home,11,44,-33,-3.5,0
2006-09-10,2006,1,Carolina Panthers,CAR,6,Atlanta Falcons,ATL,20,CAR,-4.5,39,26,0,6,20,-14,ATL,0,Away,20,6,14,-4.5,1
2006-09-17,2006,2,Atlanta Falcons,ATL,14,Tampa Bay Buccaneers,TB,3,ATL,-4.5,36,17,0,14,3,11,ATL,1,Home,14,3,11,4.5,1
2006-09-25,2006,3,New Orleans Saints,NO,23,Atlanta Falcons,ATL,3,ATL,-4,45,26,0,3,23,-20,ATL,1,Away,3,23,-20,4,0
2006-10-01,2006,4,Atlanta Falcons,ATL,32,Arizona Cardinals,ARI,10,ATL,-7.5,42,42,0,32,10,22,ATL,1,Home,32,10,22,7.5,1
2006-10-15,2006,6,Atlanta Falcons,ATL,14,New York Giants,NYG,27,ATL,-3,41.5,41,0,14,27,-13,ATL,1,Home,14,27,-13,3,0
2006-10-22,2006,7,Atlanta Falcons,ATL,41,Pittsburgh Steelers,PIT,38,PIT,-3,39,79,0,38,41,-3,ATL,0,Home,41,38,3,-3,1
2006-10-29,2006,8,Cincinnati Bengals,CIN,27,Atlanta Falcons,ATL,29,CIN,-4.5,46.5,56,0,27,29,-2,ATL,0,Away,29,27,2,-4.5,1
2006-11-05,2006,9,Detroit Lions,DET,30,Atlanta Falcons,ATL,14,DET,-5,47,44,0,30,14,16,ATL,0,Away,14,30,-16,-5,0
2006-11-12,2006,10,Atlanta Falcons,ATL,13,Cleveland Browns,CLE,17,ATL,-7.5,41.5,30,0,13,17,-4,ATL,1,Home,13,17,-4,7.5,0
2006-11-19,2006,11,Baltimore Ravens,BAL,24,Atlanta Falcons,ATL,10,BAL,-3.5,41.5,34,0,24,10,14,ATL,0,Away,10,24,-14,-3.5,0
2006-11-26,2006,12,Atlanta Falcons,ATL,13,New Orleans Saints,NO,31,ATL,-3,48,44,0,13,31,-18,ATL,1,Home,13,31,-18,3,0
2006-12-03,2006,13,Washington Redskins,WAS,14,Atlanta Falcons,ATL,24,WAS,-1.5,38.5,38,0,14,24,-10,ATL,0,Away,24,14,10,-1.5,1
2006-12-10,2006,14,Tampa Bay Buccaneers,TB,6,Atlanta Falcons,ATL,17,ATL,-3,38,23,0,17,6,11,ATL,1,Away,17,6,11,3,1
2006-12-16,2006,15,Atlanta Falcons,ATL,28,Dallas Cowboys,DAL,38,DAL,-3.5,44.5,66,0,38,28,10,ATL,0,Home,28,38,-10,-3.5,0
2006-12-24,2006,16,Atlanta Falcons,ATL,3,Carolina Panthers,CAR,10,ATL,-6,41,13,0,3,10,-7,ATL,1,Home,3,10,-7,6,0
2006-12-31,2006,17,Philadelphia Eagles,PHI,24,Atlanta Falcons,ATL,17,PHI,-8.5,43,41,0,24,17,7,ATL,0,Away,17,24,-7,-8.5,1
2007-09-09,2007,1,Minnesota Vikings,MIN,24,Atlanta Falcons,ATL,3,MIN,-3,35.5,27,0,24,3,21,ATL,0,Away,3,24,-21,-3,0
2007-09-16,2007,2,Jacksonville Jaguars,JAX,13,Atlanta Falcons,ATL,7,JAX,-10,34.5,20,0,13,7,6,ATL,0,Away,7,13,-6,-10,1
2007-09-23,2007,3,Atlanta Falcons,ATL,20,Carolina Panthers,CAR,27,CAR,-4,38.5,47,0,27,20,7,ATL,0,Home,20,27,-7,-4,0
2007-09-30,2007,4,Atlanta Falcons,ATL,26,Houston Texans,HOU,16,HOU,-2.5,39.5,42,0,16,26,-10,ATL,0,Home,26,16,10,-2.5,1
2007-10-07,2007,5,Tennessee Titans,TEN,20,Atlanta Falcons,ATL,13,TEN,-7.5,41,33,0,20,13,7,ATL,0,Away,13,20,-7,-7.5,1
2007-10-15,2007,6,Atlanta Falcons,ATL,10,New York Giants,NYG,31,NYG,-5.5,44,41,0,31,10,21,ATL,0,Home,10,31,-21,-5.5,0
2007-10-21,2007,7,New Orleans Saints,NO,22,Atlanta Falcons,ATL,16,NO,-7.5,42,38,0,22,16,6,ATL,0,Away,16,22,-6,-7.5,1
2007-11-04,2007,9,Atlanta Falcons,ATL,20,San Francisco 49ers,SF,16,ATL,-3.5,37,36,0,20,16,4,ATL,1,Home,20,16,4,3.5,1
2007-11-11,2007,10,Carolina Panthers,CAR,13,Atlanta Falcons,ATL,20,CAR,-4,35.5,33,0,13,20,-7,ATL,0,Away,20,13,7,-4,1
2007-11-18,2007,11,Atlanta Falcons,ATL,7,Tampa Bay Buccaneers,TB,31,TB,-3,35.5,38,0,31,7,24,ATL,0,Home,7,31,-24,-3,0
2007-11-22,2007,12,Atlanta Falcons,ATL,13,Indianapolis Colts,IND,31,IND,-14,42.5,44,0,31,13,18,ATL,0,Home,13,31,-18,-14,0
2007-12-02,2007,13,St. Louis Rams,LAR,28,Atlanta Falcons,ATL,16,LAR,-3,40,44,0,28,16,12,ATL,0,Away,16,28,-12,-3,0
2007-12-10,2007,14,Atlanta Falcons,ATL,14,New Orleans Saints,NO,34,NO,-4.5,44,48,0,34,14,20,ATL,0,Home,14,34,-20,-4.5,0
2007-12-16,2007,15,Tampa Bay Buccaneers,TB,37,Atlanta Falcons,ATL,3,TB,-12.5,37.5,40,0,37,3,34,ATL,0,Away,3,37,-34,-12.5,0
2007-12-23,2007,16,Arizona Cardinals,ARI,30,Atlanta Falcons,ATL,27,ARI,-10.5,43.5,57,0,30,27,3,ATL,0,Away,27,30,-3,-10.5,1
2007-12-30,2007,17,Atlanta Falcons,ATL,44,Seattle Seahawks,SEA,41,SEA,-2,38.5,85,0,41,44,-3,ATL,0,Home,44,41,3,-2,1
2008-09-07,2008,1,Atlanta Falcons,ATL,34,Detroit Lions,DET,21,DET,-3,41,55,0,21,34,-13,ATL,0,Home,34,21,13,-3,1
2008-09-14,2008,2,Tampa Bay Buccaneers,TB,24,Atlanta Falcons,ATL,9,TB,-7,37.5,33,0,24,9,15,ATL,0,Away,9,24,-15,-7,0
2008-09-21,2008,3,Atlanta Falcons,ATL,38,Kansas City Chiefs,KC,14,ATL,-6.5,37,52,0,38,14,24,ATL,1,Home,38,14,24,6.5,1
2008-09-28,2008,4,Carolina Panthers,CAR,24,Atlanta Falcons,ATL,9,CAR,-7,39,33,0,24,9,15,ATL,0,Away,9,24,-15,-7,0
2008-10-05,2008,5,Green Bay Packers,GB,24,Atlanta Falcons,ATL,27,GB,-5,42.5,51,0,24,27,-3,ATL,0,Away,27,24,3,-5,1
2008-10-12,2008,6,Atlanta Falcons,ATL,22,Chicago Bears,CHI,20,CHI,-3,43.5,42,0,20,22,-2,ATL,0,Home,22,20,2,-3,1
2008-10-26,2008,8,Philadelphia Eagles,PHI,27,Atlanta Falcons,ATL,14,PHI,-9.5,45,41,0,27,14,13,ATL,0,Away,14,27,-13,-9.5,0
2008-11-02,2008,9,Oakland Raiders,OAK,0,Atlanta Falcons,ATL,24,ATL,-3,41.5,24,0,24,0,24,ATL,1,Away,24,0,24,3,1
2008-11-09,2008,10,Atlanta Falcons,ATL,34,New Orleans Saints,NO,20,ATL,-1.5,51,54,0,34,20,14,ATL,1,Home,34,20,14,1.5,1
2008-11-16,2008,11,Atlanta Falcons,ATL,20,Denver Broncos,DEN,24,ATL,-6.5,52,44,0,20,24,-4,ATL,1,Home,20,24,-4,6.5,0
2008-11-23,2008,12,Atlanta Falcons,ATL,45,Carolina Panthers,CAR,28,ATL,-1,41.5,73,0,45,28,17,ATL,1,Home,45,28,17,1,1
2008-11-30,2008,13,San Diego Chargers,LAC,16,Atlanta Falcons,ATL,22,LAC,-6.5,48,38,0,16,22,-6,ATL,0,Away,22,16,6,-6.5,1
2008-12-07,2008,14,New Orleans Saints,NO,29,Atlanta Falcons,ATL,25,NO,-3,51.5,54,0,29,25,4,ATL,0,Away,25,29,-4,-3,0
2008-12-14,2008,15,Atlanta Falcons,ATL,13,Tampa Bay Buccaneers,TB,10,ATL,-4.5,43.5,23,0,13,10,3,ATL,1,Home,13,10,3,4.5,0
2008-12-21,2008,16,Minnesota Vikings,MIN,17,Atlanta Falcons,ATL,24,MIN,-3,43.5,41,0,17,24,-7,ATL,0,Away,24,17,7,-3,1
2008-12-28,2008,17,Atlanta Falcons,ATL,31,St. Louis Rams,LAR,27,ATL,-14,44.5,58,0,31,27,4,ATL,1,Home,31,27,4,14,0
2009-09-13,2009,1,Atlanta Falcons,ATL,19,Miami Dolphins,MIA,7,ATL,-4,44.5,26,0,19,7,12,ATL,1,Home,19,7,12,4,1
2009-09-20,2009,2,Atlanta Falcons,ATL,28,Carolina Panthers,CAR,20,ATL,-5.5,43.5,48,0,28,20,8,ATL,1,Home,28,20,8,5.5,1
2009-09-27,2009,3,New England Patriots,NE,26,Atlanta Falcons,ATL,10,NE,-4.5,45.5,36,0,26,10,16,ATL,0,Away,10,26,-16,-4.5,0
2009-10-11,2009,5,San Francisco 49ers,SF,10,Atlanta Falcons,ATL,45,SF,-1,39.5,55,0,10,45,-35,ATL,0,Away,45,10,35,-1,1
2009-10-18,2009,6,Atlanta Falcons,ATL,21,Chicago Bears,CHI,14,ATL,-3.5,45.5,35,0,21,14,7,ATL,1,Home,21,14,7,3.5,1
2009-10-25,2009,7,Dallas Cowboys,DAL,37,Atlanta Falcons,ATL,21,DAL,-5,48,58,0,37,21,16,ATL,0,Away,21,37,-16,-5,0
2009-11-02,2009,8,New Orleans Saints,NO,35,Atlanta Falcons,ATL,27,NO,-12,56,62,0,35,27,8,ATL,0,Away,27,35,-8,-12,1
2009-11-08,2009,9,Atlanta Falcons,ATL,31,Washington Redskins,WAS,17,ATL,-9,41,48,0,31,17,14,ATL,1,Home,31,17,14,9,1
2009-11-15,2009,10,Carolina Panthers,CAR,28,Atlanta Falcons,ATL,19,ATL,-1,43.5,47,0,19,28,-9,ATL,1,Away,19,28,-9,1,0
2009-11-22,2009,11,New York Giants,NYG,34,Atlanta Falcons,ATL,31,NYG,-7,46.5,65,0,34,31,3,ATL,0,Away,31,34,-3,-7,1
2009-11-29,2009,12,Atlanta Falcons,ATL,20,Tampa Bay Buccaneers,TB,17,ATL,-12.5,46,37,0,20,17,3,ATL,1,Home,20,17,3,12.5,0
2009-12-06,2009,13,Atlanta Falcons,ATL,7,Philadelphia Eagles,PHI,34,PHI,-4,43.5,41,0,34,7,27,ATL,0,Home,7,34,-27,-4,0
2009-12-13,2009,14,Atlanta Falcons,ATL,23,New Orleans Saints,NO,26,NO,-10,50,49,0,26,23,3,ATL,0,Home,23,26,-3,-10,1
2009-12-20,2009,15,New York Jets,NYJ,7,Atlanta Falcons,ATL,10,NYJ,-7,35.5,17,0,7,10,-3,ATL,0,Away,10,7,3,-7,1
2009-12-27,2009,16,Atlanta Falcons,ATL,31,Buffalo Bills,BUF,3,ATL,-8,40,34,0,31,3,28,ATL,1,Home,31,3,28,8,1
2010-01-03,2009,17,Tampa Bay Buccaneers,TB,10,Atlanta Falcons,ATL,20,ATL,-3,41.5,30,0,20,10,10,ATL,1,Away,20,10,10,3,1
2010-09-12,2010,1,Pittsburgh Steelers,PIT,15,Atlanta Falcons,ATL,9,ATL,-1.5,39.5,24,0,9,15,-6,ATL,1,Away,9,15,-6,1.5,0
2010-09-19,2010,2,Atlanta Falcons,ATL,41,Arizona Cardinals,ARI,7,ATL,-7,43.5,48,0,41,7,34,ATL,1,Home,41,7,34,7,1
2010-09-26,2010,3,New Orleans Saints,NO,24,Atlanta Falcons,ATL,27,NO,-3,49.5,51,0,24,27,-3,ATL,0,Away,27,24,3,-3,1
2010-10-03,2010,4,Atlanta Falcons,ATL,16,San Francisco 49ers,SF,14,ATL,-7,42.5,30,0,16,14,2,ATL,1,Home,16,14,2,7,0
2010-10-10,2010,5,Cleveland Browns,CLE,10,Atlanta Falcons,ATL,20,ATL,-3,41.5,30,0,20,10,10,ATL,1,Away,20,10,10,3,1
2010-10-17,2010,6,Philadelphia Eagles,PHI,31,Atlanta Falcons,ATL,17,PHI,-1.5,43,48,0,31,17,14,ATL,0,Away,17,31,-14,-1.5,0
2010-10-24,2010,7,Atlanta Falcons,ATL,39,Cincinnati Bengals,CIN,32,ATL,-3.5,43,71,0,39,32,7,ATL,1,Home,39,32,7,3.5,1
2010-11-07,2010,9,Atlanta Falcons,ATL,27,Tampa Bay Buccaneers,TB,21,ATL,-9,45.5,48,0,27,21,6,ATL,1,Home,27,21,6,9,0
2010-11-11,2010,10,Atlanta Falcons,ATL,26,Baltimore Ravens,BAL,21,ATL,-1,44,47,0,26,21,5,ATL,1,Home,26,21,5,1,1
2010-11-21,2010,11,St. Louis Rams,LAR,17,Atlanta Falcons,ATL,34,ATL,-3.5,43.5,51,0,34,17,17,ATL,1,Away,34,17,17,3.5,1
2010-11-28,2010,12,Atlanta Falcons,ATL,20,Green Bay Packers,GB,17,ATL,-2,48,37,0,20,17,3,ATL,1,Home,20,17,3,2,1
2010-12-05,2010,13,Tampa Bay Buccaneers,TB,24,Atlanta Falcons,ATL,28,ATL,-3,43.5,52,0,28,24,4,ATL,1,Away,28,24,4,3,1
2010-12-12,2010,14,Carolina Panthers,CAR,10,Atlanta Falcons,ATL,31,ATL,-7.5,41,41,0,31,10,21,ATL,1,Away,31,10,21,7.5,1
2010-12-19,2010,15,Seattle Seahawks,SEA,18,Atlanta Falcons,ATL,34,ATL,-6,46.5,52,0,34,18,16,ATL,1,Away,34,18,16,6,1
2010-12-27,2010,16,Atlanta Falcons,ATL,14,New Orleans Saints,NO,17,ATL,-2.5,49.5,31,0,14,17,-3,ATL,1,Home,14,17,-3,2.5,0
2011-01-02,2010,17,Atlanta Falcons,ATL,31,Carolina Panthers,CAR,10,ATL,-14.5,41.5,41,0,31,10,21,ATL,1,Home,31,10,21,14.5,1
2011-09-11,2011,1,Chicago Bears,CHI,30,Atlanta Falcons,ATL,12,ATL,-1.5,41,42,0,12,30,-18,ATL,1,Away,12,30,-18,1.5,0
2011-09-18,2011,2,Atlanta Falcons,ATL,35,Philadelphia Eagles,PHI,31,PHI,-2.5,49.5,66,0,31,35,-4,ATL,0,Home,35,31,4,-2.5,1
2011-09-25,2011,3,Tampa Bay Buccaneers,TB,16,Atlanta Falcons,ATL,13,TB,-1,45,29,0,16,13,3,ATL,0,Away,13,16,-3,-1,0
2011-10-02,2011,4,Seattle Seahawks,SEA,28,Atlanta Falcons,ATL,30,ATL,-6,39,58,0,30,28,2,ATL,1,Away,30,28,2,6,0
2011-10-09,2011,5,Atlanta Falcons,ATL,14,Green Bay Packers,GB,25,GB,-6.5,53,39,0,25,14,11,ATL,0,Home,14,25,-11,-6.5,0
2011-10-16,2011,6,Atlanta Falcons,ATL,31,Carolina Panthers,CAR,17,ATL,-3.5,49.5,48,0,31,17,14,ATL,1,Home,31,17,14,3.5,1
2011-10-23,2011,7,Detroit Lions,DET,16,Atlanta Falcons,ATL,23,DET,-4.5,47,39,0,16,23,-7,ATL,0,Away,23,16,7,-4.5,1
2011-11-06,2011,9,Indianapolis Colts,IND,7,Atlanta Falcons,ATL,31,ATL,-7,45.5,38,0,31,7,24,ATL,1,Away,31,7,24,7,1
2011-11-13,2011,10,Atlanta Falcons,ATL,23,New Orleans Saints,NO,26,ATL,-1,50,49,0,23,26,-3,ATL,1,Home,23,26,-3,1,0
2011-11-20,2011,11,Atlanta Falcons,ATL,23,Tennessee Titans,TEN,17,ATL,-6.5,44,40,0,23,17,6,ATL,1,Home,23,17,6,6.5,0
2011-11-27,2011,12,Atlanta Falcons,ATL,24,Minnesota Vikings,MIN,14,ATL,-10,44,38,0,24,14,10,ATL,1,Home,24,14,10,10,0
2011-12-04,2011,13,Houston Texans,HOU,17,Atlanta Falcons,ATL,10,ATL,-2,38,27,0,10,17,-7,ATL,1,Away,10,17,-7,2,0
2011-12-11,2011,14,Carolina Panthers,CAR,23,Atlanta Falcons,ATL,31,ATL,-3,47.5,54,0,31,23,8,ATL,1,Away,31,23,8,3,1
2011-12-15,2011,15,Atlanta Falcons,ATL,41,Jacksonville Jaguars,JAX,14,ATL,-13.5,42,55,0,41,14,27,ATL,1,Home,41,14,27,13.5,1
2011-12-26,2011,16,New Orleans Saints,NO,45,Atlanta Falcons,ATL,16,NO,-7,52.5,61,0,45,16,29,ATL,0,Away,16,45,-29,-7,0
2012-01-01,2011,17,Atlanta Falcons,ATL,45,Tampa Bay Buccaneers,TB,24,ATL,-9.5,45,69,0,45,24,21,ATL,1,Home,45,24,21,9.5,1
2012-09-09,2012,1,Kansas City Chiefs,KC,24,Atlanta Falcons,ATL,40,ATL,-2.5,43,64,0,40,24,16,ATL,1,Away,40,24,16,2.5,1
2012-09-17,2012,2,Atlanta Falcons,ATL,27,Denver Broncos,DEN,21,ATL,-3,50.5,48,0,27,21,6,ATL,1,Home,27,21,6,3,1
2012-09-23,2012,3,San Diego Chargers,LAC,3,Atlanta Falcons,ATL,27,LAC,-3,47.5,30,0,3,27,-24,ATL,0,Away,27,3,24,-3,1
2012-09-30,2012,4,Atlanta Falcons,ATL,30,Carolina Panthers,CAR,28,ATL,-7,48,58,0,30,28,2,ATL,1,Home,30,28,2,7,0
2012-10-07,2012,5,Washington Redskins,WAS,17,Atlanta Falcons,ATL,24,ATL,-3,51,41,0,24,17,7,ATL,1,Away,24,17,7,3,1
2012-10-14,2012,6,Atlanta Falcons,ATL,23,Oakland Raiders,OAK,20,ATL,-10,49,43,0,23,20,3,ATL,1,Home,23,20,3,10,0
2012-10-28,2012,8,Philadelphia Eagles,PHI,17,Atlanta Falcons,ATL,30,PHI,-3,43,47,0,17,30,-13,ATL,0,Away,30,17,13,-3,1
2012-11-04,2012,9,Atlanta Falcons,ATL,19,Dallas Cowboys,DAL,13,ATL,-4.5,47.5,32,0,19,13,6,ATL,1,Home,19,13,6,4.5,1
2012-11-11,2012,10,New Orleans Saints,NO,31,Atlanta Falcons,ATL,27,ATL,-1.5,54,58,0,27,31,-4,ATL,1,Away,27,31,-4,1.5,0
2012-11-18,2012,11,Atlanta Falcons,ATL,23,Arizona Cardinals,ARI,19,ATL,-9.5,44,42,0,23,19,4,ATL,1,Home,23,19,4,9.5,0
2012-11-25,2012,12,Tampa Bay Buccaneers,TB,23,Atlanta Falcons,ATL,24,ATL,-1.5,51.5,47,0,24,23,1,ATL,1,Away,24,23,1,1.5,0
2012-11-29,2012,13,Atlanta Falcons,ATL,23,New Orleans Saints,NO,13,ATL,-3.5,55,36,0,23,13,10,ATL,1,Home,23,13,10,3.5,1
2012-12-09,2012,14,Carolina Panthers,CAR,30,Atlanta Falcons,ATL,20,ATL,-3.5,47,50,0,20,30,-10,ATL,1,Away,20,30,-10,3.5,0
2012-12-16,2012,15,Atlanta Falcons,ATL,34,New York Giants,NYG,0,PICK,0,50,34,0,0,34,-34,ATL,0,Home,34,0,34,0,1
2012-12-22,2012,16,Detroit Lions,DET,18,Atlanta Falcons,ATL,31,ATL,-4,50.5,49,0,31,18,13,ATL,1,Away,31,18,13,4,1
2012-12-30,2012,17,Atlanta Falcons,ATL,17,Tampa Bay Buccaneers,TB,22,ATL,-3,46,39,0,17,22,-5,ATL,1,Home,17,22,-5,3,0
2013-09-08,2013,1,New Orleans Saints,NO,23,Atlanta Falcons,ATL,17,NO,-3.5,56,40,0,23,17,6,ATL,0,Away,17,23,-6,-3.5,0
2013-09-15,2013,2,Atlanta Falcons,ATL,31,St. Louis Rams,LAR,24,ATL,-5.5,47.5,55,0,31,24,7,ATL,1,Home,31,24,7,5.5,1
2013-09-22,2013,3,Miami Dolphins,MIA,27,Atlanta Falcons,ATL,23,MIA,-2.5,46,50,0,27,23,4,ATL,0,Away,23,27,-4,-2.5,0
2013-09-29,2013,4,Atlanta Falcons,ATL,23,New England Patriots,NE,30,ATL,-3,50,53,0,23,30,-7,ATL,1,Home,23,30,-7,3,0
2013-10-07,2013,5,Atlanta Falcons,ATL,28,New York Jets,NYJ,30,ATL,-10.5,45,58,0,28,30,-2,ATL,1,Home,28,30,-2,10.5,0
2013-10-20,2013,7,Atlanta Falcons,ATL,31,Tampa Bay Buccaneers,TB,23,ATL,-6.5,43,54,0,31,23,8,ATL,1,Home,31,23,8,6.5,1
2013-10-27,2013,8,Arizona Cardinals,ARI,27,Atlanta Falcons,ATL,13,ARI,-3,46.5,40,0,27,13,14,ATL,0,Away,13,27,-14,-3,0
2013-11-03,2013,9,Carolina Panthers,CAR,34,Atlanta Falcons,ATL,10,CAR,-8,47,44,0,34,10,24,ATL,0,Away,10,34,-24,-8,0
2013-11-10,2013,10,Atlanta Falcons,ATL,10,Seattle Seahawks,SEA,33,SEA,-3,47,43,0,33,10,23,ATL,0,Home,10,33,-23,-3,0
2013-11-17,2013,11,Tampa Bay Buccaneers,TB,41,Atlanta Falcons,ATL,28,TB,-2,43.5,69,0,41,28,13,ATL,0,Away,28,41,-13,-2,0
2013-11-21,2013,12,Atlanta Falcons,ATL,13,New Orleans Saints,NO,17,NO,-7,52.5,30,0,17,13,4,ATL,0,Home,13,17,-4,-7,1
2013-12-08,2013,14,Green Bay Packers,GB,22,Atlanta Falcons,ATL,21,GB,-3.5,45,43,0,22,21,1,ATL,0,Away,21,22,-1,-3.5,1
2013-12-15,2013,15,Atlanta Falcons,ATL,27,Washington Redskins,WAS,26,ATL,-5.5,49,53,0,27,26,1,ATL,1,Home,27,26,1,5.5,0
2013-12-23,2013,16,San Francisco 49ers,SF,34,Atlanta Falcons,ATL,24,SF,-14.5,46,58,0,34,24,10,ATL,0,Away,24,34,-10,-14.5,1
2013-12-29,2013,17,Atlanta Falcons,ATL,20,Carolina Panthers,CAR,21,CAR,-5.5,46.5,41,0,21,20,1,ATL,0,Home,20,21,-1,-5.5,1
2014-09-07,2014,1,Atlanta Falcons,ATL,37,New Orleans Saints,NO,34,NO,-3,52,71,0,34,37,-3,ATL,0,Home,37,34,3,-3,1
2014-09-14,2014,2,Cincinnati Bengals,CIN,24,Atlanta Falcons,ATL,10,CIN,-5.5,49,34,0,24,10,14,ATL,0,Away,10,24,-14,-5.5,0
2014-09-18,2014,3,Atlanta Falcons,ATL,56,Tampa Bay Buccaneers,TB,14,ATL,-6.5,47,70,0,56,14,42,ATL,1,Home,56,14,42,6.5,1
2014-09-28,2014,4,Minnesota Vikings,MIN,41,Atlanta Falcons,ATL,28,ATL,-5.5,47.5,69,0,28,41,-13,ATL,1,Away,28,41,-13,5.5,0
2014-10-05,2014,5,New York Giants,NYG,30,Atlanta Falcons,ATL,20,NYG,-4,50.5,50,0,30,20,10,ATL,0,Away,20,30,-10,-4,0
2014-10-12,2014,6,Atlanta Falcons,ATL,13,Chicago Bears,CHI,27,ATL,-3.5,56,40,0,13,27,-14,ATL,1,Home,13,27,-14,3.5,0
2014-10-19,2014,7,Baltimore Ravens,BAL,29,Atlanta Falcons,ATL,7,BAL,-7,50,36,0,29,7,22,ATL,0,Away,7,29,-22,-7,0
2014-11-09,2014,10,Tampa Bay Buccaneers,TB,17,Atlanta Falcons,ATL,27,ATL,-3.5,47,44,0,27,17,10,ATL,1,Away,27,17,10,3.5,1
2014-11-16,2014,11,Carolina Panthers,CAR,17,Atlanta Falcons,ATL,19,ATL,-2.5,47,36,0,19,17,2,ATL,1,Away,19,17,2,2.5,0
2014-11-23,2014,12,Atlanta Falcons,ATL,24,Cleveland Browns,CLE,26,ATL,-3,48.5,50,0,24,26,-2,ATL,1,Home,24,26,-2,3,0
2014-11-30,2014,13,Atlanta Falcons,ATL,29,Arizona Cardinals,ARI,18,ARI,-1.5,45,47,0,18,29,-11,ATL,0,Home,29,18,11,-1.5,1
2014-12-08,2014,14,Green Bay Packers,GB,43,Atlanta Falcons,ATL,37,GB,-13.5,55,80,0,43,37,6,ATL,0,Away,37,43,-6,-13.5,1
2014-12-14,2014,15,Atlanta Falcons,ATL,20,Pittsburgh Steelers,PIT,27,PIT,-3,55.5,47,0,27,20,7,ATL,0,Home,20,27,-7,-3,0
2014-12-21,2014,16,New Orleans Saints,NO,14,Atlanta Falcons,ATL,30,NO,-6,56,44,0,14,30,-16,ATL,0,Away,30,14,16,-6,1
2014-12-28,2014,17,Atlanta Falcons,ATL,3,Carolina Panthers,CAR,34,ATL,-2.5,48,37,0,3,34,-31,ATL,1,Home,3,34,-31,2.5,0
2015-09-14,2015,1,Atlanta Falcons,ATL,26,Philadelphia Eagles,PHI,24,PHI,-3,56,50,0,24,26,-2,ATL,0,Home,26,24,2,-3,1
2015-09-20,2015,2,New York Giants,NYG,20,Atlanta Falcons,ATL,24,NYG,-2,50,44,0,20,24,-4,ATL,0,Away,24,20,4,-2,1
2015-09-27,2015,3,Dallas Cowboys,DAL,28,Atlanta Falcons,ATL,39,PICK,0,43.5,67,0,39,28,11,ATL,0,Away,39,28,11,0,1
2015-10-04,2015,4,Atlanta Falcons,ATL,48,Houston Texans,HOU,21,ATL,-4.5,47.5,69,0,48,21,27,ATL,1,Home,48,21,27,4.5,1
2015-10-11,2015,5,Atlanta Falcons,ATL,25,Washington Redskins,WAS,19,ATL,-7,48.5,44,0,25,19,6,ATL,1,Home,25,19,6,7,0
2015-10-15,2015,6,New Orleans Saints,NO,31,Atlanta Falcons,ATL,21,ATL,-3,52.5,52,0,21,31,-10,ATL,1,Away,21,31,-10,3,0
2015-10-25,2015,7,Tennessee Titans,TEN,7,Atlanta Falcons,ATL,10,ATL,-6,45.5,17,0,10,7,3,ATL,1,Away,10,7,3,6,0
2015-11-01,2015,8,Atlanta Falcons,ATL,20,Tampa Bay Buccaneers,TB,23,ATL,-8,47.5,43,0,20,23,-3,ATL,1,Home,20,23,-3,8,0
2015-11-08,2015,9,San Francisco 49ers,SF,17,Atlanta Falcons,ATL,16,ATL,-8.5,43.5,33,0,16,17,-1,ATL,1,Away,16,17,-1,8.5,0
2015-11-22,2015,11,Atlanta Falcons,ATL,21,Indianapolis Colts,IND,24,ATL,-3.5,47.5,45,0,21,24,-3,ATL,1,Home,21,24,-3,3.5,0
2015-11-29,2015,12,Atlanta Falcons,ATL,10,Minnesota Vikings,MIN,20,ATL,-2,45,30,0,10,20,-10,ATL,1,Home,10,20,-10,2,0
2015-12-06,2015,13,Tampa Bay Buccaneers,TB,23,Atlanta Falcons,ATL,19,PICK,0,46.5,42,0,19,23,-4,ATL,0,Away,19,23,-4,0,0
2015-12-13,2015,14,Carolina Panthers,CAR,38,Atlanta Falcons,ATL,0,CAR,-8.5,45.5,38,0,38,0,38,ATL,0,Away,0,38,-38,-8.5,0
2015-12-20,2015,15,Jacksonville Jaguars,JAX,17,Atlanta Falcons,ATL,23,JAX,-2,48,40,0,17,23,-6,ATL,0,Away,23,17,6,-2,1
2015-12-27,2015,16,Atlanta Falcons,ATL,20,Carolina Panthers,CAR,13,CAR,-7,46,33,0,13,20,-7,ATL,0,Home,20,13,7,-7,1
2016-01-03,2015,17,Atlanta Falcons,ATL,17,New Orleans Saints,NO,20,ATL,-6,53.5,37,0,17,20,-3,ATL,1,Home,17,20,-3,6,0
2016-09-11,2016,1,Atlanta Falcons,ATL,24,Tampa Bay Buccaneers,TB,31,ATL,-2.5,47,55,0,24,31,-7,ATL,1,Home,24,31,-7,2.5,0
2016-09-18,2016,2,Oakland Raiders,OAK,28,Atlanta Falcons,ATL,35,OAK,-4,48,63,0,28,35,-7,ATL,0,Away,35,28,7,-4,1
2016-09-26,2016,3,New Orleans Saints,NO,32,Atlanta Falcons,ATL,45,NO,-3,54.5,77,0,32,45,-13,ATL,0,Away,45,32,13,-3,1
2016-10-02,2016,4,Atlanta Falcons,ATL,48,Carolina Panthers,CAR,33,CAR,-3,48.5,81,0,33,48,-15,ATL,0,Home,48,33,15,-3,1
2016-10-09,2016,5,Denver Broncos,DEN,16,Atlanta Falcons,ATL,23,DEN,-3.5,44.5,39,0,16,23,-7,ATL,0,Away,23,16,7,-3.5,1
2016-10-16,2016,6,Seattle Seahawks,SEA,26,Atlanta Falcons,ATL,24,SEA,-7,45.5,50,0,26,24,2,ATL,0,Away,24,26,-2,-7,1
2016-10-23,2016,7,Atlanta Falcons,ATL,30,San Diego Chargers,LAC,33,ATL,-4.5,52.5,63,0,30,33,-3,ATL,1,Home,30,33,-3,4.5,0
2016-10-30,2016,8,Atlanta Falcons,ATL,33,Green Bay Packers,GB,32,ATL,-3,51,65,0,33,32,1,ATL,1,Home,33,32,1,3,0
2016-11-03,2016,9,Tampa Bay Buccaneers,TB,28,Atlanta Falcons,ATL,43,ATL,-4.5,49,71,0,43,28,15,ATL,1,Away,43,28,15,4.5,1
2016-11-13,2016,10,Philadelphia Eagles,PHI,24,Atlanta Falcons,ATL,15,PHI,-1.5,49,39,0,24,15,9,ATL,0,Away,15,24,-9,-1.5,0
2016-11-27,2016,12,Atlanta Falcons,ATL,38,Arizona Cardinals,ARI,19,ATL,-4,49,57,0,38,19,19,ATL,1,Home,38,19,19,4,1
2016-12-04,2016,13,Atlanta Falcons,ATL,28,Kansas City Chiefs,KC,29,ATL,-5,50,57,0,28,29,-1,ATL,1,Home,28,29,-1,5,0
2016-12-11,2016,14,Los Angeles Rams,LAR,14,Atlanta Falcons,ATL,42,ATL,-5,44,56,0,42,14,28,ATL,1,Away,42,14,28,5,1
2016-12-18,2016,15,Atlanta Falcons,ATL,41,San Francisco 49ers,SF,13,ATL,-13.5,51.5,54,0,41,13,28,ATL,1,Home,41,13,28,13.5,1
2016-12-24,2016,16,Carolina Panthers,CAR,16,Atlanta Falcons,ATL,33,ATL,-3,49,49,0,33,16,17,ATL,1,Away,33,16,17,3,1
2017-01-01,2016,17,Atlanta Falcons,ATL,38,New Orleans Saints,NO,32,ATL,-7.5,58.5,70,0,38,32,6,ATL,1,Home,38,32,6,7.5,0
2017-09-10,2017,1,Chicago Bears,CHI,17,Atlanta Falcons,ATL,23,ATL,-7,49.5,40,0,23,17,6,ATL,1,Away,23,17,6,7,0
2017-09-17,2017,2,Atlanta Falcons,ATL,34,Green Bay Packers,GB,23,ATL,-2.5,41,57,0,34,23,11,ATL,1,Home,34,23,11,2.5,1
2017-09-24,2017,3,Detroit Lions,DET,26,Atlanta Falcons,ATL,30,ATL,-3,51,56,0,30,26,4,ATL,1,Away,30,26,4,3,1
2017-10-01,2017,4,Atlanta Falcons,ATL,17,Buffalo Bills,BUF,23,ATL,-8,48.5,40,0,17,23,-6,ATL,1,Home,17,23,-6,8,0
2017-10-15,2017,6,Atlanta Falcons,ATL,17,Miami Dolphins,MIA,20,ATL,-13.5,45.5,37,0,17,20,-3,ATL,1,Home,17,20,-3,13.5,0
2017-10-22,2017,7,New England Patriots,NE,23,Atlanta Falcons,ATL,7,NE,-3,56.5,30,0,23,7,16,ATL,0,Away,7,23,-16,-3,0
2017-10-29,2017,8,New York Jets,NYJ,20,Atlanta Falcons,ATL,25,ATL,-4.5,46,45,0,25,20,5,ATL,1,Away,25,20,5,4.5,1
2017-11-05,2017,9,Carolina Panthers,CAR,20,Atlanta Falcons,ATL,17,ATL,-3,42,37,0,17,20,-3,ATL,1,Away,17,20,-3,3,0
2017-11-12,2017,10,Atlanta Falcons,ATL,27,Dallas Cowboys,DAL,7,ATL,-3.5,49,34,0,27,7,20,ATL,1,Home,27,7,20,3.5,1
2017-11-20,2017,11,Seattle Seahawks,SEA,31,Atlanta Falcons,ATL,34,SEA,-2,45.5,65,0,31,34,-3,ATL,0,Away,34,31,3,-2,1
2017-11-26,2017,12,Atlanta Falcons,ATL,34,Tampa Bay Buccaneers,TB,20,ATL,-10,48.5,54,0,34,20,14,ATL,1,Home,34,20,14,10,1
2017-12-03,2017,13,Atlanta Falcons,ATL,9,Minnesota Vikings,MIN,14,ATL,-3,47,23,0,9,14,-5,ATL,1,Home,9,14,-5,3,0
2017-12-07,2017,14,Atlanta Falcons,ATL,20,New Orleans Saints,NO,17,ATL,-2.5,51.5,37,0,20,17,3,ATL,1,Home,20,17,3,2.5,1
2017-12-18,2017,15,Tampa Bay Buccaneers,TB,21,Atlanta Falcons,ATL,24,ATL,-7,49.5,45,0,24,21,3,ATL,1,Away,24,21,3,7,0
2017-12-24,2017,16,New Orleans Saints,NO,23,Atlanta Falcons,ATL,13,NO,-5.5,52,36,0,23,13,10,ATL,0,Away,13,23,-10,-5.5,0
2017-12-31,2017,17,Atlanta Falcons,ATL,22,Carolina Panthers,CAR,10,ATL,-5,44.5,32,0,22,10,12,ATL,1,Home,22,10,12,5,1
2018-09-06,2018,1,Philadelphia Eagles,PHI,18,Atlanta Falcons,ATL,12,PHI,-1,44.5,30,0,18,12,6,ATL,0,Away,12,18,-6,-1,0
2018-09-16,2018,2,Atlanta Falcons,ATL,31,Carolina Panthers,CAR,24,ATL,-5.5,44,55,0,31,24,7,ATL,1,Home,31,24,7,5.5,1
2018-09-23,2018,3,Atlanta Falcons,ATL,37,New Orleans Saints,NO,43,ATL,-1.5,54,80,0,37,43,-6,ATL,1,Home,37,43,-6,1.5,0
2018-09-30,2018,4,Atlanta Falcons,ATL,36,Cincinnati Bengals,CIN,37,ATL,-3.5,52.5,73,0,36,37,-1,ATL,1,Home,36,37,-1,3.5,0
2018-10-07,2018,5,Pittsburgh Steelers,PIT,41,Atlanta Falcons,ATL,17,PIT,-3.5,57,58,0,41,17,24,ATL,0,Away,17,41,-24,-3.5,0
2018-10-14,2018,6,Atlanta Falcons,ATL,34,Tampa Bay Buccaneers,TB,29,ATL,-3,57,63,0,34,29,5,ATL,1,Home,34,29,5,3,1
2018-10-22,2018,7,Atlanta Falcons,ATL,23,New York Giants,NYG,20,ATL,-4,53,43,0,23,20,3,ATL,1,Home,23,20,3,4,0
2018-11-04,2018,9,Washington Redskins,WAS,14,Atlanta Falcons,ATL,38,WAS,-1.5,46.5,52,0,14,38,-24,ATL,0,Away,38,14,24,-1.5,1
2018-11-11,2018,10,Cleveland Browns,CLE,28,Atlanta Falcons,ATL,16,ATL,-5.5,49.5,44,0,16,28,-12,ATL,1,Away,16,28,-12,5.5,0
2018-11-18,2018,11,Atlanta Falcons,ATL,19,Dallas Cowboys,DAL,22,ATL,-3.5,50,41,0,19,22,-3,ATL,1,Home,19,22,-3,3.5,0
2018-11-22,2018,12,New Orleans Saints,NO,31,Atlanta Falcons,ATL,17,NO,-11.5,61.5,48,0,31,17,14,ATL,0,Away,17,31,-14,-11.5,0
2018-12-02,2018,13,Atlanta Falcons,ATL,16,Baltimore Ravens,BAL,26,ATL,-2.5,46.5,42,0,16,26,-10,ATL,1,Home,16,26,-10,2.5,0
2018-12-09,2018,14,Green Bay Packers,GB,34,Atlanta Falcons,ATL,20,GB,-4,50.5,54,0,34,20,14,ATL,0,Away,20,34,-14,-4,0
2018-12-16,2018,15,Atlanta Falcons,ATL,40,Arizona Cardinals,ARI,14,ATL,-10,43.5,54,0,40,14,26,ATL,1,Home,40,14,26,10,1
2018-12-23,2018,16,Carolina Panthers,CAR,10,Atlanta Falcons,ATL,24,ATL,-3,46,34,0,24,10,14,ATL,1,Away,24,10,14,3,1
2018-12-30,2018,17,Tampa Bay Buccaneers,TB,32,Atlanta Falcons,ATL,34,ATL,-2.5,51.5,66,0,34,32,2,ATL,1,Away,34,32,2,2.5,0
2019-09-08,2019,1,Minnesota Vikings,MIN,28,Atlanta Falcons,ATL,12,MIN,-3.5,47,40,0,28,12,16,ATL,0,Away,12,28,-16,-3.5,0
2019-09-15,2019,2,Atlanta Falcons,ATL,24,Philadelphia Eagles,PHI,20,PHI,-1,53,44,0,20,24,-4,ATL,0,Home,24,20,4,-1,1
2019-09-22,2019,3,Indianapolis Colts,IND,27,Atlanta Falcons,ATL,24,IND,-1.5,48,51,0,27,24,3,ATL,0,Away,24,27,-3,-1.5,0
2019-09-29,2019,4,Atlanta Falcons,ATL,10,Tennessee Titans,TEN,24,ATL,-3.5,46.5,34,0,10,24,-14,ATL,1,Home,10,24,-14,3.5,0
2019-10-06,2019,5,Houston Texans,HOU,53,Atlanta Falcons,ATL,32,HOU,-4,49,85,0,53,32,21,ATL,0,Away,32,53,-21,-4,0
2019-10-13,2019,6,Arizona Cardinals,ARI,34,Atlanta Falcons,ATL,33,ATL,-3,52,67,0,33,34,-1,ATL,1,Away,33,34,-1,3,0
2019-10-20,2019,7,Atlanta Falcons,ATL,10,Los Angeles Rams,LAR,37,LAR,-3,54.5,47,0,37,10,27,ATL,0,Home,10,37,-27,-3,0
2019-10-27,2019,8,Atlanta Falcons,ATL,20,Seattle Seahawks,SEA,27,SEA,-7.5,48.5,47,0,27,20,7,ATL,0,Home,20,27,-7,-7.5,1
2019-11-10,2019,10,New Orleans Saints,NO,9,Atlanta Falcons,ATL,26,NO,-13.5,51.5,35,0,9,26,-17,ATL,0,Away,26,9,17,-13.5,1
2019-11-17,2019,11,Carolina Panthers,CAR,3,Atlanta Falcons,ATL,29,CAR,-4,49,32,0,3,29,-26,ATL,0,Away,29,3,26,-4,1
2019-11-24,2019,12,Atlanta Falcons,ATL,22,Tampa Bay Buccaneers,TB,35,ATL,-3.5,51.5,57,0,22,35,-13,ATL,1,Home,22,35,-13,3.5,0
2019-11-28,2019,13,Atlanta Falcons,ATL,18,New Orleans Saints,NO,26,NO,-7,48,44,0,26,18,8,ATL,0,Home,18,26,-8,-7,0
2019-12-08,2019,14,Atlanta Falcons,ATL,40,Carolina Panthers,CAR,20,ATL,-3.5,48,60,0,40,20,20,ATL,1,Home,40,20,20,3.5,1
2019-12-15,2019,15,San Francisco 49ers,SF,22,Atlanta Falcons,ATL,29,SF,-10,49.5,51,0,22,29,-7,ATL,0,Away,29,22,7,-10,1
2019-12-22,2019,16,Atlanta Falcons,ATL,24,Jacksonville Jaguars,JAX,12,ATL,-7,48,36,0,24,12,12,ATL,1,Home,24,12,12,7,1
2019-12-29,2019,17,Tampa Bay Buccaneers,TB,22,Atlanta Falcons,ATL,28,TB,-1,48.5,50,0,22,28,-6,ATL,0,Away,28,22,6,-1,1
2000-09-03,2000,1,Buffalo Bills,BUF,16,Tennessee Titans,TEN,13,BUF,-1,40,29,0,16,13,3,BUF,1,Home,16,13,3,1,1
2000-09-10,2000,2,Buffalo Bills,BUF,27,Green Bay Packers,GB,18,BUF,-6,38.5,45,0,27,18,9,BUF,1,Home,27,18,9,6,1
2000-09-17,2000,3,New York Jets,NYJ,27,Buffalo Bills,BUF,14,NYJ,-1,38.5,41,0,27,14,13,BUF,0,Away,14,27,-13,-1,0
2000-10-01,2000,5,Buffalo Bills,BUF,16,Indianapolis Colts,IND,18,BUF,-1.5,44,34,0,16,18,-2,BUF,1,Home,16,18,-2,1.5,0
2000-10-08,2000,6,Miami Dolphins,MIA,22,Buffalo Bills,BUF,13,MIA,-2,34.5,35,0,22,13,9,BUF,0,Away,13,22,-9,-2,0
2000-10-15,2000,7,Buffalo Bills,BUF,27,San Diego Chargers,LAC,24,BUF,-10,36.5,51,0,27,24,3,BUF,1,Home,27,24,3,10,0
2000-10-22,2000,8,Minnesota Vikings,MIN,31,Buffalo Bills,BUF,27,MIN,-6.5,44.5,58,0,31,27,4,BUF,0,Away,27,31,-4,-6.5,1
2000-10-29,2000,9,Buffalo Bills,BUF,23,New York Jets,NYJ,20,BUF,-3.5,41,43,0,23,20,3,BUF,1,Home,23,20,3,3.5,0
2000-11-05,2000,10,New England Patriots,NE,13,Buffalo Bills,BUF,16,NE,-2,39,29,0,13,16,-3,BUF,0,Away,16,13,3,-2,1
2000-11-12,2000,11,Buffalo Bills,BUF,20,Chicago Bears,CHI,3,BUF,-7,39.5,23,0,20,3,17,BUF,1,Home,20,3,17,7,1
2000-11-19,2000,12,Kansas City Chiefs,KC,17,Buffalo Bills,BUF,21,KC,-3,42,38,0,17,21,-4,BUF,0,Away,21,17,4,-3,1
2000-11-26,2000,13,Tampa Bay Buccaneers,TB,31,Buffalo Bills,BUF,17,TB,-4,37,48,0,31,17,14,BUF,0,Away,17,31,-14,-4,0
2000-12-03,2000,14,Buffalo Bills,BUF,6,Miami Dolphins,MIA,33,BUF,-3.5,36,39,0,6,33,-27,BUF,1,Home,6,33,-27,3.5,0
2000-12-11,2000,15,Indianapolis Colts,IND,44,Buffalo Bills,BUF,20,IND,-6,45,64,0,44,20,24,BUF,0,Away,20,44,-24,-6,0
2000-12-17,2000,16,Buffalo Bills,BUF,10,New England Patriots,NE,13,BUF,-4.5,39,23,0,10,13,-3,BUF,1,Home,10,13,-3,4.5,0
2000-12-23,2000,17,Seattle Seahawks,SEA,23,Buffalo Bills,BUF,42,SEA,-3,42.5,65,0,23,42,-19,BUF,0,Away,42,23,19,-3,1
2001-09-09,2001,1,Buffalo Bills,BUF,6,New Orleans Saints,NO,24,NO,-1.5,37.5,30,0,24,6,18,BUF,0,Home,6,24,-18,-1.5,0
2001-09-23,2001,2,Indianapolis Colts,IND,42,Buffalo Bills,BUF,26,IND,-10,44.5,68,0,42,26,16,BUF,0,Away,26,42,-16,-10,0
2001-09-30,2001,3,Buffalo Bills,BUF,3,Pittsburgh Steelers,PIT,20,PIT,-3,36,23,0,20,3,17,BUF,0,Home,3,20,-17,-3,0
2001-10-07,2001,4,Buffalo Bills,BUF,36,New York Jets,NYJ,42,NYJ,-4.5,36,78,0,42,36,6,BUF,0,Home,36,42,-6,-4.5,0
2001-10-18,2001,6,Jacksonville Jaguars,JAX,10,Buffalo Bills,BUF,13,JAX,-9,38.5,23,0,10,13,-3,BUF,0,Away,13,10,3,-9,1
2001-10-28,2001,7,San Diego Chargers,LAC,27,Buffalo Bills,BUF,24,LAC,-7.5,39,51,0,27,24,3,BUF,0,Away,24,27,-3,-7.5,1
2001-11-04,2001,8,Buffalo Bills,BUF,14,Indianapolis Colts,IND,30,IND,-3,44.5,44,0,30,14,16,BUF,0,Home,14,30,-16,-3,0
2001-11-11,2001,9,New England Patriots,NE,21,Buffalo Bills,BUF,11,NE,-6,40,32,0,21,11,10,BUF,0,Away,11,21,-10,-6,0
2001-11-18,2001,10,Buffalo Bills,BUF,20,Seattle Seahawks,SEA,23,SEA,-3.5,39,43,0,23,20,3,BUF,0,Home,20,23,-3,-3.5,1
2001-11-25,2001,11,Buffalo Bills,BUF,27,Miami Dolphins,MIA,34,MIA,-5,36,61,0,34,27,7,BUF,0,Home,27,34,-7,-5,0
2001-12-02,2001,12,San Francisco 49ers,SF,35,Buffalo Bills,BUF,0,SF,-8.5,44.5,35,0,35,0,35,BUF,0,Away,0,35,-35,-8.5,0
2001-12-09,2001,13,Buffalo Bills,BUF,25,Carolina Panthers,CAR,24,BUF,-3.5,36.5,49,0,25,24,1,BUF,1,Home,25,24,1,3.5,0
2001-12-16,2001,14,Buffalo Bills,BUF,9,New England Patriots,NE,12,NE,-4,38,21,0,12,9,3,BUF,0,Home,9,12,-3,-4,1
2001-12-23,2001,15,Atlanta Falcons,ATL,33,Buffalo Bills,BUF,30,ATL,-4,41,63,0,33,30,3,BUF,0,Away,30,33,-3,-4,1
2001-12-30,2001,16,New York Jets,NYJ,9,Buffalo Bills,BUF,14,NYJ,-7,37,23,0,9,14,-5,BUF,0,Away,14,9,5,-7,1
2002-01-06,2001,17,Miami Dolphins,MIA,34,Buffalo Bills,BUF,7,MIA,-6.5,36.5,41,0,34,7,27,BUF,0,Away,7,34,-27,-6.5,0
2002-09-08,2002,1,Buffalo Bills,BUF,31,New York Jets,NYJ,37,NYJ,-3,43,68,0,37,31,6,BUF,0,Home,31,37,-6,-3,0
2002-09-15,2002,2,Minnesota Vikings,MIN,39,Buffalo Bills,BUF,45,MIN,-3.5,49,84,0,39,45,-6,BUF,0,Away,45,39,6,-3.5,1
2002-09-22,2002,3,Denver Broncos,DEN,28,Buffalo Bills,BUF,23,DEN,-7.5,47,51,0,28,23,5,BUF,0,Away,23,28,-5,-7.5,1
2002-09-29,2002,4,Buffalo Bills,BUF,33,Chicago Bears,CHI,27,BUF,-3,46.5,60,0,33,27,6,BUF,1,Home,33,27,6,3,1
2002-10-06,2002,5,Buffalo Bills,BUF,31,Oakland Raiders,OAK,49,OAK,-3,53.5,80,0,49,31,18,BUF,0,Home,31,49,-18,-3,0
2002-10-13,2002,6,Houston Texans,HOU,24,Buffalo Bills,BUF,31,BUF,-7,44,55,0,31,24,7,BUF,1,Away,31,24,7,7,0
2002-10-20,2002,7,Miami Dolphins,MIA,10,Buffalo Bills,BUF,23,MIA,-6,45.5,33,0,10,23,-13,BUF,0,Away,23,10,13,-6,1
2002-10-27,2002,8,Buffalo Bills,BUF,24,Detroit Lions,DET,17,BUF,-7.5,50,41,0,24,17,7,BUF,1,Home,24,17,7,7.5,0
2002-11-03,2002,9,Buffalo Bills,BUF,7,New England Patriots,NE,38,BUF,-3,47.5,45,0,7,38,-31,BUF,1,Home,7,38,-31,3,0
2002-11-17,2002,11,Kansas City Chiefs,KC,17,Buffalo Bills,BUF,16,KC,-3.5,52.5,33,0,17,16,1,BUF,0,Away,16,17,-1,-3.5,1
2002-11-24,2002,12,New York Jets,NYJ,31,Buffalo Bills,BUF,13,NYJ,-3,45.5,44,0,31,13,18,BUF,0,Away,13,31,-18,-3,0
2002-12-01,2002,13,Buffalo Bills,BUF,38,Miami Dolphins,MIA,21,MIA,-2,37,59,0,21,38,-17,BUF,0,Home,38,21,17,-2,1
2002-12-08,2002,14,New England Patriots,NE,27,Buffalo Bills,BUF,17,NE,-3.5,45,44,0,27,17,10,BUF,0,Away,17,27,-10,-3.5,0
2002-12-15,2002,15,Buffalo Bills,BUF,20,San Diego Chargers,LAC,13,BUF,-3,42.5,33,0,20,13,7,BUF,1,Home,20,13,7,3,1
2002-12-22,2002,16,Green Bay Packers,GB,10,Buffalo Bills,BUF,0,GB,-6.5,43.5,10,0,10,0,10,BUF,0,Away,0,10,-10,-6.5,0
2002-12-29,2002,17,Buffalo Bills,BUF,27,Cincinnati Bengals,CIN,9,BUF,-7.5,45,36,0,27,9,18,BUF,1,Home,27,9,18,7.5,1
2003-09-07,2003,1,Buffalo Bills,BUF,31,New England Patriots,NE,0,BUF,-1,44.5,31,0,31,0,31,BUF,1,Home,31,0,31,1,1
2003-09-14,2003,2,Jacksonville Jaguars,JAX,17,Buffalo Bills,BUF,38,BUF,-3,42,55,0,38,17,21,BUF,1,Away,38,17,21,3,1
2003-09-21,2003,3,Miami Dolphins,MIA,17,Buffalo Bills,BUF,7,MIA,-3,40.5,24,0,17,7,10,BUF,0,Away,7,17,-10,-3,0
2003-09-28,2003,4,Buffalo Bills,BUF,13,Philadelphia Eagles,PHI,23,BUF,-3,39.5,36,0,13,23,-10,BUF,1,Home,13,23,-10,3,0
2003-10-05,2003,5,Buffalo Bills,BUF,22,Cincinnati Bengals,CIN,16,BUF,-7,40,38,0,22,16,6,BUF,1,Home,22,16,6,7,0
2003-10-12,2003,6,New York Jets,NYJ,30,Buffalo Bills,BUF,3,BUF,-1,36.5,33,0,3,30,-27,BUF,1,Away,3,30,-27,1,0
2003-10-19,2003,7,Buffalo Bills,BUF,24,Washington Redskins,WAS,7,BUF,-3,38,31,0,24,7,17,BUF,1,Home,24,7,17,3,1
2003-10-26,2003,8,Kansas City Chiefs,KC,38,Buffalo Bills,BUF,5,KC,-5.5,43.5,43,0,38,5,33,BUF,0,Away,5,38,-33,-5.5,0
2003-11-09,2003,10,Dallas Cowboys,DAL,10,Buffalo Bills,BUF,6,DAL,-4,37,16,0,10,6,4,BUF,0,Away,6,10,-4,-4,0
2003-11-16,2003,11,Buffalo Bills,BUF,10,Houston Texans,HOU,12,BUF,-7,37.5,22,0,10,12,-2,BUF,1,Home,10,12,-2,7,0
2003-11-23,2003,12,Buffalo Bills,BUF,14,Indianapolis Colts,IND,17,IND,-3,38.5,31,0,17,14,3,BUF,0,Home,14,17,-3,-3,0
2003-11-30,2003,13,New York Giants,NYG,7,Buffalo Bills,BUF,24,NYG,-3,35.5,31,0,7,24,-17,BUF,0,Away,24,7,17,-3,1
2003-12-07,2003,14,Buffalo Bills,BUF,17,New York Jets,NYJ,6,BUF,-3,37,23,0,17,6,11,BUF,1,Home,17,6,11,3,1
2003-12-14,2003,15,Tennessee Titans,TEN,28,Buffalo Bills,BUF,26,TEN,-5,37,54,0,28,26,2,BUF,0,Away,26,28,-2,-5,1
2003-12-21,2003,16,Buffalo Bills,BUF,3,Miami Dolphins,MIA,20,BUF,-3,33,23,0,3,20,-17,BUF,1,Home,3,20,-17,3,0
2003-12-27,2003,17,New England Patriots,NE,31,Buffalo Bills,BUF,0,NE,-9.5,34.5,31,0,31,0,31,BUF,0,Away,0,31,-31,-9.5,0
2004-09-12,2004,1,Buffalo Bills,BUF,10,Jacksonville Jaguars,JAX,13,BUF,-3,35,23,0,10,13,-3,BUF,1,Home,10,13,-3,3,0
2004-09-19,2004,2,Oakland Raiders,OAK,13,Buffalo Bills,BUF,10,OAK,-3.5,37.5,23,0,13,10,3,BUF,0,Away,10,13,-3,-3.5,1
2004-10-03,2004,4,Buffalo Bills,BUF,17,New England Patriots,NE,31,NE,-5.5,35,48,0,31,17,14,BUF,0,Home,17,31,-14,-5.5,0
2004-10-10,2004,5,New York Jets,NYJ,16,Buffalo Bills,BUF,14,NYJ,-6.5,37,30,0,16,14,2,BUF,0,Away,14,16,-2,-6.5,1
2004-10-17,2004,6,Buffalo Bills,BUF,20,Miami Dolphins,MIA,13,BUF,-4.5,30,33,0,20,13,7,BUF,1,Home,20,13,7,4.5,1
2004-10-24,2004,7,Baltimore Ravens,BAL,20,Buffalo Bills,BUF,6,BAL,-4.5,31,26,0,20,6,14,BUF,0,Away,6,20,-14,-4.5,0
2004-10-31,2004,8,Buffalo Bills,BUF,38,Arizona Cardinals,ARI,14,BUF,-4.5,33.5,52,0,38,14,24,BUF,1,Home,38,14,24,4.5,1
2004-11-07,2004,9,Buffalo Bills,BUF,22,New York Jets,NYJ,17,NYJ,-3,34,39,0,17,22,-5,BUF,0,Home,22,17,5,-3,1
2004-11-14,2004,10,New England Patriots,NE,29,Buffalo Bills,BUF,6,NE,-7,38,35,0,29,6,23,BUF,0,Away,6,29,-23,-7,0
2004-11-21,2004,11,Buffalo Bills,BUF,37,St. Louis Rams,LAR,17,BUF,-2,40,54,0,37,17,20,BUF,1,Home,37,17,20,2,1
2004-11-28,2004,12,Seattle Seahawks,SEA,9,Buffalo Bills,BUF,38,SEA,-4,38,47,0,9,38,-29,BUF,0,Away,38,9,29,-4,1
2004-12-05,2004,13,Miami Dolphins,MIA,32,Buffalo Bills,BUF,42,BUF,-5,34,74,0,42,32,10,BUF,1,Away,42,32,10,5,1
2004-12-12,2004,14,Buffalo Bills,BUF,37,Cleveland Browns,CLE,7,BUF,-11,38.5,44,0,37,7,30,BUF,1,Home,37,7,30,11,1
2004-12-19,2004,15,Cincinnati Bengals,CIN,17,Buffalo Bills,BUF,33,BUF,-3,41,50,0,33,17,16,BUF,1,Away,33,17,16,3,1
2004-12-26,2004,16,San Francisco 49ers,SF,7,Buffalo Bills,BUF,41,BUF,-10,41.5,48,0,41,7,34,BUF,1,Away,41,7,34,10,1
2005-01-02,2004,17,Buffalo Bills,BUF,24,Pittsburgh Steelers,PIT,29,BUF,-9.5,33,53,0,24,29,-5,BUF,1,Home,24,29,-5,9.5,0
2005-09-11,2005,1,Buffalo Bills,BUF,22,Houston Texans,HOU,7,BUF,-4.5,39,29,0,22,7,15,BUF,1,Home,22,7,15,4.5,1
2005-09-18,2005,2,Tampa Bay Buccaneers,TB,19,Buffalo Bills,BUF,3,TB,-2.5,35,22,0,19,3,16,BUF,0,Away,3,19,-16,-2.5,0
2005-09-25,2005,3,Buffalo Bills,BUF,16,Atlanta Falcons,ATL,24,BUF,-3,36,40,0,16,24,-8,BUF,1,Home,16,24,-8,3,0
2005-10-09,2005,5,Buffalo Bills,BUF,20,Miami Dolphins,MIA,14,BUF,-2.5,33,34,0,20,14,6,BUF,1,Home,20,14,6,2.5,1
2005-10-16,2005,6,Buffalo Bills,BUF,27,New York Jets,NYJ,17,BUF,-3,33,44,0,27,17,10,BUF,1,Home,27,17,10,3,1
2005-10-23,2005,7,Oakland Raiders,OAK,38,Buffalo Bills,BUF,17,OAK,-3,42,55,0,38,17,21,BUF,0,Away,17,38,-21,-3,0
2005-10-30,2005,8,New England Patriots,NE,21,Buffalo Bills,BUF,16,NE,-7,43.5,37,0,21,16,5,BUF,0,Away,16,21,-5,-7,1
2005-11-13,2005,10,Buffalo Bills,BUF,14,Kansas City Chiefs,KC,3,BUF,-2.5,42.5,17,0,14,3,11,BUF,1,Home,14,3,11,2.5,1
2005-11-20,2005,11,San Diego Chargers,LAC,48,Buffalo Bills,BUF,10,LAC,-9,42,58,0,48,10,38,BUF,0,Away,10,48,-38,-9,0
2005-11-27,2005,12,Buffalo Bills,BUF,9,Carolina Panthers,CAR,13,CAR,-4,36.5,22,0,13,9,4,BUF,0,Home,9,13,-4,-4,0
2005-12-04,2005,13,Miami Dolphins,MIA,24,Buffalo Bills,BUF,23,MIA,-3,35.5,47,0,24,23,1,BUF,0,Away,23,24,-1,-3,1
2005-12-11,2005,14,Buffalo Bills,BUF,7,New England Patriots,NE,35,NE,-3.5,38,42,0,35,7,28,BUF,0,Home,7,35,-28,-3.5,0
2005-12-17,2005,15,Buffalo Bills,BUF,17,Denver Broncos,DEN,28,DEN,-8,35,45,0,28,17,11,BUF,0,Home,17,28,-11,-8,0
2005-12-24,2005,16,Cincinnati Bengals,CIN,27,Buffalo Bills,BUF,37,CIN,-13,44,64,0,27,37,-10,BUF,0,Away,37,27,10,-13,1
2006-01-01,2005,17,New York Jets,NYJ,30,Buffalo Bills,BUF,26,NYJ,-1.5,37.5,56,0,30,26,4,BUF,0,Away,26,30,-4,-1.5,0
2006-09-10,2006,1,New England Patriots,NE,19,Buffalo Bills,BUF,17,NE,-10,41,36,0,19,17,2,BUF,0,Away,17,19,-2,-10,1
2006-09-17,2006,2,Miami Dolphins,MIA,6,Buffalo Bills,BUF,16,MIA,-6.5,37,22,0,6,16,-10,BUF,0,Away,16,6,10,-6.5,1
2006-09-24,2006,3,Buffalo Bills,BUF,20,New York Jets,NYJ,28,BUF,-6,33,48,0,20,28,-8,BUF,1,Home,20,28,-8,6,0
2006-10-01,2006,4,Buffalo Bills,BUF,17,Minnesota Vikings,MIN,12,BUF,-1,34.5,29,0,17,12,5,BUF,1,Home,17,12,5,1,1
2006-10-08,2006,5,Chicago Bears,CHI,40,Buffalo Bills,BUF,7,CHI,-9.5,34.5,47,0,40,7,33,BUF,0,Away,7,40,-33,-9.5,0
2006-10-15,2006,6,Detroit Lions,DET,20,Buffalo Bills,BUF,17,BUF,-1,40.5,37,0,17,20,-3,BUF,1,Away,17,20,-3,1,0
2006-10-22,2006,7,Buffalo Bills,BUF,6,New England Patriots,NE,28,NE,-5.5,37,34,0,28,6,22,BUF,0,Home,6,28,-22,-5.5,0
2006-11-05,2006,9,Buffalo Bills,BUF,24,Green Bay Packers,GB,10,BUF,-3,41,34,0,24,10,14,BUF,1,Home,24,10,14,3,1
2006-11-12,2006,10,Indianapolis Colts,IND,17,Buffalo Bills,BUF,16,IND,-12.5,45,33,0,17,16,1,BUF,0,Away,16,17,-1,-12.5,1
2006-11-19,2006,11,Houston Texans,HOU,21,Buffalo Bills,BUF,24,HOU,-2.5,36.5,45,0,21,24,-3,BUF,0,Away,24,21,3,-2.5,1
2006-11-26,2006,12,Buffalo Bills,BUF,27,Jacksonville Jaguars,JAX,24,JAX,-3,35,51,0,24,27,-3,BUF,0,Home,27,24,3,-3,1
2006-12-03,2006,13,Buffalo Bills,BUF,21,San Diego Chargers,LAC,24,LAC,-5.5,42.5,45,0,24,21,3,BUF,0,Home,21,24,-3,-5.5,1
2006-12-10,2006,14,New York Jets,NYJ,13,Buffalo Bills,BUF,31,NYJ,-3.5,37.5,44,0,13,31,-18,BUF,0,Away,31,13,18,-3.5,1
2006-12-17,2006,15,Buffalo Bills,BUF,21,Miami Dolphins,MIA,0,BUF,-1,34.5,21,0,21,0,21,BUF,1,Home,21,0,21,1,1
2006-12-24,2006,16,Buffalo Bills,BUF,29,Tennessee Titans,TEN,30,BUF,-5.5,38,59,0,29,30,-1,BUF,1,Home,29,30,-1,5.5,0
2006-12-31,2006,17,Baltimore Ravens,BAL,19,Buffalo Bills,BUF,7,BAL,-9,37.5,26,0,19,7,12,BUF,0,Away,7,19,-12,-9,0
2007-09-09,2007,1,Buffalo Bills,BUF,14,Denver Broncos,DEN,15,DEN,-3,37,29,0,15,14,1,BUF,0,Home,14,15,-1,-3,1
2007-09-16,2007,2,Pittsburgh Steelers,PIT,26,Buffalo Bills,BUF,3,PIT,-10,39,29,0,26,3,23,BUF,0,Away,3,26,-23,-10,0
2007-09-23,2007,3,New England Patriots,NE,38,Buffalo Bills,BUF,7,NE,-16.5,41,45,0,38,7,31,BUF,0,Away,7,38,-31,-16.5,0
2007-09-30,2007,4,Buffalo Bills,BUF,17,New York Jets,NYJ,14,NYJ,-3,37,31,0,14,17,-3,BUF,0,Home,17,14,3,-3,1
2007-10-08,2007,5,Buffalo Bills,BUF,24,Dallas Cowboys,DAL,25,DAL,-11,45,49,0,25,24,1,BUF,0,Home,24,25,-1,-11,1
2007-10-21,2007,7,Buffalo Bills,BUF,19,Baltimore Ravens,BAL,14,BAL,-3,33.5,33,0,14,19,-5,BUF,0,Home,19,14,5,-3,1
2007-10-28,2007,8,New York Jets,NYJ,3,Buffalo Bills,BUF,13,NYJ,-3,38.5,16,0,3,13,-10,BUF,0,Away,13,3,10,-3,1
2007-11-04,2007,9,Buffalo Bills,BUF,33,Cincinnati Bengals,CIN,21,CIN,-1,44,54,0,21,33,-12,BUF,0,Home,33,21,12,-1,1
2007-11-11,2007,10,Miami Dolphins,MIA,10,Buffalo Bills,BUF,13,BUF,-2.5,40.5,23,0,13,10,3,BUF,1,Away,13,10,3,2.5,1
2007-11-18,2007,11,Buffalo Bills,BUF,10,New England Patriots,NE,56,NE,-16,46.5,66,0,56,10,46,BUF,0,Home,10,56,-46,-16,0
2007-11-25,2007,12,Jacksonville Jaguars,JAX,36,Buffalo Bills,BUF,14,JAX,-9,37,50,0,36,14,22,BUF,0,Away,14,36,-22,-9,0
2007-12-02,2007,13,Washington Redskins,WAS,16,Buffalo Bills,BUF,17,WAS,-6.5,37.5,33,0,16,17,-1,BUF,0,Away,17,16,1,-6.5,1
2007-12-09,2007,14,Buffalo Bills,BUF,38,Miami Dolphins,MIA,17,BUF,-7,34,55,0,38,17,21,BUF,1,Home,38,17,21,7,1
2007-12-16,2007,15,Cleveland Browns,CLE,8,Buffalo Bills,BUF,0,CLE,-5,37,8,0,8,0,8,BUF,0,Away,0,8,-8,-5,0
2007-12-23,2007,16,Buffalo Bills,BUF,21,New York Giants,NYG,38,NYG,-3,32,59,0,38,21,17,BUF,0,Home,21,38,-17,-3,0
2007-12-30,2007,17,Philadelphia Eagles,PHI,17,Buffalo Bills,BUF,9,PHI,-9,39,26,0,17,9,8,BUF,0,Away,9,17,-8,-9,1
2008-09-07,2008,1,Buffalo Bills,BUF,34,Seattle Seahawks,SEA,10,BUF,-1,38.5,44,0,34,10,24,BUF,1,Home,34,10,24,1,1
2008-09-14,2008,2,Jacksonville Jaguars,JAX,16,Buffalo Bills,BUF,20,JAX,-4,37,36,0,16,20,-4,BUF,0,Away,20,16,4,-4,1
2008-09-21,2008,3,Buffalo Bills,BUF,24,Oakland Raiders,OAK,23,BUF,-10,37.5,47,0,24,23,1,BUF,1,Home,24,23,1,10,0
2008-09-28,2008,4,St. Louis Rams,LAR,14,Buffalo Bills,BUF,31,BUF,-8.5,43.5,45,0,31,14,17,BUF,1,Away,31,14,17,8.5,1
2008-10-05,2008,5,Arizona Cardinals,ARI,41,Buffalo Bills,BUF,17,ARI,-2.5,44.5,58,0,41,17,24,BUF,0,Away,17,41,-24,-2.5,0
2008-10-19,2008,7,Buffalo Bills,BUF,23,San Diego Chargers,LAC,14,BUF,-1,45,37,0,23,14,9,BUF,1,Home,23,14,9,1,1
2008-10-26,2008,8,Miami Dolphins,MIA,25,Buffalo Bills,BUF,16,MIA,-1,41.5,41,0,25,16,9,BUF,0,Away,16,25,-9,-1,0
2008-11-02,2008,9,Buffalo Bills,BUF,17,New York Jets,NYJ,26,BUF,-5,43,43,0,17,26,-9,BUF,1,Home,17,26,-9,5,0
2008-11-09,2008,10,New England Patriots,NE,20,Buffalo Bills,BUF,10,NE,-3.5,41,30,0,20,10,10,BUF,0,Away,10,20,-10,-3.5,0
2008-11-17,2008,11,Buffalo Bills,BUF,27,Cleveland Browns,CLE,29,BUF,-5,40,56,0,27,29,-2,BUF,1,Home,27,29,-2,5,0
2008-11-23,2008,12,Kansas City Chiefs,KC,31,Buffalo Bills,BUF,54,BUF,-3,43.5,85,0,54,31,23,BUF,1,Away,54,31,23,3,1
2008-11-30,2008,13,Buffalo Bills,BUF,3,San Francisco 49ers,SF,10,BUF,-6.5,43,13,0,3,10,-7,BUF,1,Home,3,10,-7,6.5,0
2008-12-14,2008,15,New York Jets,NYJ,31,Buffalo Bills,BUF,27,NYJ,-8,41,58,0,31,27,4,BUF,0,Away,27,31,-4,-8,1
2008-12-21,2008,16,Denver Broncos,DEN,23,Buffalo Bills,BUF,30,DEN,-6.5,46.5,53,0,23,30,-7,BUF,0,Away,30,23,7,-6.5,1
2008-12-28,2008,17,Buffalo Bills,BUF,0,New England Patriots,NE,13,NE,-5.5,34.5,13,0,13,0,13,BUF,0,Home,0,13,-13,-5.5,0
2009-09-14,2009,1,New England Patriots,NE,25,Buffalo Bills,BUF,24,NE,-13.5,47.5,49,0,25,24,1,BUF,0,Away,24,25,-1,-13.5,1
2009-09-20,2009,2,Buffalo Bills,BUF,33,Tampa Bay Buccaneers,TB,20,BUF,-4,42,53,0,33,20,13,BUF,1,Home,33,20,13,4,1
2009-09-27,2009,3,Buffalo Bills,BUF,7,New Orleans Saints,NO,27,NO,-5.5,51.5,34,0,27,7,20,BUF,0,Home,7,27,-20,-5.5,0
2009-10-04,2009,4,Miami Dolphins,MIA,38,Buffalo Bills,BUF,10,MIA,-1.5,37.5,48,0,38,10,28,BUF,0,Away,10,38,-28,-1.5,0
2009-10-11,2009,5,Buffalo Bills,BUF,3,Cleveland Browns,CLE,6,BUF,-5.5,42,9,0,3,6,-3,BUF,1,Home,3,6,-3,5.5,0
2009-10-18,2009,6,New York Jets,NYJ,13,Buffalo Bills,BUF,16,NYJ,-9.5,35.5,29,0,13,16,-3,BUF,0,Away,16,13,3,-9.5,1
2009-10-25,2009,7,Carolina Panthers,CAR,9,Buffalo Bills,BUF,20,CAR,-7,37,29,0,9,20,-11,BUF,0,Away,20,9,11,-7,1
2009-11-01,2009,8,Buffalo Bills,BUF,10,Houston Texans,HOU,31,HOU,-3.5,41.5,41,0,31,10,21,BUF,0,Home,10,31,-21,-3.5,0
2009-11-15,2009,10,Tennessee Titans,TEN,41,Buffalo Bills,BUF,17,TEN,-7.5,41,58,0,41,17,24,BUF,0,Away,17,41,-24,-7.5,0
2009-11-22,2009,11,Jacksonville Jaguars,JAX,18,Buffalo Bills,BUF,15,JAX,-8.5,41,33,0,18,15,3,BUF,0,Away,15,18,-3,-8.5,1
2009-11-29,2009,12,Buffalo Bills,BUF,31,Miami Dolphins,MIA,14,MIA,-3.5,38.5,45,0,14,31,-17,BUF,0,Home,31,14,17,-3.5,1
2009-12-13,2009,14,Kansas City Chiefs,KC,10,Buffalo Bills,BUF,16,BUF,-2.5,38,26,0,16,10,6,BUF,1,Away,16,10,6,2.5,1
2009-12-20,2009,15,Buffalo Bills,BUF,10,New England Patriots,NE,17,NE,-7,41,27,0,17,10,7,BUF,0,Home,10,17,-7,-7,0
2009-12-27,2009,16,Atlanta Falcons,ATL,31,Buffalo Bills,BUF,3,ATL,-8,40,34,0,31,3,28,BUF,0,Away,3,31,-28,-8,0
2010-01-03,2009,17,Buffalo Bills,BUF,30,Indianapolis Colts,IND,7,BUF,-8,32,37,0,30,7,23,BUF,1,Home,30,7,23,8,1
2010-09-12,2010,1,Buffalo Bills,BUF,10,Miami Dolphins,MIA,15,MIA,-3,39,25,0,15,10,5,BUF,0,Home,10,15,-5,-3,0
2010-09-19,2010,2,Green Bay Packers,GB,34,Buffalo Bills,BUF,7,GB,-13,43,41,0,34,7,27,BUF,0,Away,7,34,-27,-13,0
2010-09-26,2010,3,New England Patriots,NE,38,Buffalo Bills,BUF,30,NE,-14.5,43,68,0,38,30,8,BUF,0,Away,30,38,-8,-14.5,1
2010-10-03,2010,4,Buffalo Bills,BUF,14,New York Jets,NYJ,38,NYJ,-6,37,52,0,38,14,24,BUF,0,Home,14,38,-24,-6,0
2010-10-10,2010,5,Buffalo Bills,BUF,26,Jacksonville Jaguars,JAX,36,BUF,-2.5,41.5,62,0,26,36,-10,BUF,1,Home,26,36,-10,2.5,0
2010-10-24,2010,7,Baltimore Ravens,BAL,37,Buffalo Bills,BUF,34,BAL,-12.5,40,71,0,37,34,3,BUF,0,Away,34,37,-3,-12.5,1
2010-10-31,2010,8,Kansas City Chiefs,KC,13,Buffalo Bills,BUF,10,KC,-7,46,23,0,13,10,3,BUF,0,Away,10,13,-3,-7,1
2010-11-14,2010,10,Buffalo Bills,BUF,14,Detroit Lions,DET,12,BUF,-1.5,45,26,0,14,12,2,BUF,1,Home,14,12,2,1.5,1
2010-11-21,2010,11,Cincinnati Bengals,CIN,31,Buffalo Bills,BUF,49,CIN,-4,41,80,0,31,49,-18,BUF,0,Away,49,31,18,-4,1
2010-11-28,2010,12,Buffalo Bills,BUF,16,Pittsburgh Steelers,PIT,19,PIT,-7,44,35,0,19,16,3,BUF,0,Home,16,19,-3,-7,1
2010-12-05,2010,13,Minnesota Vikings,MIN,38,Buffalo Bills,BUF,14,MIN,-5,44,52,0,38,14,24,BUF,0,Away,14,38,-24,-5,0
2010-12-12,2010,14,Buffalo Bills,BUF,13,Cleveland Browns,CLE,6,PICK,0,39,19,0,6,13,-7,BUF,0,Home,13,6,7,0,1
2010-12-19,2010,15,Miami Dolphins,MIA,14,Buffalo Bills,BUF,17,MIA,-5.5,40,31,0,14,17,-3,BUF,0,Away,17,14,3,-5.5,1
2010-12-26,2010,16,Buffalo Bills,BUF,3,New England Patriots,NE,34,NE,-9,45.5,37,0,34,3,31,BUF,0,Home,3,34,-31,-9,0
2011-01-02,2010,17,New York Jets,NYJ,38,Buffalo Bills,BUF,7,NYJ,-1.5,38,45,0,38,7,31,BUF,0,Away,7,38,-31,-1.5,0
2011-09-11,2011,1,Kansas City Chiefs,KC,7,Buffalo Bills,BUF,41,KC,-3.5,40,48,0,7,41,-34,BUF,0,Away,41,7,34,-3.5,1
2011-09-18,2011,2,Buffalo Bills,BUF,38,Oakland Raiders,OAK,35,BUF,-4,41,73,0,38,35,3,BUF,1,Home,38,35,3,4,0
2011-09-25,2011,3,Buffalo Bills,BUF,34,New England Patriots,NE,31,NE,-7.5,54.5,65,0,31,34,-3,BUF,0,Home,34,31,3,-7.5,1
2011-10-02,2011,4,Cincinnati Bengals,CIN,23,Buffalo Bills,BUF,20,BUF,-3,43,43,0,20,23,-3,BUF,1,Away,20,23,-3,3,0
2011-10-09,2011,5,Buffalo Bills,BUF,31,Philadelphia Eagles,PHI,24,PHI,-3,53,55,0,24,31,-7,BUF,0,Home,31,24,7,-3,1
2011-10-16,2011,6,New York Giants,NYG,27,Buffalo Bills,BUF,24,NYG,-3,49,51,0,27,24,3,BUF,0,Away,24,27,-3,-3,0
2011-11-06,2011,9,Buffalo Bills,BUF,11,New York Jets,NYJ,27,BUF,-2.5,45,38,0,11,27,-16,BUF,1,Home,11,27,-16,2.5,0
2011-11-13,2011,10,Dallas Cowboys,DAL,44,Buffalo Bills,BUF,7,DAL,-4.5,49,51,0,44,7,37,BUF,0,Away,7,44,-37,-4.5,0
2011-11-20,2011,11,Miami Dolphins,MIA,35,Buffalo Bills,BUF,8,MIA,-3,44,43,0,35,8,27,BUF,0,Away,8,35,-27,-3,0
2011-11-27,2011,12,New York Jets,NYJ,28,Buffalo Bills,BUF,24,NYJ,-9.5,42.5,52,0,28,24,4,BUF,0,Away,24,28,-4,-9.5,1
2011-12-04,2011,13,Buffalo Bills,BUF,17,Tennessee Titans,TEN,23,BUF,-1,44,40,0,17,23,-6,BUF,1,Home,17,23,-6,1,0
2011-12-11,2011,14,San Diego Chargers,LAC,37,Buffalo Bills,BUF,10,LAC,-7,49,47,0,37,10,27,BUF,0,Away,10,37,-27,-7,0
2011-12-18,2011,15,Buffalo Bills,BUF,23,Miami Dolphins,MIA,30,BUF,-1.5,40.5,53,0,23,30,-7,BUF,1,Home,23,30,-7,1.5,0
2011-12-24,2011,16,Buffalo Bills,BUF,40,Denver Broncos,DEN,14,DEN,-3,43.5,54,0,14,40,-26,BUF,0,Home,40,14,26,-3,1
2012-01-01,2011,17,New England Patriots,NE,49,Buffalo Bills,BUF,21,NE,-10,50,70,0,49,21,28,BUF,0,Away,21,49,-28,-10,0
2012-09-09,2012,1,New York Jets,NYJ,48,Buffalo Bills,BUF,28,NYJ,-3,39,76,0,48,28,20,BUF,0,Away,28,48,-20,-3,0
2012-09-16,2012,2,Buffalo Bills,BUF,35,Kansas City Chiefs,KC,17,BUF,-3,45,52,0,35,17,18,BUF,1,Home,35,17,18,3,1
2012-09-23,2012,3,Cleveland Browns,CLE,14,Buffalo Bills,BUF,24,BUF,-3,45,38,0,24,14,10,BUF,1,Away,24,14,10,3,1
2012-09-30,2012,4,Buffalo Bills,BUF,28,New England Patriots,NE,52,NE,-4.5,48.5,80,0,52,28,24,BUF,0,Home,28,52,-24,-4.5,0
2012-10-07,2012,5,San Francisco 49ers,SF,45,Buffalo Bills,BUF,3,SF,-10,45,48,0,45,3,42,BUF,0,Away,3,45,-42,-10,0
2012-10-14,2012,6,Arizona Cardinals,ARI,16,Buffalo Bills,BUF,19,ARI,-5,44,35,0,16,19,-3,BUF,0,Away,19,16,3,-5,1
2012-10-21,2012,7,Buffalo Bills,BUF,34,Tennessee Titans,TEN,35,BUF,-4.5,46.5,69,0,34,35,-1,BUF,1,Home,34,35,-1,4.5,0
2012-11-04,2012,9,Houston Texans,HOU,21,Buffalo Bills,BUF,9,HOU,-11.5,48,30,0,21,9,12,BUF,0,Away,9,21,-12,-11.5,0
2012-11-11,2012,10,New England Patriots,NE,37,Buffalo Bills,BUF,31,NE,-13.5,54,68,0,37,31,6,BUF,0,Away,31,37,-6,-13.5,1
2012-11-15,2012,11,Buffalo Bills,BUF,19,Miami Dolphins,MIA,14,BUF,-2.5,46,33,0,19,14,5,BUF,1,Home,19,14,5,2.5,1
2012-11-25,2012,12,Indianapolis Colts,IND,20,Buffalo Bills,BUF,13,IND,-3,51.5,33,0,20,13,7,BUF,0,Away,13,20,-7,-3,0
2012-12-02,2012,13,Buffalo Bills,BUF,34,Jacksonville Jaguars,JAX,18,BUF,-6,42,52,0,34,18,16,BUF,1,Home,34,18,16,6,1
2012-12-09,2012,14,Buffalo Bills,BUF,12,St. Louis Rams,LAR,15,BUF,-3,42.5,27,0,12,15,-3,BUF,1,Home,12,15,-3,3,0
2012-12-23,2012,16,Miami Dolphins,MIA,24,Buffalo Bills,BUF,10,MIA,-5,43,34,0,24,10,14,BUF,0,Away,10,24,-14,-5,0
2012-12-30,2012,17,Buffalo Bills,BUF,28,New York Jets,NYJ,9,BUF,-3.5,41,37,0,28,9,19,BUF,1,Home,28,9,19,3.5,1
2013-09-08,2013,1,Buffalo Bills,BUF,21,New England Patriots,NE,23,NE,-10.5,51.5,44,0,23,21,2,BUF,0,Home,21,23,-2,-10.5,1
2013-09-15,2013,2,Buffalo Bills,BUF,24,Carolina Panthers,CAR,23,CAR,-3.5,43.5,47,0,23,24,-1,BUF,0,Home,24,23,1,-3.5,1
2013-09-22,2013,3,New York Jets,NYJ,27,Buffalo Bills,BUF,20,NYJ,-2.5,41,47,0,27,20,7,BUF,0,Away,20,27,-7,-2.5,0
2013-09-29,2013,4,Buffalo Bills,BUF,23,Baltimore Ravens,BAL,20,BAL,-4,45,43,0,20,23,-3,BUF,0,Home,23,20,3,-4,1
2013-10-03,2013,5,Cleveland Browns,CLE,37,Buffalo Bills,BUF,24,CLE,-4,41,61,0,37,24,13,BUF,0,Away,24,37,-13,-4,0
2013-10-13,2013,6,Buffalo Bills,BUF,24,Cincinnati Bengals,CIN,27,CIN,-6,41,51,0,27,24,3,BUF,0,Home,24,27,-3,-6,1
2013-10-20,2013,7,Miami Dolphins,MIA,21,Buffalo Bills,BUF,23,MIA,-6.5,44.5,44,0,21,23,-2,BUF,0,Away,23,21,2,-6.5,1
2013-10-27,2013,8,New Orleans Saints,NO,35,Buffalo Bills,BUF,17,NO,-10.5,48,52,0,35,17,18,BUF,0,Away,17,35,-18,-10.5,0
2013-11-03,2013,9,Buffalo Bills,BUF,13,Kansas City Chiefs,KC,23,KC,-4.5,41,36,0,23,13,10,BUF,0,Home,13,23,-10,-4.5,0
2013-11-10,2013,10,Pittsburgh Steelers,PIT,23,Buffalo Bills,BUF,10,PIT,-2.5,43,33,0,23,10,13,BUF,0,Away,10,23,-13,-2.5,0
2013-11-17,2013,11,Buffalo Bills,BUF,37,New York Jets,NYJ,14,NYJ,-2,39.5,51,0,14,37,-23,BUF,0,Home,37,14,23,-2,1
2013-12-08,2013,14,Tampa Bay Buccaneers,TB,27,Buffalo Bills,BUF,6,TB,-2.5,42.5,33,0,27,6,21,BUF,0,Away,6,27,-21,-2.5,0
2013-12-15,2013,15,Jacksonville Jaguars,JAX,20,Buffalo Bills,BUF,27,BUF,-4,43.5,47,0,27,20,7,BUF,1,Away,27,20,7,4,1
2013-12-22,2013,16,Buffalo Bills,BUF,19,Miami Dolphins,MIA,0,MIA,-1.5,42.5,19,0,0,19,-19,BUF,0,Home,19,0,19,-1.5,1
2013-12-29,2013,17,New England Patriots,NE,34,Buffalo Bills,BUF,20,NE,-7,46,54,0,34,20,14,BUF,0,Away,20,34,-14,-7,0
2014-09-07,2014,1,Chicago Bears,CHI,20,Buffalo Bills,BUF,23,CHI,-7,47,43,0,20,23,-3,BUF,0,Away,23,20,3,-7,1
2014-09-14,2014,2,Buffalo Bills,BUF,29,Miami Dolphins,MIA,10,BUF,-1,43,39,0,29,10,19,BUF,1,Home,29,10,19,1,1
2014-09-21,2014,3,Buffalo Bills,BUF,10,San Diego Chargers,LAC,22,BUF,-2.5,45.5,32,0,10,22,-12,BUF,1,Home,10,22,-12,2.5,0
2014-09-28,2014,4,Houston Texans,HOU,23,Buffalo Bills,BUF,17,HOU,-3,44,40,0,23,17,6,BUF,0,Away,17,23,-6,-3,0
2014-10-05,2014,5,Detroit Lions,DET,14,Buffalo Bills,BUF,17,DET,-4.5,43.5,31,0,14,17,-3,BUF,0,Away,17,14,3,-4.5,1
2014-10-12,2014,6,Buffalo Bills,BUF,22,New England Patriots,NE,37,BUF,-1,44.5,59,0,22,37,-15,BUF,1,Home,22,37,-15,1,0
2014-10-19,2014,7,Buffalo Bills,BUF,17,Minnesota Vikings,MIN,16,BUF,-7,43,33,0,17,16,1,BUF,1,Home,17,16,1,7,0
2014-10-26,2014,8,New York Jets,NYJ,23,Buffalo Bills,BUF,43,NYJ,-3,40.5,66,0,23,43,-20,BUF,0,Away,43,23,20,-3,1
2014-11-09,2014,10,Buffalo Bills,BUF,13,Kansas City Chiefs,KC,17,BUF,-2,42,30,0,13,17,-4,BUF,1,Home,13,17,-4,2,0
2014-11-13,2014,11,Miami Dolphins,MIA,22,Buffalo Bills,BUF,9,MIA,-4,41,31,0,22,9,13,BUF,0,Away,9,22,-13,-4,0
2014-11-24,2014,12,Buffalo Bills,BUF,38,New York Jets,NYJ,3,BUF,-2.5,42.5,41,0,38,3,35,BUF,1,Home,38,3,35,2.5,1
2014-11-30,2014,13,Buffalo Bills,BUF,26,Cleveland Browns,CLE,10,BUF,-3,42,36,0,26,10,16,BUF,1,Home,26,10,16,3,1
2014-12-07,2014,14,Denver Broncos,DEN,24,Buffalo Bills,BUF,17,DEN,-9,47,41,0,24,17,7,BUF,0,Away,17,24,-7,-9,1
2014-12-14,2014,15,Buffalo Bills,BUF,21,Green Bay Packers,GB,13,GB,-3.5,50,34,0,13,21,-8,BUF,0,Home,21,13,8,-3.5,1
2014-12-21,2014,16,Oakland Raiders,OAK,26,Buffalo Bills,BUF,24,BUF,-7,41.5,50,0,24,26,-2,BUF,1,Away,24,26,-2,7,0
2014-12-28,2014,17,New England Patriots,NE,9,Buffalo Bills,BUF,17,NE,-4.5,43.5,26,0,9,17,-8,BUF,0,Away,17,9,8,-4.5,1
2015-09-13,2015,1,Buffalo Bills,BUF,27,Indianapolis Colts,IND,14,IND,-1,44.5,41,0,14,27,-13,BUF,0,Home,27,14,13,-1,1
2015-09-20,2015,2,Buffalo Bills,BUF,32,New England Patriots,NE,40,BUF,-1,44.5,72,0,32,40,-8,BUF,1,Home,32,40,-8,1,0
2015-09-27,2015,3,Miami Dolphins,MIA,14,Buffalo Bills,BUF,41,MIA,-1,43.5,55,0,14,41,-27,BUF,0,Away,41,14,27,-1,1
2015-10-04,2015,4,Buffalo Bills,BUF,10,New York Giants,NYG,24,BUF,-6,46.5,34,0,10,24,-14,BUF,1,Home,10,24,-14,6,0
2015-10-11,2015,5,Tennessee Titans,TEN,13,Buffalo Bills,BUF,14,BUF,-1,43,27,0,14,13,1,BUF,1,Away,14,13,1,1,0
2015-10-18,2015,6,Buffalo Bills,BUF,21,Cincinnati Bengals,CIN,34,CIN,-3,42,55,0,34,21,13,BUF,0,Home,21,34,-13,-3,0
2015-11-08,2015,9,Buffalo Bills,BUF,33,Miami Dolphins,MIA,17,BUF,-4,44,50,0,33,17,16,BUF,1,Home,33,17,16,4,1
2015-11-12,2015,10,New York Jets,NYJ,17,Buffalo Bills,BUF,22,NYJ,-2.5,42,39,0,17,22,-5,BUF,0,Away,22,17,5,-2.5,1
2015-11-23,2015,11,New England Patriots,NE,20,Buffalo Bills,BUF,13,NE,-7,47.5,33,0,20,13,7,BUF,0,Away,13,20,-7,-7,0
2015-11-29,2015,12,Kansas City Chiefs,KC,30,Buffalo Bills,BUF,22,KC,-4.5,41,52,0,30,22,8,BUF,0,Away,22,30,-8,-4.5,0
2015-12-06,2015,13,Buffalo Bills,BUF,30,Houston Texans,HOU,21,BUF,-3,42,51,0,30,21,9,BUF,1,Home,30,21,9,3,1
2015-12-13,2015,14,Philadelphia Eagles,PHI,23,Buffalo Bills,BUF,20,PHI,-1,48.5,43,0,23,20,3,BUF,0,Away,20,23,-3,-1,0
2015-12-20,2015,15,Washington Redskins,WAS,35,Buffalo Bills,BUF,25,BUF,-2,46,60,0,25,35,-10,BUF,1,Away,25,35,-10,2,0
2015-12-27,2015,16,Buffalo Bills,BUF,16,Dallas Cowboys,DAL,6,BUF,-6.5,42,22,0,16,6,10,BUF,1,Home,16,6,10,6.5,1
2016-01-03,2015,17,Buffalo Bills,BUF,22,New York Jets,NYJ,17,NYJ,-3,41,39,0,17,22,-5,BUF,0,Home,22,17,5,-3,1
2016-09-11,2016,1,Baltimore Ravens,BAL,13,Buffalo Bills,BUF,7,BAL,-3,44.5,20,0,13,7,6,BUF,0,Away,7,13,-6,-3,0
2016-09-15,2016,2,Buffalo Bills,BUF,31,New York Jets,NYJ,37,PICK,0,40.5,68,0,37,31,6,BUF,0,Home,31,37,-6,0,0
2016-09-25,2016,3,Buffalo Bills,BUF,33,Arizona Cardinals,ARI,18,ARI,-5,48,51,0,18,33,-15,BUF,0,Home,33,18,15,-5,1
2016-10-02,2016,4,New England Patriots,NE,0,Buffalo Bills,BUF,16,NE,-3.5,41,16,0,0,16,-16,BUF,0,Away,16,0,16,-3.5,1
2016-10-09,2016,5,Los Angeles Rams,LAR,19,Buffalo Bills,BUF,30,BUF,-2.5,41.5,49,0,30,19,11,BUF,1,Away,30,19,11,2.5,1
2016-10-16,2016,6,Buffalo Bills,BUF,45,San Francisco 49ers,SF,16,BUF,-7.5,44,61,0,45,16,29,BUF,1,Home,45,16,29,7.5,1
2016-10-23,2016,7,Miami Dolphins,MIA,28,Buffalo Bills,BUF,25,BUF,-2.5,46,53,0,25,28,-3,BUF,1,Away,25,28,-3,2.5,0
2016-10-30,2016,8,Buffalo Bills,BUF,25,New England Patriots,NE,41,NE,-5.5,48,66,0,41,25,16,BUF,0,Home,25,41,-16,-5.5,0
2016-11-07,2016,9,Seattle Seahawks,SEA,31,Buffalo Bills,BUF,25,SEA,-5.5,43.5,56,0,31,25,6,BUF,0,Away,25,31,-6,-5.5,0
2016-11-20,2016,11,Cincinnati Bengals,CIN,12,Buffalo Bills,BUF,16,CIN,-2.5,48,28,0,12,16,-4,BUF,0,Away,16,12,4,-2.5,1
2016-11-27,2016,12,Buffalo Bills,BUF,28,Jacksonville Jaguars,JAX,21,BUF,-8.5,44,49,0,28,21,7,BUF,1,Home,28,21,7,8.5,0
2016-12-04,2016,13,Oakland Raiders,OAK,38,Buffalo Bills,BUF,24,OAK,-3,48.5,62,0,38,24,14,BUF,0,Away,24,38,-14,-3,0
2016-12-11,2016,14,Buffalo Bills,BUF,20,Pittsburgh Steelers,PIT,27,PIT,-2,45.5,47,0,27,20,7,BUF,0,Home,20,27,-7,-2,0
2016-12-18,2016,15,Buffalo Bills,BUF,33,Cleveland Browns,CLE,13,BUF,-10.5,43,46,0,33,13,20,BUF,1,Home,33,13,20,10.5,1
2016-12-24,2016,16,Buffalo Bills,BUF,31,Miami Dolphins,MIA,34,BUF,-4.5,44.5,65,0,31,34,-3,BUF,1,Home,31,34,-3,4.5,0
2017-01-01,2016,17,New York Jets,NYJ,30,Buffalo Bills,BUF,10,BUF,-3.5,43,40,0,10,30,-20,BUF,1,Away,10,30,-20,3.5,0
2017-09-10,2017,1,Buffalo Bills,BUF,21,New York Jets,NYJ,12,BUF,-9.5,40,33,0,21,12,9,BUF,1,Home,21,12,9,9.5,0
2017-09-17,2017,2,Carolina Panthers,CAR,9,Buffalo Bills,BUF,3,CAR,-7,42.5,12,0,9,3,6,BUF,0,Away,3,9,-6,-7,1
2017-09-24,2017,3,Buffalo Bills,BUF,26,Denver Broncos,DEN,16,DEN,-3,40,42,0,16,26,-10,BUF,0,Home,26,16,10,-3,1
2017-10-01,2017,4,Atlanta Falcons,ATL,17,Buffalo Bills,BUF,23,ATL,-8,48.5,40,0,17,23,-6,BUF,0,Away,23,17,6,-8,1
2017-10-08,2017,5,Cincinnati Bengals,CIN,20,Buffalo Bills,BUF,16,CIN,-3,39,36,0,20,16,4,BUF,0,Away,16,20,-4,-3,0
2017-10-22,2017,7,Buffalo Bills,BUF,30,Tampa Bay Buccaneers,TB,27,BUF,-3,45.5,57,0,30,27,3,BUF,1,Home,30,27,3,3,0
2017-10-29,2017,8,Buffalo Bills,BUF,34,Oakland Raiders,OAK,14,BUF,-2.5,45.5,48,0,34,14,20,BUF,1,Home,34,14,20,2.5,1
2017-11-02,2017,9,New York Jets,NYJ,34,Buffalo Bills,BUF,21,BUF,-3,43,55,0,21,34,-13,BUF,1,Away,21,34,-13,3,0
2017-11-12,2017,10,Buffalo Bills,BUF,10,New Orleans Saints,NO,47,NO,-2,48.5,57,0,47,10,37,BUF,0,Home,10,47,-37,-2,0
2017-11-19,2017,11,Los Angeles Chargers,LAC,54,Buffalo Bills,BUF,24,LAC,-6.5,41,78,0,54,24,30,BUF,0,Away,24,54,-30,-6.5,0
2017-11-26,2017,12,Kansas City Chiefs,KC,10,Buffalo Bills,BUF,16,KC,-10,46,26,0,10,16,-6,BUF,0,Away,16,10,6,-10,1
2017-12-03,2017,13,Buffalo Bills,BUF,3,New England Patriots,NE,23,NE,-9,48,26,0,23,3,20,BUF,0,Home,3,23,-20,-9,0
2017-12-10,2017,14,Buffalo Bills,BUF,13,Indianapolis Colts,IND,7,BUF,-3.5,36.5,20,0,13,7,6,BUF,1,Home,13,7,6,3.5,1
2017-12-17,2017,15,Buffalo Bills,BUF,24,Miami Dolphins,MIA,16,BUF,-3.5,39.5,40,0,24,16,8,BUF,1,Home,24,16,8,3.5,1
2017-12-24,2017,16,New England Patriots,NE,37,Buffalo Bills,BUF,16,NE,-11,47.5,53,0,37,16,21,BUF,0,Away,16,37,-21,-11,0
2017-12-31,2017,17,Miami Dolphins,MIA,16,Buffalo Bills,BUF,22,BUF,-2.5,41.5,38,0,22,16,6,BUF,1,Away,22,16,6,2.5,1
2018-09-09,2018,1,Baltimore Ravens,BAL,47,Buffalo Bills,BUF,3,BAL,-7.5,39,50,0,47,3,44,BUF,0,Away,3,47,-44,-7.5,0
2018-09-16,2018,2,Buffalo Bills,BUF,20,Los Angeles Chargers,LAC,31,LAC,-7.5,41.5,51,0,31,20,11,BUF,0,Home,20,31,-11,-7.5,0
2018-09-23,2018,3,Minnesota Vikings,MIN,6,Buffalo Bills,BUF,27,MIN,-16.5,41,33,0,6,27,-21,BUF,0,Away,27,6,21,-16.5,1
2018-09-30,2018,4,Green Bay Packers,GB,22,Buffalo Bills,BUF,0,GB,-8.5,43.5,22,0,22,0,22,BUF,0,Away,0,22,-22,-8.5,0
2018-10-07,2018,5,Buffalo Bills,BUF,13,Tennessee Titans,TEN,12,TEN,-6,38.5,25,0,12,13,-1,BUF,0,Home,13,12,1,-6,1
2018-10-14,2018,6,Houston Texans,HOU,20,Buffalo Bills,BUF,13,HOU,-10.5,40.5,33,0,20,13,7,BUF,0,Away,13,20,-7,-10.5,1
2018-10-21,2018,7,Indianapolis Colts,IND,37,Buffalo Bills,BUF,5,IND,-7,43.5,42,0,37,5,32,BUF,0,Away,5,37,-32,-7,0
2018-10-29,2018,8,Buffalo Bills,BUF,6,New England Patriots,NE,25,NE,-13.5,44.5,31,0,25,6,19,BUF,0,Home,6,25,-19,-13.5,0
2018-11-04,2018,9,Buffalo Bills,BUF,9,Chicago Bears,CHI,41,CHI,-10.5,38,50,0,41,9,32,BUF,0,Home,9,41,-32,-10.5,0
2018-11-11,2018,10,New York Jets,NYJ,10,Buffalo Bills,BUF,41,NYJ,-7,38,51,0,10,41,-31,BUF,0,Away,41,10,31,-7,1
2018-11-25,2018,12,Buffalo Bills,BUF,24,Jacksonville Jaguars,JAX,21,JAX,-3,36.5,45,0,21,24,-3,BUF,0,Home,24,21,3,-3,1
2018-12-02,2018,13,Miami Dolphins,MIA,21,Buffalo Bills,BUF,17,MIA,-3.5,40,38,0,21,17,4,BUF,0,Away,17,21,-4,-3.5,0
2018-12-09,2018,14,Buffalo Bills,BUF,23,New York Jets,NYJ,27,BUF,-4.5,37,50,0,23,27,-4,BUF,1,Home,23,27,-4,4.5,0
2018-12-16,2018,15,Buffalo Bills,BUF,14,Detroit Lions,DET,13,BUF,-2.5,40,27,0,14,13,1,BUF,1,Home,14,13,1,2.5,0
2018-12-23,2018,16,New England Patriots,NE,24,Buffalo Bills,BUF,12,NE,-13.5,45,36,0,24,12,12,BUF,0,Away,12,24,-12,-13.5,1
2018-12-30,2018,17,Buffalo Bills,BUF,42,Miami Dolphins,MIA,17,BUF,-5.5,39.5,59,0,42,17,25,BUF,1,Home,42,17,25,5.5,1
2019-09-08,2019,1,New York Jets,NYJ,16,Buffalo Bills,BUF,17,NYJ,-2.5,41,33,0,16,17,-1,BUF,0,Away,17,16,1,-2.5,1
2019-09-15,2019,2,New York Giants,NYG,14,Buffalo Bills,BUF,28,BUF,-1,44.5,42,0,28,14,14,BUF,1,Away,28,14,14,1,1
2019-09-22,2019,3,Buffalo Bills,BUF,21,Cincinnati Bengals,CIN,17,BUF,-6,43.5,38,0,21,17,4,BUF,1,Home,21,17,4,6,0
2019-09-29,2019,4,Buffalo Bills,BUF,10,New England Patriots,NE,16,NE,-7,41.5,26,0,16,10,6,BUF,0,Home,10,16,-6,-7,1
2019-10-06,2019,5,Tennessee Titans,TEN,7,Buffalo Bills,BUF,14,TEN,-3,39.5,21,0,7,14,-7,BUF,0,Away,14,7,7,-3,1
2019-10-20,2019,7,Buffalo Bills,BUF,31,Miami Dolphins,MIA,21,BUF,-17,42.5,52,0,31,21,10,BUF,1,Home,31,21,10,17,0
2019-10-27,2019,8,Buffalo Bills,BUF,13,Philadelphia Eagles,PHI,31,BUF,-1,39.5,44,0,13,31,-18,BUF,1,Home,13,31,-18,1,0
2019-11-03,2019,9,Buffalo Bills,BUF,24,Washington Redskins,WAS,9,BUF,-10.5,37,33,0,24,9,15,BUF,1,Home,24,9,15,10.5,1
2019-11-10,2019,10,Cleveland Browns,CLE,19,Buffalo Bills,BUF,16,CLE,-3,42,35,0,19,16,3,BUF,0,Away,16,19,-3,-3,0
2019-11-17,2019,11,Miami Dolphins,MIA,20,Buffalo Bills,BUF,37,BUF,-7,41,57,0,37,20,17,BUF,1,Away,37,20,17,7,1
2019-11-24,2019,12,Buffalo Bills,BUF,20,Denver Broncos,DEN,3,BUF,-3.5,37,23,0,20,3,17,BUF,1,Home,20,3,17,3.5,1
2019-11-28,2019,13,Dallas Cowboys,DAL,15,Buffalo Bills,BUF,26,DAL,-6.5,46.5,41,0,15,26,-11,BUF,0,Away,26,15,11,-6.5,1
2019-12-08,2019,14,Buffalo Bills,BUF,17,Baltimore Ravens,BAL,24,BAL,-6,44,41,0,24,17,7,BUF,0,Home,17,24,-7,-6,0
2019-12-15,2019,15,Pittsburgh Steelers,PIT,10,Buffalo Bills,BUF,17,PIT,-1,37,27,0,10,17,-7,BUF,0,Away,17,10,7,-1,1
2019-12-21,2019,16,New England Patriots,NE,24,Buffalo Bills,BUF,17,NE,-6.5,38.5,41,0,24,17,7,BUF,0,Away,17,24,-7,-6.5,0
2019-12-29,2019,17,Buffalo Bills,BUF,6,New York Jets,NYJ,13,NYJ,-1,37,19,0,13,6,7,BUF,0,Home,6,13,-7,-1,0
2000-09-03,2000,1,Cleveland Browns,CLE,7,Jacksonville Jaguars,JAX,27,JAX,-10.5,38.5,34,0,27,7,20,CLE,0,Home,7,27,-20,-10.5,0
2000-09-10,2000,2,Cincinnati Bengals,CIN,7,Cleveland Browns,CLE,24,CIN,-6,40.5,31,0,7,24,-17,CLE,0,Away,24,7,17,-6,1
2000-09-17,2000,3,Cleveland Browns,CLE,23,Pittsburgh Steelers,PIT,20,PIT,-2.5,35.5,43,0,20,23,-3,CLE,0,Home,23,20,3,-2.5,1
2000-09-24,2000,4,Oakland Raiders,OAK,36,Cleveland Browns,CLE,10,OAK,-10.5,40.5,46,0,36,10,26,CLE,0,Away,10,36,-26,-10.5,0
2000-10-01,2000,5,Cleveland Browns,CLE,0,Baltimore Ravens,BAL,12,BAL,-8.5,37,12,0,12,0,12,CLE,0,Home,0,12,-12,-8.5,0
2000-10-08,2000,6,Arizona Cardinals,ARI,29,Cleveland Browns,CLE,21,ARI,-4.5,40.5,50,0,29,21,8,CLE,0,Away,21,29,-8,-4.5,0
2000-10-15,2000,7,Denver Broncos,DEN,44,Cleveland Browns,CLE,10,DEN,-12.5,44,54,0,44,10,34,CLE,0,Away,10,44,-34,-12.5,0
2000-10-22,2000,8,Pittsburgh Steelers,PIT,22,Cleveland Browns,CLE,0,PIT,-9,37.5,22,0,22,0,22,CLE,0,Away,0,22,-22,-9,0
2000-10-29,2000,9,Cleveland Browns,CLE,3,Cincinnati Bengals,CIN,12,CIN,-3,35.5,15,0,12,3,9,CLE,0,Home,3,12,-9,-3,0
2000-11-05,2000,10,Cleveland Browns,CLE,3,New York Giants,NYG,24,NYG,-10,33.5,27,0,24,3,21,CLE,0,Home,3,24,-21,-10,0
2000-11-12,2000,11,Cleveland Browns,CLE,19,New England Patriots,NE,11,NE,-7,32,30,0,11,19,-8,CLE,0,Home,19,11,8,-7,1
2000-11-19,2000,12,Tennessee Titans,TEN,24,Cleveland Browns,CLE,10,TEN,-16,35.5,34,0,24,10,14,CLE,0,Away,10,24,-14,-16,1
2000-11-26,2000,13,Baltimore Ravens,BAL,44,Cleveland Browns,CLE,7,BAL,-15,34,51,0,44,7,37,CLE,0,Away,7,44,-37,-15,0
2000-12-03,2000,14,Jacksonville Jaguars,JAX,48,Cleveland Browns,CLE,0,JAX,-14.5,39,48,0,48,0,48,CLE,0,Away,0,48,-48,-14.5,0
2000-12-10,2000,15,Cleveland Browns,CLE,24,Philadelphia Eagles,PHI,35,PHI,-14,35.5,59,0,35,24,11,CLE,0,Home,24,35,-11,-14,1
2000-12-17,2000,16,Cleveland Browns,CLE,0,Tennessee Titans,TEN,24,TEN,-16,37,24,0,24,0,24,CLE,0,Home,0,24,-24,-16,0
2001-09-09,2001,1,Cleveland Browns,CLE,6,Seattle Seahawks,SEA,9,SEA,-4,38.5,15,0,9,6,3,CLE,0,Home,6,9,-3,-4,1
2001-09-23,2001,2,Cleveland Browns,CLE,24,Detroit Lions,DET,14,DET,-1.5,33,38,0,14,24,-10,CLE,0,Home,24,14,10,-1.5,1
2001-09-30,2001,3,Jacksonville Jaguars,JAX,14,Cleveland Browns,CLE,23,JAX,-8.5,35.5,37,0,14,23,-9,CLE,0,Away,23,14,9,-8.5,1
2001-10-07,2001,4,Cleveland Browns,CLE,20,San Diego Chargers,LAC,16,LAC,-3,35,36,0,16,20,-4,CLE,0,Home,20,16,4,-3,1
2001-10-14,2001,5,Cincinnati Bengals,CIN,24,Cleveland Browns,CLE,14,CIN,-1.5,35,38,0,24,14,10,CLE,0,Away,14,24,-10,-1.5,0
2001-10-21,2001,6,Cleveland Browns,CLE,24,Baltimore Ravens,BAL,14,BAL,-7.5,33,38,0,14,24,-10,CLE,0,Home,24,14,10,-7.5,1
2001-11-04,2001,8,Chicago Bears,CHI,27,Cleveland Browns,CLE,21,CHI,-4.5,34,48,0,27,21,6,CLE,0,Away,21,27,-6,-4.5,0
2001-11-11,2001,9,Cleveland Browns,CLE,12,Pittsburgh Steelers,PIT,15,PIT,-3,33,27,0,15,12,3,CLE,0,Home,12,15,-3,-3,0
2001-11-18,2001,10,Baltimore Ravens,BAL,17,Cleveland Browns,CLE,27,BAL,-8,33,44,0,17,27,-10,CLE,0,Away,27,17,10,-8,1
2001-11-25,2001,11,Cleveland Browns,CLE,18,Cincinnati Bengals,CIN,0,CLE,-6,35.5,18,0,18,0,18,CLE,1,Home,18,0,18,6,1
2001-12-02,2001,12,Cleveland Browns,CLE,15,Tennessee Titans,TEN,31,CLE,-1.5,35.5,46,0,15,31,-16,CLE,1,Home,15,31,-16,1.5,0
2001-12-09,2001,13,New England Patriots,NE,27,Cleveland Browns,CLE,16,NE,-5,36.5,43,0,27,16,11,CLE,0,Away,16,27,-11,-5,0
2001-12-16,2001,14,Cleveland Browns,CLE,10,Jacksonville Jaguars,JAX,15,CLE,-2,36.5,25,0,10,15,-5,CLE,1,Home,10,15,-5,2,0
2001-12-23,2001,15,Green Bay Packers,GB,30,Cleveland Browns,CLE,7,GB,-7.5,37,37,0,30,7,23,CLE,0,Away,7,30,-23,-7.5,0
2001-12-30,2001,16,Tennessee Titans,TEN,38,Cleveland Browns,CLE,41,TEN,-5,37.5,79,0,38,41,-3,CLE,0,Away,41,38,3,-5,1
2002-01-06,2001,17,Pittsburgh Steelers,PIT,28,Cleveland Browns,CLE,7,PIT,-7,34.5,35,0,28,7,21,CLE,0,Away,7,28,-21,-7,0
2002-09-08,2002,1,Cleveland Browns,CLE,39,Kansas City Chiefs,KC,40,CLE,-2,36,79,0,39,40,-1,CLE,1,Home,39,40,-1,2,0
2002-09-15,2002,2,Cleveland Browns,CLE,20,Cincinnati Bengals,CIN,7,CLE,-3.5,39,27,0,20,7,13,CLE,1,Home,20,7,13,3.5,1
2002-09-22,2002,3,Tennessee Titans,TEN,28,Cleveland Browns,CLE,31,TEN,-4.5,40.5,59,0,28,31,-3,CLE,0,Away,31,28,3,-4.5,1
2002-09-29,2002,4,Pittsburgh Steelers,PIT,16,Cleveland Browns,CLE,13,PIT,-6,44,29,0,16,13,3,CLE,0,Away,13,16,-3,-6,1
2002-10-06,2002,5,Cleveland Browns,CLE,21,Baltimore Ravens,BAL,26,CLE,-6,36.5,47,0,21,26,-5,CLE,1,Home,21,26,-5,6,0
2002-10-13,2002,6,Tampa Bay Buccaneers,TB,17,Cleveland Browns,CLE,3,TB,-7.5,36.5,20,0,17,3,14,CLE,0,Away,3,17,-14,-7.5,0
2002-10-20,2002,7,Cleveland Browns,CLE,34,Houston Texans,HOU,17,CLE,-8.5,36.5,51,0,34,17,17,CLE,1,Home,34,17,17,8.5,1
2002-10-27,2002,8,New York Jets,NYJ,21,Cleveland Browns,CLE,24,NYJ,-3,44,45,0,21,24,-3,CLE,0,Away,24,21,3,-3,1
2002-11-03,2002,9,Cleveland Browns,CLE,20,Pittsburgh Steelers,PIT,23,PIT,-3.5,44,43,0,23,20,3,CLE,0,Home,20,23,-3,-3.5,1
2002-11-17,2002,11,Cincinnati Bengals,CIN,20,Cleveland Browns,CLE,27,CLE,-3,41.5,47,0,27,20,7,CLE,1,Away,27,20,7,3,1
2002-11-24,2002,12,New Orleans Saints,NO,15,Cleveland Browns,CLE,24,NO,-5.5,48.5,39,0,15,24,-9,CLE,0,Away,24,15,9,-5.5,1
2002-12-01,2002,13,Cleveland Browns,CLE,6,Carolina Panthers,CAR,13,CLE,-7.5,34.5,19,0,6,13,-7,CLE,1,Home,6,13,-7,7.5,0
2002-12-08,2002,14,Jacksonville Jaguars,JAX,20,Cleveland Browns,CLE,21,JAX,-2.5,41.5,41,0,20,21,-1,CLE,0,Away,21,20,1,-2.5,1
2002-12-15,2002,15,Cleveland Browns,CLE,23,Indianapolis Colts,IND,28,IND,-2,41.5,51,0,28,23,5,CLE,0,Home,23,28,-5,-2,0
2002-12-22,2002,16,Baltimore Ravens,BAL,13,Cleveland Browns,CLE,14,BAL,-2.5,39.5,27,0,13,14,-1,CLE,0,Away,14,13,1,-2.5,1
2002-12-29,2002,17,Cleveland Browns,CLE,24,Atlanta Falcons,ATL,16,ATL,-2.5,41,40,0,16,24,-8,CLE,0,Home,24,16,8,-2.5,1
2003-09-07,2003,1,Cleveland Browns,CLE,6,Indianapolis Colts,IND,9,IND,-2,48,15,0,9,6,3,CLE,0,Home,6,9,-3,-2,0
2003-09-14,2003,2,Baltimore Ravens,BAL,33,Cleveland Browns,CLE,13,BAL,-2.5,39,46,0,33,13,20,CLE,0,Away,13,33,-20,-2.5,0
2003-09-21,2003,3,San Francisco 49ers,SF,12,Cleveland Browns,CLE,13,SF,-7,44.5,25,0,12,13,-1,CLE,0,Away,13,12,1,-7,1
2003-09-28,2003,4,Cleveland Browns,CLE,14,Cincinnati Bengals,CIN,21,CLE,-4.5,40,35,0,14,21,-7,CLE,1,Home,14,21,-7,4.5,0
2003-10-05,2003,5,Pittsburgh Steelers,PIT,13,Cleveland Browns,CLE,33,PIT,-7,42,46,0,13,33,-20,CLE,0,Away,33,13,20,-7,1
2003-10-12,2003,6,Cleveland Browns,CLE,13,Oakland Raiders,OAK,7,CLE,-3.5,43.5,20,0,13,7,6,CLE,1,Home,13,7,6,3.5,1
2003-10-19,2003,7,Cleveland Browns,CLE,20,San Diego Chargers,LAC,26,CLE,-3.5,41,46,0,20,26,-6,CLE,1,Home,20,26,-6,3.5,0
2003-10-26,2003,8,New England Patriots,NE,9,Cleveland Browns,CLE,3,NE,-4.5,37.5,12,0,9,3,6,CLE,0,Away,3,9,-6,-4.5,0
2003-11-09,2003,10,Kansas City Chiefs,KC,41,Cleveland Browns,CLE,20,KC,-9,43.5,61,0,41,20,21,CLE,0,Away,20,41,-21,-9,0
2003-11-16,2003,11,Cleveland Browns,CLE,44,Arizona Cardinals,ARI,6,CLE,-5,37.5,50,0,44,6,38,CLE,1,Home,44,6,38,5,1
2003-11-23,2003,12,Cleveland Browns,CLE,6,Pittsburgh Steelers,PIT,13,CLE,-3,40.5,19,0,6,13,-7,CLE,1,Home,6,13,-7,3,0
2003-11-30,2003,13,Seattle Seahawks,SEA,34,Cleveland Browns,CLE,7,SEA,-6.5,42,41,0,34,7,27,CLE,0,Away,7,34,-27,-6.5,0
2003-12-08,2003,14,Cleveland Browns,CLE,20,St. Louis Rams,LAR,26,LAR,-5.5,43.5,46,0,26,20,6,CLE,0,Home,20,26,-6,-5.5,0
2003-12-14,2003,15,Denver Broncos,DEN,23,Cleveland Browns,CLE,20,DEN,-11.5,42,43,0,23,20,3,CLE,0,Away,20,23,-3,-11.5,1
2003-12-21,2003,16,Cleveland Browns,CLE,0,Baltimore Ravens,BAL,35,BAL,-3,35.5,35,0,35,0,35,CLE,0,Home,0,35,-35,-3,0
2003-12-28,2003,17,Cincinnati Bengals,CIN,14,Cleveland Browns,CLE,22,CIN,-8.5,42,36,0,14,22,-8,CLE,0,Away,22,14,8,-8.5,1
2004-09-12,2004,1,Cleveland Browns,CLE,20,Baltimore Ravens,BAL,3,BAL,-3.5,37,23,0,3,20,-17,CLE,0,Home,20,3,17,-3.5,1
2004-09-19,2004,2,Dallas Cowboys,DAL,19,Cleveland Browns,CLE,12,DAL,-4.5,38,31,0,19,12,7,CLE,0,Away,12,19,-7,-4.5,0
2004-09-26,2004,3,New York Giants,NYG,27,Cleveland Browns,CLE,10,NYG,-3,38,37,0,27,10,17,CLE,0,Away,10,27,-17,-3,0
2004-10-03,2004,4,Cleveland Browns,CLE,17,Washington Redskins,WAS,13,WAS,-2.5,36,30,0,13,17,-4,CLE,0,Home,17,13,4,-2.5,1
2004-10-10,2004,5,Pittsburgh Steelers,PIT,34,Cleveland Browns,CLE,23,PIT,-4.5,36,57,0,34,23,11,CLE,0,Away,23,34,-11,-4.5,0
2004-10-17,2004,6,Cleveland Browns,CLE,34,Cincinnati Bengals,CIN,17,CLE,-3,40,51,0,34,17,17,CLE,1,Home,34,17,17,3,1
2004-10-24,2004,7,Cleveland Browns,CLE,31,Philadelphia Eagles,PHI,34,PHI,-7,41.5,65,0,34,31,3,CLE,0,Home,31,34,-3,-7,1
2004-11-07,2004,9,Baltimore Ravens,BAL,27,Cleveland Browns,CLE,13,BAL,-6,35,40,0,27,13,14,CLE,0,Away,13,27,-14,-6,0
2004-11-14,2004,10,Cleveland Browns,CLE,10,Pittsburgh Steelers,PIT,24,PIT,-3.5,41,34,0,24,10,14,CLE,0,Home,10,24,-14,-3.5,0
2004-11-21,2004,11,Cleveland Browns,CLE,7,New York Jets,NYJ,10,NYJ,-1.5,38,17,0,10,7,3,CLE,0,Home,7,10,-3,-1.5,0
2004-11-28,2004,12,Cincinnati Bengals,CIN,58,Cleveland Browns,CLE,48,CIN,-6,37.5,106,0,58,48,10,CLE,0,Away,48,58,-10,-6,0
2004-12-05,2004,13,Cleveland Browns,CLE,15,New England Patriots,NE,42,NE,-11,41,57,0,42,15,27,CLE,0,Home,15,42,-27,-11,0
2004-12-12,2004,14,Buffalo Bills,BUF,37,Cleveland Browns,CLE,7,BUF,-11,38.5,44,0,37,7,30,CLE,0,Away,7,37,-30,-11,0
2004-12-19,2004,15,Cleveland Browns,CLE,0,San Diego Chargers,LAC,21,LAC,-8,35,21,0,21,0,21,CLE,0,Home,0,21,-21,-8,0
2004-12-26,2004,16,Miami Dolphins,MIA,10,Cleveland Browns,CLE,7,MIA,-9,40.5,17,0,10,7,3,CLE,0,Away,7,10,-3,-9,1
2005-01-02,2004,17,Houston Texans,HOU,14,Cleveland Browns,CLE,22,HOU,-10,41,36,0,14,22,-8,CLE,0,Away,22,14,8,-10,1
2005-09-11,2005,1,Cleveland Browns,CLE,13,Cincinnati Bengals,CIN,27,CIN,-3.5,44.5,40,0,27,13,14,CLE,0,Home,13,27,-14,-3.5,0
2005-09-18,2005,2,Green Bay Packers,GB,24,Cleveland Browns,CLE,26,GB,-7,43,50,0,24,26,-2,CLE,0,Away,26,24,2,-7,1
2005-09-25,2005,3,Indianapolis Colts,IND,13,Cleveland Browns,CLE,6,IND,-13.5,47,19,0,13,6,7,CLE,0,Away,6,13,-7,-13.5,1
2005-10-09,2005,5,Cleveland Browns,CLE,20,Chicago Bears,CHI,10,CLE,-3,35,30,0,20,10,10,CLE,1,Home,20,10,10,3,1
2005-10-16,2005,6,Baltimore Ravens,BAL,16,Cleveland Browns,CLE,3,BAL,-4,33.5,19,0,16,3,13,CLE,0,Away,3,16,-13,-4,0
2005-10-23,2005,7,Cleveland Browns,CLE,10,Detroit Lions,DET,13,CLE,-3,36,23,0,10,13,-3,CLE,1,Home,10,13,-3,3,0
2005-10-30,2005,8,Houston Texans,HOU,19,Cleveland Browns,CLE,16,HOU,-2,37.5,35,0,19,16,3,CLE,0,Away,16,19,-3,-2,0
2005-11-06,2005,9,Cleveland Browns,CLE,20,Tennessee Titans,TEN,14,CLE,-3,39,34,0,20,14,6,CLE,1,Home,20,14,6,3,1
2005-11-13,2005,10,Pittsburgh Steelers,PIT,34,Cleveland Browns,CLE,21,PIT,-7.5,34.5,55,0,34,21,13,CLE,0,Away,21,34,-13,-7.5,0
2005-11-20,2005,11,Cleveland Browns,CLE,22,Miami Dolphins,MIA,0,CLE,-2.5,34.5,22,0,22,0,22,CLE,1,Home,22,0,22,2.5,1
2005-11-27,2005,12,Minnesota Vikings,MIN,24,Cleveland Browns,CLE,12,MIN,-3.5,40,36,0,24,12,12,CLE,0,Away,12,24,-12,-3.5,0
2005-12-04,2005,13,Cleveland Browns,CLE,14,Jacksonville Jaguars,JAX,20,JAX,-3,36.5,34,0,20,14,6,CLE,0,Home,14,20,-6,-3,0
2005-12-11,2005,14,Cincinnati Bengals,CIN,23,Cleveland Browns,CLE,20,CIN,-12.5,41.5,43,0,23,20,3,CLE,0,Away,20,23,-3,-12.5,1
2005-12-18,2005,15,Oakland Raiders,OAK,7,Cleveland Browns,CLE,9,OAK,-3,40.5,16,0,7,9,-2,CLE,0,Away,9,7,2,-3,1
2005-12-24,2005,16,Cleveland Browns,CLE,0,Pittsburgh Steelers,PIT,41,PIT,-7,33,41,0,41,0,41,CLE,0,Home,0,41,-41,-7,0
2006-01-01,2005,17,Cleveland Browns,CLE,20,Baltimore Ravens,BAL,16,BAL,-3,37,36,0,16,20,-4,CLE,0,Home,20,16,4,-3,1
2006-09-10,2006,1,Cleveland Browns,CLE,14,New Orleans Saints,NO,19,CLE,-3,36,33,0,14,19,-5,CLE,1,Home,14,19,-5,3,0
2006-09-17,2006,2,Cincinnati Bengals,CIN,34,Cleveland Browns,CLE,17,CIN,-10.5,40.5,51,0,34,17,17,CLE,0,Away,17,34,-17,-10.5,0
2006-09-24,2006,3,Cleveland Browns,CLE,14,Baltimore Ravens,BAL,15,BAL,-6.5,33,29,0,15,14,1,CLE,0,Home,14,15,-1,-6.5,1
2006-10-01,2006,4,Oakland Raiders,OAK,21,Cleveland Browns,CLE,24,CLE,-2.5,33.5,45,0,24,21,3,CLE,1,Away,24,21,3,2.5,1
2006-10-08,2006,5,Carolina Panthers,CAR,20,Cleveland Browns,CLE,12,CAR,-7.5,38,32,0,20,12,8,CLE,0,Away,12,20,-8,-7.5,0
2006-10-22,2006,7,Cleveland Browns,CLE,7,Denver Broncos,DEN,17,DEN,-4.5,31,24,0,17,7,10,CLE,0,Home,7,17,-10,-4.5,0
2006-10-29,2006,8,Cleveland Browns,CLE,20,New York Jets,NYJ,13,CLE,-1.5,37.5,33,0,20,13,7,CLE,1,Home,20,13,7,1.5,1
2006-11-05,2006,9,San Diego Chargers,LAC,32,Cleveland Browns,CLE,25,LAC,-13.5,42,57,0,32,25,7,CLE,0,Away,25,32,-7,-13.5,1
2006-11-12,2006,10,Atlanta Falcons,ATL,13,Cleveland Browns,CLE,17,ATL,-7.5,41.5,30,0,13,17,-4,CLE,0,Away,17,13,4,-7.5,1
2006-11-19,2006,11,Cleveland Browns,CLE,20,Pittsburgh Steelers,PIT,24,PIT,-4,36,44,0,24,20,4,CLE,0,Home,20,24,-4,-4,0
2006-11-26,2006,12,Cleveland Browns,CLE,0,Cincinnati Bengals,CIN,30,CIN,-3,44,30,0,30,0,30,CLE,0,Home,0,30,-30,-3,0
2006-12-03,2006,13,Cleveland Browns,CLE,31,Kansas City Chiefs,KC,28,KC,-5,35.5,59,0,28,31,-3,CLE,0,Home,31,28,3,-5,1
2006-12-07,2006,14,Pittsburgh Steelers,PIT,27,Cleveland Browns,CLE,7,PIT,-7.5,34.5,34,0,27,7,20,CLE,0,Away,7,27,-20,-7.5,0
2006-12-17,2006,15,Baltimore Ravens,BAL,27,Cleveland Browns,CLE,17,BAL,-12,34.5,44,0,27,17,10,CLE,0,Away,17,27,-10,-12,1
2006-12-24,2006,16,Cleveland Browns,CLE,7,Tampa Bay Buccaneers,TB,22,CLE,-3,37.5,29,0,7,22,-15,CLE,1,Home,7,22,-15,3,0
2006-12-31,2006,17,Houston Texans,HOU,14,Cleveland Browns,CLE,6,HOU,-6,37.5,20,0,14,6,8,CLE,0,Away,6,14,-8,-6,0
2007-09-09,2007,1,Cleveland Browns,CLE,7,Pittsburgh Steelers,PIT,34,PIT,-4.5,36.5,41,0,34,7,27,CLE,0,Home,7,34,-27,-4.5,0
2007-09-16,2007,2,Cleveland Browns,CLE,51,Cincinnati Bengals,CIN,45,CIN,-7,41.5,96,0,45,51,-6,CLE,0,Home,51,45,6,-7,1
2007-09-23,2007,3,Oakland Raiders,OAK,26,Cleveland Browns,CLE,24,OAK,-3,41.5,50,0,26,24,2,CLE,0,Away,24,26,-2,-3,1
2007-09-30,2007,4,Cleveland Browns,CLE,27,Baltimore Ravens,BAL,13,BAL,-4.5,40,40,0,13,27,-14,CLE,0,Home,27,13,14,-4.5,1
2007-10-07,2007,5,New England Patriots,NE,34,Cleveland Browns,CLE,17,NE,-15.5,48,51,0,34,17,17,CLE,0,Away,17,34,-17,-15.5,0
2007-10-14,2007,6,Cleveland Browns,CLE,41,Miami Dolphins,MIA,31,CLE,-4,45,72,0,41,31,10,CLE,1,Home,41,31,10,4,1
2007-10-28,2007,8,St. Louis Rams,LAR,20,Cleveland Browns,CLE,27,CLE,-3,46.5,47,0,27,20,7,CLE,1,Away,27,20,7,3,1
2007-11-04,2007,9,Cleveland Browns,CLE,33,Seattle Seahawks,SEA,30,CLE,-1.5,47,63,0,33,30,3,CLE,1,Home,33,30,3,1.5,1
2007-11-11,2007,10,Pittsburgh Steelers,PIT,31,Cleveland Browns,CLE,28,PIT,-9.5,47.5,59,0,31,28,3,CLE,0,Away,28,31,-3,-9.5,1
2007-11-18,2007,11,Baltimore Ravens,BAL,30,Cleveland Browns,CLE,33,CLE,-2,44,63,0,33,30,3,CLE,1,Away,33,30,3,2,1
2007-11-25,2007,12,Cleveland Browns,CLE,27,Houston Texans,HOU,17,CLE,-3,52,44,0,27,17,10,CLE,1,Home,27,17,10,3,1
2007-12-02,2007,13,Arizona Cardinals,ARI,27,Cleveland Browns,CLE,21,PICK,0,52,48,0,21,27,-6,CLE,0,Away,21,27,-6,0,0
2007-12-09,2007,14,New York Jets,NYJ,18,Cleveland Browns,CLE,24,CLE,-3.5,47.5,42,0,24,18,6,CLE,1,Away,24,18,6,3.5,1
2007-12-16,2007,15,Cleveland Browns,CLE,8,Buffalo Bills,BUF,0,CLE,-5,37,8,0,8,0,8,CLE,1,Home,8,0,8,5,1
2007-12-23,2007,16,Cincinnati Bengals,CIN,19,Cleveland Browns,CLE,14,CLE,-3,47.5,33,0,14,19,-5,CLE,1,Away,14,19,-5,3,0
2007-12-30,2007,17,Cleveland Browns,CLE,20,San Francisco 49ers,SF,7,CLE,-11.5,41,27,0,20,7,13,CLE,1,Home,20,7,13,11.5,1
2008-09-07,2008,1,Cleveland Browns,CLE,10,Dallas Cowboys,DAL,28,DAL,-6,48.5,38,0,28,10,18,CLE,0,Home,10,28,-18,-6,0
2008-09-14,2008,2,Cleveland Browns,CLE,6,Pittsburgh Steelers,PIT,10,PIT,-6.5,43.5,16,0,10,6,4,CLE,0,Home,6,10,-4,-6.5,1
2008-09-21,2008,3,Baltimore Ravens,BAL,28,Cleveland Browns,CLE,10,BAL,-2.5,37,38,0,28,10,18,CLE,0,Away,10,28,-18,-2.5,0
2008-09-28,2008,4,Cincinnati Bengals,CIN,12,Cleveland Browns,CLE,20,CIN,-1,42,32,0,12,20,-8,CLE,0,Away,20,12,8,-1,1
2008-10-13,2008,6,Cleveland Browns,CLE,35,New York Giants,NYG,14,NYG,-8,43.5,49,0,14,35,-21,CLE,0,Home,35,14,21,-8,1
2008-10-19,2008,7,Washington Redskins,WAS,14,Cleveland Browns,CLE,11,WAS,-7,42,25,0,14,11,3,CLE,0,Away,11,14,-3,-7,1
2008-10-26,2008,8,Jacksonville Jaguars,JAX,17,Cleveland Browns,CLE,23,JAX,-7,42,40,0,17,23,-6,CLE,0,Away,23,17,6,-7,1
2008-11-02,2008,9,Cleveland Browns,CLE,27,Baltimore Ravens,BAL,37,CLE,-2.5,36.5,64,0,27,37,-10,CLE,1,Home,27,37,-10,2.5,0
2008-11-06,2008,10,Cleveland Browns,CLE,30,Denver Broncos,DEN,34,CLE,-3,47,64,0,30,34,-4,CLE,1,Home,30,34,-4,3,0
2008-11-17,2008,11,Buffalo Bills,BUF,27,Cleveland Browns,CLE,29,BUF,-5,40,56,0,27,29,-2,CLE,0,Away,29,27,2,-5,1
2008-11-23,2008,12,Cleveland Browns,CLE,6,Houston Texans,HOU,16,CLE,-3,49.5,22,0,6,16,-10,CLE,1,Home,6,16,-10,3,0
2008-11-30,2008,13,Cleveland Browns,CLE,6,Indianapolis Colts,IND,10,IND,-4,44,16,0,10,6,4,CLE,0,Home,6,10,-4,-4,0
2008-12-07,2008,14,Tennessee Titans,TEN,28,Cleveland Browns,CLE,9,TEN,-13.5,36.5,37,0,28,9,19,CLE,0,Away,9,28,-19,-13.5,0
2008-12-15,2008,15,Philadelphia Eagles,PHI,30,Cleveland Browns,CLE,10,PHI,-16,40,40,0,30,10,20,CLE,0,Away,10,30,-20,-16,0
2008-12-21,2008,16,Cleveland Browns,CLE,0,Cincinnati Bengals,CIN,14,CLE,-2,31.5,14,0,0,14,-14,CLE,1,Home,0,14,-14,2,0
2008-12-28,2008,17,Pittsburgh Steelers,PIT,31,Cleveland Browns,CLE,0,PIT,-11.5,33,31,0,31,0,31,CLE,0,Away,0,31,-31,-11.5,0
2009-09-13,2009,1,Cleveland Browns,CLE,20,Minnesota Vikings,MIN,34,MIN,-4.5,40,54,0,34,20,14,CLE,0,Home,20,34,-14,-4.5,0
2009-09-20,2009,2,Denver Broncos,DEN,27,Cleveland Browns,CLE,6,DEN,-3,38.5,33,0,27,6,21,CLE,0,Away,6,27,-21,-3,0
2009-09-27,2009,3,Baltimore Ravens,BAL,34,Cleveland Browns,CLE,3,BAL,-13.5,38.5,37,0,34,3,31,CLE,0,Away,3,34,-31,-13.5,0
2009-10-04,2009,4,Cleveland Browns,CLE,20,Cincinnati Bengals,CIN,23,CIN,-6.5,37.5,43,0,23,20,3,CLE,0,Home,20,23,-3,-6.5,1
2009-10-11,2009,5,Buffalo Bills,BUF,3,Cleveland Browns,CLE,6,BUF,-5.5,42,9,0,3,6,-3,CLE,0,Away,6,3,3,-5.5,1
2009-10-18,2009,6,Pittsburgh Steelers,PIT,27,Cleveland Browns,CLE,14,PIT,-14,38,41,0,27,14,13,CLE,0,Away,14,27,-13,-14,1
2009-10-25,2009,7,Cleveland Browns,CLE,3,Green Bay Packers,GB,31,GB,-9,41.5,34,0,31,3,28,CLE,0,Home,3,31,-28,-9,0
2009-11-01,2009,8,Chicago Bears,CHI,30,Cleveland Browns,CLE,6,CHI,-13.5,40,36,0,30,6,24,CLE,0,Away,6,30,-24,-13.5,0
2009-11-16,2009,10,Cleveland Browns,CLE,0,Baltimore Ravens,BAL,16,BAL,-11,39,16,0,16,0,16,CLE,0,Home,0,16,-16,-11,0
2009-11-22,2009,11,Detroit Lions,DET,38,Cleveland Browns,CLE,37,DET,-3,37.5,75,0,38,37,1,CLE,0,Away,37,38,-1,-3,1
2009-11-29,2009,12,Cincinnati Bengals,CIN,16,Cleveland Browns,CLE,7,CIN,-12,39.5,23,0,16,7,9,CLE,0,Away,7,16,-9,-12,1
2009-12-06,2009,13,Cleveland Browns,CLE,23,San Diego Chargers,LAC,30,LAC,-13.5,42.5,53,0,30,23,7,CLE,0,Home,23,30,-7,-13.5,1
2009-12-10,2009,14,Cleveland Browns,CLE,13,Pittsburgh Steelers,PIT,6,PIT,-10,34.5,19,0,6,13,-7,CLE,0,Home,13,6,7,-10,1
2009-12-20,2009,15,Kansas City Chiefs,KC,34,Cleveland Browns,CLE,41,KC,-3,37,75,0,34,41,-7,CLE,0,Away,41,34,7,-3,1
2009-12-27,2009,16,Cleveland Browns,CLE,23,Oakland Raiders,OAK,9,CLE,-3,37,32,0,23,9,14,CLE,1,Home,23,9,14,3,1
2010-01-03,2009,17,Cleveland Browns,CLE,23,Jacksonville Jaguars,JAX,17,CLE,-2,35,40,0,23,17,6,CLE,1,Home,23,17,6,2,1
2010-09-12,2010,1,Tampa Bay Buccaneers,TB,17,Cleveland Browns,CLE,14,TB,-2.5,37,31,0,17,14,3,CLE,0,Away,14,17,-3,-2.5,0
2010-09-19,2010,2,Cleveland Browns,CLE,14,Kansas City Chiefs,KC,16,CLE,-3,38,30,0,14,16,-2,CLE,1,Home,14,16,-2,3,0
2010-09-26,2010,3,Baltimore Ravens,BAL,24,Cleveland Browns,CLE,17,BAL,-12.5,36.5,41,0,24,17,7,CLE,0,Away,17,24,-7,-12.5,1
2010-10-03,2010,4,Cleveland Browns,CLE,23,Cincinnati Bengals,CIN,20,CIN,-2.5,37,43,0,20,23,-3,CLE,0,Home,23,20,3,-2.5,1
2010-10-10,2010,5,Cleveland Browns,CLE,10,Atlanta Falcons,ATL,20,ATL,-3,41.5,30,0,20,10,10,CLE,0,Home,10,20,-10,-3,0
2010-10-17,2010,6,Pittsburgh Steelers,PIT,28,Cleveland Browns,CLE,10,PIT,-14,37.5,38,0,28,10,18,CLE,0,Away,10,28,-18,-14,0
2010-10-24,2010,7,New Orleans Saints,NO,17,Cleveland Browns,CLE,30,NO,-12.5,44,47,0,17,30,-13,CLE,0,Away,30,17,13,-12.5,1
2010-11-07,2010,9,Cleveland Browns,CLE,34,New England Patriots,NE,14,NE,-4,43.5,48,0,14,34,-20,CLE,0,Home,34,14,20,-4,1
2010-11-14,2010,10,Cleveland Browns,CLE,20,New York Jets,NYJ,26,NYJ,-3.5,37,46,0,26,20,6,CLE,0,Home,20,26,-6,-3.5,0
2010-11-21,2010,11,Jacksonville Jaguars,JAX,24,Cleveland Browns,CLE,20,JAX,-2.5,43,44,0,24,20,4,CLE,0,Away,20,24,-4,-2.5,0
2010-11-28,2010,12,Cleveland Browns,CLE,24,Carolina Panthers,CAR,23,CLE,-7.5,37.5,47,0,24,23,1,CLE,1,Home,24,23,1,7.5,0
2010-12-05,2010,13,Miami Dolphins,MIA,10,Cleveland Browns,CLE,13,MIA,-6,43.5,23,0,10,13,-3,CLE,0,Away,13,10,3,-6,1
2010-12-12,2010,14,Buffalo Bills,BUF,13,Cleveland Browns,CLE,6,PICK,0,39,19,0,6,13,-7,CLE,0,Away,6,13,-7,0,0
2010-12-19,2010,15,Cincinnati Bengals,CIN,19,Cleveland Browns,CLE,17,PICK,0,41,36,0,17,19,-2,CLE,0,Away,17,19,-2,0,0
2010-12-26,2010,16,Cleveland Browns,CLE,10,Baltimore Ravens,BAL,20,BAL,-4,40,30,0,20,10,10,CLE,0,Home,10,20,-10,-4,0
2011-01-02,2010,17,Cleveland Browns,CLE,9,Pittsburgh Steelers,PIT,41,PIT,-6.5,38,50,0,41,9,32,CLE,0,Home,9,41,-32,-6.5,0
2011-09-11,2011,1,Cleveland Browns,CLE,17,Cincinnati Bengals,CIN,27,CLE,-7,36.5,44,0,17,27,-10,CLE,1,Home,17,27,-10,7,0
2011-09-18,2011,2,Indianapolis Colts,IND,19,Cleveland Browns,CLE,27,CLE,-1.5,39,46,0,27,19,8,CLE,1,Away,27,19,8,1.5,1
2011-09-25,2011,3,Cleveland Browns,CLE,17,Miami Dolphins,MIA,16,MIA,-2,42.5,33,0,16,17,-1,CLE,0,Home,17,16,1,-2,1
2011-10-02,2011,4,Cleveland Browns,CLE,13,Tennessee Titans,TEN,31,CLE,-1.5,37.5,44,0,13,31,-18,CLE,1,Home,13,31,-18,1.5,0
2011-10-16,2011,6,Oakland Raiders,OAK,24,Cleveland Browns,CLE,17,OAK,-6.5,45,41,0,24,17,7,CLE,0,Away,17,24,-7,-6.5,0
2011-10-23,2011,7,Cleveland Browns,CLE,6,Seattle Seahawks,SEA,3,CLE,-3,41,9,0,6,3,3,CLE,1,Home,6,3,3,3,0
2011-10-30,2011,8,San Francisco 49ers,SF,20,Cleveland Browns,CLE,10,SF,-9.5,38.5,30,0,20,10,10,CLE,0,Away,10,20,-10,-9.5,0
2011-11-06,2011,9,Houston Texans,HOU,30,Cleveland Browns,CLE,12,HOU,-10.5,41,42,0,30,12,18,CLE,0,Away,12,30,-18,-10.5,0
2011-11-13,2011,10,Cleveland Browns,CLE,12,St. Louis Rams,LAR,13,CLE,-3,36.5,25,0,12,13,-1,CLE,1,Home,12,13,-1,3,0
2011-11-20,2011,11,Cleveland Browns,CLE,14,Jacksonville Jaguars,JAX,10,CLE,-1.5,34.5,24,0,14,10,4,CLE,1,Home,14,10,4,1.5,1
2011-11-27,2011,12,Cincinnati Bengals,CIN,23,Cleveland Browns,CLE,20,CIN,-7,38,43,0,23,20,3,CLE,0,Away,20,23,-3,-7,1
2011-12-04,2011,13,Cleveland Browns,CLE,10,Baltimore Ravens,BAL,24,BAL,-7,38.5,34,0,24,10,14,CLE,0,Home,10,24,-14,-7,0
2011-12-08,2011,14,Pittsburgh Steelers,PIT,14,Cleveland Browns,CLE,3,PIT,-14,40,17,0,14,3,11,CLE,0,Away,3,14,-11,-14,1
2011-12-18,2011,15,Arizona Cardinals,ARI,20,Cleveland Browns,CLE,17,ARI,-6.5,37.5,37,0,20,17,3,CLE,0,Away,17,20,-3,-6.5,1
2011-12-24,2011,16,Baltimore Ravens,BAL,20,Cleveland Browns,CLE,14,BAL,-11,38,34,0,20,14,6,CLE,0,Away,14,20,-6,-11,1
2012-01-01,2011,17,Cleveland Browns,CLE,9,Pittsburgh Steelers,PIT,13,PIT,-7,33,22,0,13,9,4,CLE,0,Home,9,13,-4,-7,1
2012-09-09,2012,1,Cleveland Browns,CLE,16,Philadelphia Eagles,PHI,17,PHI,-9.5,42,33,0,17,16,1,CLE,0,Home,16,17,-1,-9.5,1
2012-09-16,2012,2,Cincinnati Bengals,CIN,34,Cleveland Browns,CLE,27,CIN,-7,39.5,61,0,34,27,7,CLE,0,Away,27,34,-7,-7,0
2012-09-23,2012,3,Cleveland Browns,CLE,14,Buffalo Bills,BUF,24,BUF,-3,45,38,0,24,14,10,CLE,0,Home,14,24,-10,-3,0
2012-09-27,2012,4,Baltimore Ravens,BAL,23,Cleveland Browns,CLE,16,BAL,-11.5,43.5,39,0,23,16,7,CLE,0,Away,16,23,-7,-11.5,1
2012-10-07,2012,5,New York Giants,NYG,41,Cleveland Browns,CLE,27,NYG,-8,44,68,0,41,27,14,CLE,0,Away,27,41,-14,-8,0
2012-10-14,2012,6,Cleveland Browns,CLE,34,Cincinnati Bengals,CIN,24,CIN,-2,42,58,0,24,34,-10,CLE,0,Home,34,24,10,-2,1
2012-10-21,2012,7,Indianapolis Colts,IND,17,Cleveland Browns,CLE,13,IND,-1,46.5,30,0,17,13,4,CLE,0,Away,13,17,-4,-1,0
2012-10-28,2012,8,Cleveland Browns,CLE,7,San Diego Chargers,LAC,6,LAC,-3,41,13,0,6,7,-1,CLE,0,Home,7,6,1,-3,1
2012-11-04,2012,9,Cleveland Browns,CLE,15,Baltimore Ravens,BAL,25,BAL,-3.5,44,40,0,25,15,10,CLE,0,Home,15,25,-10,-3.5,0
2012-11-18,2012,11,Dallas Cowboys,DAL,23,Cleveland Browns,CLE,20,DAL,-7,43.5,43,0,23,20,3,CLE,0,Away,20,23,-3,-7,1
2012-11-25,2012,12,Cleveland Browns,CLE,20,Pittsburgh Steelers,PIT,14,PIT,-2,33.5,34,0,14,20,-6,CLE,0,Home,20,14,6,-2,1
2012-12-02,2012,13,Oakland Raiders,OAK,17,Cleveland Browns,CLE,20,CLE,-2.5,39.5,37,0,20,17,3,CLE,1,Away,20,17,3,2.5,1
2012-12-09,2012,14,Cleveland Browns,CLE,30,Kansas City Chiefs,KC,7,CLE,-7,38,37,0,30,7,23,CLE,1,Home,30,7,23,7,1
2012-12-16,2012,15,Cleveland Browns,CLE,21,Washington Redskins,WAS,38,CLE,-4,40.5,59,0,21,38,-17,CLE,1,Home,21,38,-17,4,0
2012-12-23,2012,16,Denver Broncos,DEN,34,Cleveland Browns,CLE,12,DEN,-11,44,46,0,34,12,22,CLE,0,Away,12,34,-22,-11,0
2012-12-30,2012,17,Pittsburgh Steelers,PIT,24,Cleveland Browns,CLE,10,PIT,-9.5,36,34,0,24,10,14,CLE,0,Away,10,24,-14,-9.5,0
2013-09-08,2013,1,Cleveland Browns,CLE,10,Miami Dolphins,MIA,23,CLE,-2.5,40.5,33,0,10,23,-13,CLE,1,Home,10,23,-13,2.5,0
2013-09-15,2013,2,Baltimore Ravens,BAL,14,Cleveland Browns,CLE,6,BAL,-7,44,20,0,14,6,8,CLE,0,Away,6,14,-8,-7,0
2013-09-22,2013,3,Minnesota Vikings,MIN,27,Cleveland Browns,CLE,31,MIN,-7,40.5,58,0,27,31,-4,CLE,0,Away,31,27,4,-7,1
2013-09-29,2013,4,Cleveland Browns,CLE,17,Cincinnati Bengals,CIN,6,CIN,-4.5,42.5,23,0,6,17,-11,CLE,0,Home,17,6,11,-4.5,1
2013-10-03,2013,5,Cleveland Browns,CLE,37,Buffalo Bills,BUF,24,CLE,-4,41,61,0,37,24,13,CLE,1,Home,37,24,13,4,1
2013-10-13,2013,6,Cleveland Browns,CLE,17,Detroit Lions,DET,31,DET,-2.5,43.5,48,0,31,17,14,CLE,0,Home,17,31,-14,-2.5,0
2013-10-20,2013,7,Green Bay Packers,GB,31,Cleveland Browns,CLE,13,GB,-9.5,45,44,0,31,13,18,CLE,0,Away,13,31,-18,-9.5,0
2013-10-27,2013,8,Kansas City Chiefs,KC,23,Cleveland Browns,CLE,17,KC,-7,39,40,0,23,17,6,CLE,0,Away,17,23,-6,-7,1
2013-11-03,2013,9,Cleveland Browns,CLE,24,Baltimore Ravens,BAL,18,BAL,-1,42,42,0,18,24,-6,CLE,0,Home,24,18,6,-1,1
2013-11-17,2013,11,Cincinnati Bengals,CIN,41,Cleveland Browns,CLE,20,CIN,-4.5,40,61,0,41,20,21,CLE,0,Away,20,41,-21,-4.5,0
2013-11-24,2013,12,Cleveland Browns,CLE,11,Pittsburgh Steelers,PIT,27,CLE,-2,39,38,0,11,27,-16,CLE,1,Home,11,27,-16,2,0
2013-12-01,2013,13,Cleveland Browns,CLE,28,Jacksonville Jaguars,JAX,32,CLE,-7.5,39,60,0,28,32,-4,CLE,1,Home,28,32,-4,7.5,0
2013-12-08,2013,14,New England Patriots,NE,27,Cleveland Browns,CLE,26,NE,-9.5,47.5,53,0,27,26,1,CLE,0,Away,26,27,-1,-9.5,1
2013-12-15,2013,15,Cleveland Browns,CLE,31,Chicago Bears,CHI,38,CLE,-1,44,69,0,31,38,-7,CLE,1,Home,31,38,-7,1,0
2013-12-22,2013,16,New York Jets,NYJ,24,Cleveland Browns,CLE,13,NYJ,-1.5,42,37,0,24,13,11,CLE,0,Away,13,24,-11,-1.5,0
2013-12-29,2013,17,Pittsburgh Steelers,PIT,20,Cleveland Browns,CLE,7,PIT,-9.5,44.5,27,0,20,7,13,CLE,0,Away,7,20,-13,-9.5,0
2014-09-07,2014,1,Pittsburgh Steelers,PIT,30,Cleveland Browns,CLE,27,PIT,-5.5,41,57,0,30,27,3,CLE,0,Away,27,30,-3,-5.5,1
2014-09-14,2014,2,Cleveland Browns,CLE,26,New Orleans Saints,NO,24,NO,-4.5,49.5,50,0,24,26,-2,CLE,0,Home,26,24,2,-4.5,1
2014-09-21,2014,3,Cleveland Browns,CLE,21,Baltimore Ravens,BAL,23,BAL,-2,43,44,0,23,21,2,CLE,0,Home,21,23,-2,-2,0
2014-10-05,2014,5,Tennessee Titans,TEN,28,Cleveland Browns,CLE,29,CLE,-1,44,57,0,29,28,1,CLE,1,Away,29,28,1,1,0
2014-10-12,2014,6,Cleveland Browns,CLE,31,Pittsburgh Steelers,PIT,10,CLE,-2.5,46.5,41,0,31,10,21,CLE,1,Home,31,10,21,2.5,1
2014-10-19,2014,7,Jacksonville Jaguars,JAX,24,Cleveland Browns,CLE,6,CLE,-4,45,30,0,6,24,-18,CLE,1,Away,6,24,-18,4,0
2014-10-26,2014,8,Cleveland Browns,CLE,23,Oakland Raiders,OAK,13,CLE,-6.5,44.5,36,0,23,13,10,CLE,1,Home,23,13,10,6.5,1
2014-11-02,2014,9,Cleveland Browns,CLE,22,Tampa Bay Buccaneers,TB,17,CLE,-7,44,39,0,22,17,5,CLE,1,Home,22,17,5,7,0
2014-11-06,2014,10,Cincinnati Bengals,CIN,3,Cleveland Browns,CLE,24,CIN,-6.5,46,27,0,3,24,-21,CLE,0,Away,24,3,21,-6.5,1
2014-11-16,2014,11,Cleveland Browns,CLE,7,Houston Texans,HOU,23,CLE,-4.5,42,30,0,7,23,-16,CLE,1,Home,7,23,-16,4.5,0
2014-11-23,2014,12,Atlanta Falcons,ATL,24,Cleveland Browns,CLE,26,ATL,-3,48.5,50,0,24,26,-2,CLE,0,Away,26,24,2,-3,1
2014-11-30,2014,13,Buffalo Bills,BUF,26,Cleveland Browns,CLE,10,BUF,-3,42,36,0,26,10,16,CLE,0,Away,10,26,-16,-3,0
2014-12-07,2014,14,Cleveland Browns,CLE,24,Indianapolis Colts,IND,25,IND,-3,50,49,0,25,24,1,CLE,0,Home,24,25,-1,-3,1
2014-12-14,2014,15,Cleveland Browns,CLE,0,Cincinnati Bengals,CIN,30,CLE,-2.5,43.5,30,0,0,30,-30,CLE,1,Home,0,30,-30,2.5,0
2014-12-21,2014,16,Carolina Panthers,CAR,17,Cleveland Browns,CLE,13,CAR,-6,40,30,0,17,13,4,CLE,0,Away,13,17,-4,-6,1
2014-12-28,2014,17,Baltimore Ravens,BAL,20,Cleveland Browns,CLE,10,BAL,-14,40,30,0,20,10,10,CLE,0,Away,10,20,-10,-14,1
2015-09-13,2015,1,New York Jets,NYJ,31,Cleveland Browns,CLE,10,NYJ,-3.5,38.5,41,0,31,10,21,CLE,0,Away,10,31,-21,-3.5,0
2015-09-20,2015,2,Cleveland Browns,CLE,28,Tennessee Titans,TEN,14,TEN,-1,41,42,0,14,28,-14,CLE,0,Home,28,14,14,-1,1
2015-09-27,2015,3,Cleveland Browns,CLE,20,Oakland Raiders,OAK,27,CLE,-3.5,44,47,0,20,27,-7,CLE,1,Home,20,27,-7,3.5,0
2015-10-04,2015,4,San Diego Chargers,LAC,30,Cleveland Browns,CLE,27,LAC,-5,44.5,57,0,30,27,3,CLE,0,Away,27,30,-3,-5,1
2015-10-11,2015,5,Baltimore Ravens,BAL,30,Cleveland Browns,CLE,33,BAL,-6.5,43,63,0,30,33,-3,CLE,0,Away,33,30,3,-6.5,1
2015-10-18,2015,6,Cleveland Browns,CLE,23,Denver Broncos,DEN,26,DEN,-3.5,42,49,0,26,23,3,CLE,0,Home,23,26,-3,-3.5,1
2015-10-25,2015,7,St. Louis Rams,LAR,24,Cleveland Browns,CLE,6,LAR,-6,44,30,0,24,6,18,CLE,0,Away,6,24,-18,-6,0
2015-11-01,2015,8,Cleveland Browns,CLE,20,Arizona Cardinals,ARI,34,ARI,-7,46,54,0,34,20,14,CLE,0,Home,20,34,-14,-7,0
2015-11-05,2015,9,Cincinnati Bengals,CIN,31,Cleveland Browns,CLE,10,CIN,-13,46,41,0,31,10,21,CLE,0,Away,10,31,-21,-13,0
2015-11-15,2015,10,Pittsburgh Steelers,PIT,30,Cleveland Browns,CLE,9,PIT,-7,43,39,0,30,9,21,CLE,0,Away,9,30,-21,-7,0
2015-11-30,2015,12,Cleveland Browns,CLE,27,Baltimore Ravens,BAL,33,CLE,-6,41,60,0,27,33,-6,CLE,1,Home,27,33,-6,6,0
2015-12-06,2015,13,Cleveland Browns,CLE,3,Cincinnati Bengals,CIN,37,CIN,-7.5,44,40,0,37,3,34,CLE,0,Home,3,37,-34,-7.5,0
2015-12-13,2015,14,Cleveland Browns,CLE,24,San Francisco 49ers,SF,10,CLE,-2.5,43,34,0,24,10,14,CLE,1,Home,24,10,14,2.5,1
2015-12-20,2015,15,Seattle Seahawks,SEA,30,Cleveland Browns,CLE,13,SEA,-14.5,45.5,43,0,30,13,17,CLE,0,Away,13,30,-17,-14.5,0
2015-12-27,2015,16,Kansas City Chiefs,KC,17,Cleveland Browns,CLE,13,KC,-11.5,42.5,30,0,17,13,4,CLE,0,Away,13,17,-4,-11.5,1
2016-01-03,2015,17,Cleveland Browns,CLE,12,Pittsburgh Steelers,PIT,28,PIT,-13,47,40,0,28,12,16,CLE,0,Home,12,28,-16,-13,0
2016-09-11,2016,1,Philadelphia Eagles,PHI,29,Cleveland Browns,CLE,10,PHI,-3.5,41,39,0,29,10,19,CLE,0,Away,10,29,-19,-3.5,0
2016-09-18,2016,2,Cleveland Browns,CLE,20,Baltimore Ravens,BAL,25,BAL,-4.5,42,45,0,25,20,5,CLE,0,Home,20,25,-5,-4.5,0
2016-09-25,2016,3,Miami Dolphins,MIA,30,Cleveland Browns,CLE,24,MIA,-10,42.5,54,0,30,24,6,CLE,0,Away,24,30,-6,-10,1
2016-10-02,2016,4,Washington Redskins,WAS,31,Cleveland Browns,CLE,20,WAS,-7.5,47.5,51,0,31,20,11,CLE,0,Away,20,31,-11,-7.5,0
2016-10-09,2016,5,Cleveland Browns,CLE,13,New England Patriots,NE,33,NE,-10,47.5,46,0,33,13,20,CLE,0,Home,13,33,-20,-10,0
2016-10-16,2016,6,Tennessee Titans,TEN,28,Cleveland Browns,CLE,26,TEN,-7.5,44.5,54,0,28,26,2,CLE,0,Away,26,28,-2,-7.5,1
2016-10-23,2016,7,Cincinnati Bengals,CIN,31,Cleveland Browns,CLE,17,CIN,-11,46.5,48,0,31,17,14,CLE,0,Away,17,31,-14,-11,0
2016-10-30,2016,8,Cleveland Browns,CLE,28,New York Jets,NYJ,31,NYJ,-2.5,45.5,59,0,31,28,3,CLE,0,Home,28,31,-3,-2.5,0
2016-11-06,2016,9,Cleveland Browns,CLE,10,Dallas Cowboys,DAL,35,DAL,-7,49,45,0,35,10,25,CLE,0,Home,10,35,-25,-7,0
2016-11-10,2016,10,Baltimore Ravens,BAL,28,Cleveland Browns,CLE,7,BAL,-7.5,44,35,0,28,7,21,CLE,0,Away,7,28,-21,-7.5,0
2016-11-20,2016,11,Cleveland Browns,CLE,9,Pittsburgh Steelers,PIT,24,PIT,-8.5,45.5,33,0,24,9,15,CLE,0,Home,9,24,-15,-8.5,0
2016-11-27,2016,12,Cleveland Browns,CLE,13,New York Giants,NYG,27,NYG,-6.5,46.5,40,0,27,13,14,CLE,0,Home,13,27,-14,-6.5,0
2016-12-11,2016,14,Cleveland Browns,CLE,10,Cincinnati Bengals,CIN,23,CIN,-5,41.5,33,0,23,10,13,CLE,0,Home,10,23,-13,-5,0
2016-12-18,2016,15,Buffalo Bills,BUF,33,Cleveland Browns,CLE,13,BUF,-10.5,43,46,0,33,13,20,CLE,0,Away,13,33,-20,-10.5,0
2016-12-24,2016,16,Cleveland Browns,CLE,20,San Diego Chargers,LAC,17,LAC,-4.5,45,37,0,17,20,-3,CLE,0,Home,20,17,3,-4.5,1
2017-01-01,2016,17,Pittsburgh Steelers,PIT,27,Cleveland Browns,CLE,24,PIT,-3,41.5,51,0,27,24,3,CLE,0,Away,24,27,-3,-3,0
2017-09-10,2017,1,Cleveland Browns,CLE,18,Pittsburgh Steelers,PIT,21,PIT,-9,47,39,0,21,18,3,CLE,0,Home,18,21,-3,-9,1
2017-09-17,2017,2,Baltimore Ravens,BAL,24,Cleveland Browns,CLE,10,BAL,-7.5,40,34,0,24,10,14,CLE,0,Away,10,24,-14,-7.5,0
2017-09-24,2017,3,Indianapolis Colts,IND,31,Cleveland Browns,CLE,28,CLE,-1,42,59,0,28,31,-3,CLE,1,Away,28,31,-3,1,0
2017-10-01,2017,4,Cleveland Browns,CLE,7,Cincinnati Bengals,CIN,31,CIN,-3,41.5,38,0,31,7,24,CLE,0,Home,7,31,-24,-3,0
2017-10-08,2017,5,Cleveland Browns,CLE,14,New York Jets,NYJ,17,NYJ,-1.5,41.5,31,0,17,14,3,CLE,0,Home,14,17,-3,-1.5,0
2017-10-15,2017,6,Houston Texans,HOU,33,Cleveland Browns,CLE,17,HOU,-9.5,47,50,0,33,17,16,CLE,0,Away,17,33,-16,-9.5,0
2017-10-22,2017,7,Cleveland Browns,CLE,9,Tennessee Titans,TEN,12,TEN,-5.5,42.5,21,0,12,9,3,CLE,0,Home,9,12,-3,-5.5,1
2017-11-12,2017,10,Detroit Lions,DET,38,Cleveland Browns,CLE,24,DET,-10.5,42.5,62,0,38,24,14,CLE,0,Away,24,38,-14,-10.5,0
2017-11-19,2017,11,Cleveland Browns,CLE,7,Jacksonville Jaguars,JAX,19,JAX,-7.5,37.5,26,0,19,7,12,CLE,0,Home,7,19,-12,-7.5,0
2017-11-26,2017,12,Cincinnati Bengals,CIN,30,Cleveland Browns,CLE,16,CIN,-8,38,46,0,30,16,14,CLE,0,Away,16,30,-14,-8,0
2017-12-03,2017,13,Los Angeles Chargers,LAC,19,Cleveland Browns,CLE,10,LAC,-13.5,43.5,29,0,19,10,9,CLE,0,Away,10,19,-9,-13.5,1
2017-12-10,2017,14,Cleveland Browns,CLE,21,Green Bay Packers,GB,27,GB,-2.5,38.5,48,0,27,21,6,CLE,0,Home,21,27,-6,-2.5,0
2017-12-17,2017,15,Cleveland Browns,CLE,10,Baltimore Ravens,BAL,27,BAL,-6.5,42,37,0,27,10,17,CLE,0,Home,10,27,-17,-6.5,0
2017-12-24,2017,16,Chicago Bears,CHI,20,Cleveland Browns,CLE,3,CHI,-5.5,37,23,0,20,3,17,CLE,0,Away,3,20,-17,-5.5,0
2017-12-31,2017,17,Pittsburgh Steelers,PIT,28,Cleveland Browns,CLE,24,PIT,-5,38.5,52,0,28,24,4,CLE,0,Away,24,28,-4,-5,1
2018-09-09,2018,1,Cleveland Browns,CLE,21,Pittsburgh Steelers,PIT,21,PIT,-3.5,41,42,0,21,21,0,CLE,0,Home,21,21,0,-3.5,1
2018-09-16,2018,2,New Orleans Saints,NO,21,Cleveland Browns,CLE,18,NO,-10,51,39,0,21,18,3,CLE,0,Away,18,21,-3,-10,1
2018-09-20,2018,3,Cleveland Browns,CLE,21,New York Jets,NYJ,17,CLE,-3,41,38,0,21,17,4,CLE,1,Home,21,17,4,3,1
2018-09-30,2018,4,Oakland Raiders,OAK,45,Cleveland Browns,CLE,42,OAK,-2.5,44.5,87,0,45,42,3,CLE,0,Away,42,45,-3,-2.5,0
2018-10-07,2018,5,Cleveland Browns,CLE,12,Baltimore Ravens,BAL,9,BAL,-3,44.5,21,0,9,12,-3,CLE,0,Home,12,9,3,-3,1
2018-10-14,2018,6,Cleveland Browns,CLE,14,Los Angeles Chargers,LAC,38,CLE,-1,47,52,0,14,38,-24,CLE,1,Home,14,38,-24,1,0
2018-10-21,2018,7,Tampa Bay Buccaneers,TB,26,Cleveland Browns,CLE,23,TB,-3.5,52.5,49,0,26,23,3,CLE,0,Away,23,26,-3,-3.5,1
2018-10-28,2018,8,Pittsburgh Steelers,PIT,33,Cleveland Browns,CLE,18,PIT,-8.5,47.5,51,0,33,18,15,CLE,0,Away,18,33,-15,-8.5,0
2018-11-04,2018,9,Cleveland Browns,CLE,21,Kansas City Chiefs,KC,37,KC,-7.5,51.5,58,0,37,21,16,CLE,0,Home,21,37,-16,-7.5,0
2018-11-11,2018,10,Cleveland Browns,CLE,28,Atlanta Falcons,ATL,16,ATL,-5.5,49.5,44,0,16,28,-12,CLE,0,Home,28,16,12,-5.5,1
2018-11-25,2018,12,Cincinnati Bengals,CIN,20,Cleveland Browns,CLE,35,CLE,-1,46.5,55,0,35,20,15,CLE,1,Away,35,20,15,1,1
2018-12-02,2018,13,Houston Texans,HOU,29,Cleveland Browns,CLE,13,HOU,-5,47.5,42,0,29,13,16,CLE,0,Away,13,29,-16,-5,0
2018-12-09,2018,14,Cleveland Browns,CLE,26,Carolina Panthers,CAR,20,CAR,-1,47.5,46,0,20,26,-6,CLE,0,Home,26,20,6,-1,1
2018-12-15,2018,15,Denver Broncos,DEN,16,Cleveland Browns,CLE,17,DEN,-1,47,33,0,16,17,-1,CLE,0,Away,17,16,1,-1,1
2018-12-23,2018,16,Cleveland Browns,CLE,26,Cincinnati Bengals,CIN,18,CLE,-10,44,44,0,26,18,8,CLE,1,Home,26,18,8,10,0
2018-12-30,2018,17,Baltimore Ravens,BAL,26,Cleveland Browns,CLE,24,BAL,-7,41,50,0,26,24,2,CLE,0,Away,24,26,-2,-7,1
2019-09-08,2019,1,Cleveland Browns,CLE,13,Tennessee Titans,TEN,43,CLE,-5.5,44,56,0,13,43,-30,CLE,1,Home,13,43,-30,5.5,0
2019-09-16,2019,2,New York Jets,NYJ,3,Cleveland Browns,CLE,23,CLE,-6.5,45,26,0,23,3,20,CLE,1,Away,23,3,20,6.5,1
2019-09-22,2019,3,Cleveland Browns,CLE,13,Los Angeles Rams,LAR,20,LAR,-4,48,33,0,20,13,7,CLE,0,Home,13,20,-7,-4,0
2019-09-29,2019,4,Baltimore Ravens,BAL,25,Cleveland Browns,CLE,40,BAL,-7,47.5,65,0,25,40,-15,CLE,0,Away,40,25,15,-7,1
2019-10-07,2019,5,San Francisco 49ers,SF,31,Cleveland Browns,CLE,3,SF,-4.5,48,34,0,31,3,28,CLE,0,Away,3,31,-28,-4.5,0
2019-10-13,2019,6,Cleveland Browns,CLE,28,Seattle Seahawks,SEA,32,CLE,-1,45.5,60,0,28,32,-4,CLE,1,Home,28,32,-4,1,0
2019-10-27,2019,8,New England Patriots,NE,27,Cleveland Browns,CLE,13,NE,-10,43,40,0,27,13,14,CLE,0,Away,13,27,-14,-10,0
2019-11-03,2019,9,Denver Broncos,DEN,24,Cleveland Browns,CLE,19,CLE,-4,39,43,0,19,24,-5,CLE,1,Away,19,24,-5,4,0
2019-11-10,2019,10,Cleveland Browns,CLE,19,Buffalo Bills,BUF,16,CLE,-3,42,35,0,19,16,3,CLE,1,Home,19,16,3,3,0
2019-11-14,2019,11,Cleveland Browns,CLE,21,Pittsburgh Steelers,PIT,7,CLE,-3,41.5,28,0,21,7,14,CLE,1,Home,21,7,14,3,1
2019-11-24,2019,12,Cleveland Browns,CLE,41,Miami Dolphins,MIA,24,CLE,-11,46,65,0,41,24,17,CLE,1,Home,41,24,17,11,1
2019-12-01,2019,13,Pittsburgh Steelers,PIT,20,Cleveland Browns,CLE,13,CLE,-1,40,33,0,13,20,-7,CLE,1,Away,13,20,-7,1,0
2019-12-08,2019,14,Cleveland Browns,CLE,27,Cincinnati Bengals,CIN,19,CLE,-6.5,43.5,46,0,27,19,8,CLE,1,Home,27,19,8,6.5,1
2019-12-15,2019,15,Arizona Cardinals,ARI,38,Cleveland Browns,CLE,24,CLE,-3,49,62,0,24,38,-14,CLE,1,Away,24,38,-14,3,0
2019-12-22,2019,16,Cleveland Browns,CLE,15,Baltimore Ravens,BAL,31,BAL,-10,49,46,0,31,15,16,CLE,0,Home,15,31,-16,-10,0
2019-12-29,2019,17,Cincinnati Bengals,CIN,33,Cleveland Browns,CLE,23,CLE,-2.5,43.5,56,0,23,33,-10,CLE,1,Away,23,33,-10,2.5,0
2000-09-03,2000,1,Dallas Cowboys,DAL,14,Philadelphia Eagles,PHI,41,DAL,-6,39.5,55,0,14,41,-27,DAL,1,Home,14,41,-27,6,0
2000-09-10,2000,2,Arizona Cardinals,ARI,32,Dallas Cowboys,DAL,31,ARI,-3,38.5,63,0,32,31,1,DAL,0,Away,31,32,-1,-3,1
2000-09-18,2000,3,Washington Redskins,WAS,21,Dallas Cowboys,DAL,27,WAS,-10.5,44,48,0,21,27,-6,DAL,0,Away,27,21,6,-10.5,1
2000-09-24,2000,4,Dallas Cowboys,DAL,24,San Francisco 49ers,SF,41,DAL,-6.5,47,65,0,24,41,-17,DAL,1,Home,24,41,-17,6.5,0
2000-10-01,2000,5,Carolina Panthers,CAR,13,Dallas Cowboys,DAL,16,CAR,-6.5,47.5,29,0,13,16,-3,DAL,0,Away,16,13,3,-6.5,1
2000-10-15,2000,7,New York Giants,NYG,19,Dallas Cowboys,DAL,14,NYG,-4,40.5,33,0,19,14,5,DAL,0,Away,14,19,-5,-4,0
2000-10-22,2000,8,Dallas Cowboys,DAL,48,Arizona Cardinals,ARI,7,DAL,-7,41.5,55,0,48,7,41,DAL,1,Home,48,7,41,7,1
2000-10-29,2000,9,Dallas Cowboys,DAL,17,Jacksonville Jaguars,JAX,23,DAL,-4,44.5,40,0,17,23,-6,DAL,1,Home,17,23,-6,4,0
2000-11-05,2000,10,Philadelphia Eagles,PHI,16,Dallas Cowboys,DAL,13,PHI,-3,40,29,0,16,13,3,DAL,0,Away,13,16,-3,-3,0
2000-11-12,2000,11,Dallas Cowboys,DAL,23,Cincinnati Bengals,CIN,6,DAL,-8.5,39,29,0,23,6,17,DAL,1,Home,23,6,17,8.5,1
2000-11-19,2000,12,Baltimore Ravens,BAL,27,Dallas Cowboys,DAL,0,BAL,-7,36,27,0,27,0,27,DAL,0,Away,0,27,-27,-7,0
2000-11-23,2000,13,Dallas Cowboys,DAL,15,Minnesota Vikings,MIN,27,MIN,-7,48,42,0,27,15,12,DAL,0,Home,15,27,-12,-7,0
2000-12-03,2000,14,Tampa Bay Buccaneers,TB,27,Dallas Cowboys,DAL,7,TB,-10,37,34,0,27,7,20,DAL,0,Away,7,27,-20,-10,0
2000-12-10,2000,15,Dallas Cowboys,DAL,32,Washington Redskins,WAS,13,WAS,-6,39,45,0,13,32,-19,DAL,0,Home,32,13,19,-6,1
2000-12-17,2000,16,Dallas Cowboys,DAL,13,New York Giants,NYG,17,NYG,-6.5,36,30,0,17,13,4,DAL,0,Home,13,17,-4,-6.5,1
2000-12-25,2000,17,Tennessee Titans,TEN,31,Dallas Cowboys,DAL,0,TEN,-13.5,37.5,31,0,31,0,31,DAL,0,Away,0,31,-31,-13.5,0
2001-09-09,2001,1,Dallas Cowboys,DAL,6,Tampa Bay Buccaneers,TB,10,TB,-9,34,16,0,10,6,4,DAL,0,Home,6,10,-4,-9,1
2001-09-23,2001,2,Dallas Cowboys,DAL,21,San Diego Chargers,LAC,32,LAC,-3.5,34,53,0,32,21,11,DAL,0,Home,21,32,-11,-3.5,0
2001-09-30,2001,3,Philadelphia Eagles,PHI,40,Dallas Cowboys,DAL,18,PHI,-13.5,34.5,58,0,40,18,22,DAL,0,Away,18,40,-22,-13.5,0
2001-10-07,2001,4,Oakland Raiders,OAK,28,Dallas Cowboys,DAL,21,OAK,-18,41.5,49,0,28,21,7,DAL,0,Away,21,28,-7,-18,1
2001-10-15,2001,5,Dallas Cowboys,DAL,9,Washington Redskins,WAS,7,DAL,-3,37,16,0,9,7,2,DAL,1,Home,9,7,2,3,0
2001-10-28,2001,7,Dallas Cowboys,DAL,17,Arizona Cardinals,ARI,3,ARI,-3,38,20,0,3,17,-14,DAL,0,Home,17,3,14,-3,1
2001-11-04,2001,8,New York Giants,NYG,27,Dallas Cowboys,DAL,24,NYG,-10.5,35.5,51,0,27,24,3,DAL,0,Away,24,27,-3,-10.5,1
2001-11-11,2001,9,Atlanta Falcons,ATL,20,Dallas Cowboys,DAL,13,ATL,-6,37,33,0,20,13,7,DAL,0,Away,13,20,-7,-6,0
2001-11-18,2001,10,Dallas Cowboys,DAL,3,Philadelphia Eagles,PHI,36,PHI,-7,37,39,0,36,3,33,DAL,0,Home,3,36,-33,-7,0
2001-11-22,2001,11,Dallas Cowboys,DAL,24,Denver Broncos,DEN,26,DEN,-7,40.5,50,0,26,24,2,DAL,0,Home,24,26,-2,-7,1
2001-12-02,2001,12,Washington Redskins,WAS,14,Dallas Cowboys,DAL,20,WAS,-8.5,35.5,34,0,14,20,-6,DAL,0,Away,20,14,6,-8.5,1
2001-12-09,2001,13,Dallas Cowboys,DAL,20,New York Giants,NYG,13,NYG,-3.5,35.5,33,0,13,20,-7,DAL,0,Home,20,13,7,-3.5,1
2001-12-16,2001,14,Seattle Seahawks,SEA,29,Dallas Cowboys,DAL,3,SEA,-5.5,36.5,32,0,29,3,26,DAL,0,Away,3,29,-26,-5.5,0
2001-12-23,2001,15,Arizona Cardinals,ARI,17,Dallas Cowboys,DAL,10,ARI,-3.5,37,27,0,17,10,7,DAL,0,Away,10,17,-7,-3.5,0
2001-12-30,2001,16,Dallas Cowboys,DAL,27,San Francisco 49ers,SF,21,SF,-6.5,39.5,48,0,21,27,-6,DAL,0,Home,27,21,6,-6.5,1
2002-01-06,2001,17,Detroit Lions,DET,15,Dallas Cowboys,DAL,10,DAL,-3,36,25,0,10,15,-5,DAL,1,Away,10,15,-5,3,0
2002-09-08,2002,1,Houston Texans,HOU,19,Dallas Cowboys,DAL,10,DAL,-8.5,33.5,29,0,10,19,-9,DAL,1,Away,10,19,-9,8.5,0
2002-09-15,2002,2,Dallas Cowboys,DAL,21,Tennessee Titans,TEN,13,TEN,-3.5,37.5,34,0,13,21,-8,DAL,0,Home,21,13,8,-3.5,1
2002-09-22,2002,3,Philadelphia Eagles,PHI,44,Dallas Cowboys,DAL,13,PHI,-10,36.5,57,0,44,13,31,DAL,0,Away,13,44,-31,-10,0
2002-09-29,2002,4,St. Louis Rams,LAR,10,Dallas Cowboys,DAL,13,LAR,-12,44,23,0,10,13,-3,DAL,0,Away,13,10,3,-12,1
2002-10-06,2002,5,Dallas Cowboys,DAL,17,New York Giants,NYG,21,NYG,-1.5,34.5,38,0,21,17,4,DAL,0,Home,17,21,-4,-1.5,0
2002-10-13,2002,6,Dallas Cowboys,DAL,14,Carolina Panthers,CAR,13,DAL,-2,35,27,0,14,13,1,DAL,1,Home,14,13,1,2,0
2002-10-20,2002,7,Arizona Cardinals,ARI,9,Dallas Cowboys,DAL,6,ARI,-3.5,36.5,15,0,9,6,3,DAL,0,Away,6,9,-3,-3.5,1
2002-10-27,2002,8,Dallas Cowboys,DAL,14,Seattle Seahawks,SEA,17,DAL,-2,37,31,0,14,17,-3,DAL,1,Home,14,17,-3,2,0
2002-11-03,2002,9,Detroit Lions,DET,9,Dallas Cowboys,DAL,7,DET,-3,37,16,0,9,7,2,DAL,0,Away,7,9,-2,-3,1
2002-11-17,2002,11,Indianapolis Colts,IND,20,Dallas Cowboys,DAL,3,IND,-6.5,39.5,23,0,20,3,17,DAL,0,Away,3,20,-17,-6.5,0
2002-11-24,2002,12,Dallas Cowboys,DAL,21,Jacksonville Jaguars,JAX,19,JAX,-2.5,34,40,0,19,21,-2,DAL,0,Home,21,19,2,-2.5,1
2002-11-28,2002,13,Dallas Cowboys,DAL,27,Washington Redskins,WAS,20,WAS,-1,36.5,47,0,20,27,-7,DAL,0,Home,27,20,7,-1,1
2002-12-08,2002,14,Dallas Cowboys,DAL,27,San Francisco 49ers,SF,31,SF,-4.5,40,58,0,31,27,4,DAL,0,Home,27,31,-4,-4.5,1
2002-12-15,2002,15,New York Giants,NYG,37,Dallas Cowboys,DAL,7,NYG,-5,35,44,0,37,7,30,DAL,0,Away,7,37,-30,-5,0
2002-12-21,2002,16,Dallas Cowboys,DAL,3,Philadelphia Eagles,PHI,27,PHI,-7,36.5,30,0,27,3,24,DAL,0,Home,3,27,-24,-7,0
2002-12-29,2002,17,Washington Redskins,WAS,20,Dallas Cowboys,DAL,14,WAS,-7.5,36.5,34,0,20,14,6,DAL,0,Away,14,20,-6,-7.5,1
2003-09-07,2003,1,Dallas Cowboys,DAL,13,Atlanta Falcons,ATL,27,DAL,-2,36.5,40,0,13,27,-14,DAL,1,Home,13,27,-14,2,0
2003-09-15,2003,2,New York Giants,NYG,32,Dallas Cowboys,DAL,35,NYG,-7.5,36.5,67,0,32,35,-3,DAL,0,Away,35,32,3,-7.5,1
2003-09-28,2003,4,New York Jets,NYJ,6,Dallas Cowboys,DAL,17,NYJ,-3,37,23,0,6,17,-11,DAL,0,Away,17,6,11,-3,1
2003-10-05,2003,5,Dallas Cowboys,DAL,24,Arizona Cardinals,ARI,7,DAL,-7.5,39.5,31,0,24,7,17,DAL,1,Home,24,7,17,7.5,1
2003-10-12,2003,6,Dallas Cowboys,DAL,23,Philadelphia Eagles,PHI,21,DAL,-1,37.5,44,0,23,21,2,DAL,1,Home,23,21,2,1,1
2003-10-19,2003,7,Detroit Lions,DET,7,Dallas Cowboys,DAL,38,DAL,-3,39,45,0,38,7,31,DAL,1,Away,38,7,31,3,1
2003-10-26,2003,8,Tampa Bay Buccaneers,TB,16,Dallas Cowboys,DAL,0,TB,-6,37,16,0,16,0,16,DAL,0,Away,0,16,-16,-6,0
2003-11-02,2003,9,Dallas Cowboys,DAL,21,Washington Redskins,WAS,14,DAL,-6,38.5,35,0,21,14,7,DAL,1,Home,21,14,7,6,1
2003-11-09,2003,10,Dallas Cowboys,DAL,10,Buffalo Bills,BUF,6,DAL,-4,37,16,0,10,6,4,DAL,1,Home,10,6,4,4,0
2003-11-16,2003,11,New England Patriots,NE,12,Dallas Cowboys,DAL,0,NE,-4,35,12,0,12,0,12,DAL,0,Away,0,12,-12,-4,0
2003-11-23,2003,12,Dallas Cowboys,DAL,24,Carolina Panthers,CAR,20,DAL,-3,33,44,0,24,20,4,DAL,1,Home,24,20,4,3,1
2003-11-27,2003,13,Dallas Cowboys,DAL,21,Miami Dolphins,MIA,40,DAL,-3,34.5,61,0,21,40,-19,DAL,1,Home,21,40,-19,3,0
2003-12-07,2003,14,Philadelphia Eagles,PHI,36,Dallas Cowboys,DAL,10,PHI,-5.5,35.5,46,0,36,10,26,DAL,0,Away,10,36,-26,-5.5,0
2003-12-14,2003,15,Washington Redskins,WAS,0,Dallas Cowboys,DAL,27,DAL,-3,34,27,0,27,0,27,DAL,1,Away,27,0,27,3,1
2003-12-21,2003,16,Dallas Cowboys,DAL,19,New York Giants,NYG,3,DAL,-12.5,35.5,22,0,19,3,16,DAL,1,Home,19,3,16,12.5,1
2003-12-28,2003,17,New Orleans Saints,NO,13,Dallas Cowboys,DAL,7,DAL,-1,38,20,0,7,13,-6,DAL,1,Away,7,13,-6,1,0
2004-09-12,2004,1,Minnesota Vikings,MIN,35,Dallas Cowboys,DAL,17,MIN,-6.5,44,52,0,35,17,18,DAL,0,Away,17,35,-18,-6.5,0
2004-09-19,2004,2,Dallas Cowboys,DAL,19,Cleveland Browns,CLE,12,DAL,-4.5,38,31,0,19,12,7,DAL,1,Home,19,12,7,4.5,1
2004-09-27,2004,3,Washington Redskins,WAS,18,Dallas Cowboys,DAL,21,WAS,-1.5,35.5,39,0,18,21,-3,DAL,0,Away,21,18,3,-1.5,1
2004-10-10,2004,5,Dallas Cowboys,DAL,10,New York Giants,NYG,26,DAL,-3.5,38.5,36,0,10,26,-16,DAL,1,Home,10,26,-16,3.5,0
2004-10-17,2004,6,Dallas Cowboys,DAL,20,Pittsburgh Steelers,PIT,24,DAL,-3,39,44,0,20,24,-4,DAL,1,Home,20,24,-4,3,0
2004-10-24,2004,7,Green Bay Packers,GB,41,Dallas Cowboys,DAL,20,GB,-4,44,61,0,41,20,21,DAL,0,Away,20,41,-21,-4,0
2004-10-31,2004,8,Dallas Cowboys,DAL,31,Detroit Lions,DET,21,DAL,-3,40,52,0,31,21,10,DAL,1,Home,31,21,10,3,1
2004-11-07,2004,9,Cincinnati Bengals,CIN,26,Dallas Cowboys,DAL,3,PICK,0,44,29,0,3,26,-23,DAL,0,Away,3,26,-23,0,0
2004-11-15,2004,10,Dallas Cowboys,DAL,21,Philadelphia Eagles,PHI,49,PHI,-7,43,70,0,49,21,28,DAL,0,Home,21,49,-28,-7,0
2004-11-21,2004,11,Baltimore Ravens,BAL,30,Dallas Cowboys,DAL,10,BAL,-7.5,36,40,0,30,10,20,DAL,0,Away,10,30,-20,-7.5,0
2004-11-25,2004,12,Dallas Cowboys,DAL,21,Chicago Bears,CHI,7,DAL,-3.5,36,28,0,21,7,14,DAL,1,Home,21,7,14,3.5,1
2004-12-06,2004,13,Seattle Seahawks,SEA,39,Dallas Cowboys,DAL,43,SEA,-7,42,82,0,39,43,-4,DAL,0,Away,43,39,4,-7,1
2004-12-12,2004,14,Dallas Cowboys,DAL,13,New Orleans Saints,NO,27,DAL,-7,49,40,0,13,27,-14,DAL,1,Home,13,27,-14,7,0
2004-12-19,2004,15,Philadelphia Eagles,PHI,12,Dallas Cowboys,DAL,7,PHI,-11.5,45,19,0,12,7,5,DAL,0,Away,7,12,-5,-11.5,1
2004-12-26,2004,16,Dallas Cowboys,DAL,13,Washington Redskins,WAS,10,WAS,-2.5,35,23,0,10,13,-3,DAL,0,Home,13,10,3,-2.5,1
2005-01-02,2004,17,New York Giants,NYG,28,Dallas Cowboys,DAL,24,NYG,-1,38.5,52,0,28,24,4,DAL,0,Away,24,28,-4,-1,0
2005-09-11,2005,1,San Diego Chargers,LAC,24,Dallas Cowboys,DAL,28,LAC,-5,41,52,0,24,28,-4,DAL,0,Away,28,24,4,-5,1
2005-09-19,2005,2,Dallas Cowboys,DAL,13,Washington Redskins,WAS,14,DAL,-6,36,27,0,13,14,-1,DAL,1,Home,13,14,-1,6,0
2005-09-25,2005,3,San Francisco 49ers,SF,31,Dallas Cowboys,DAL,34,DAL,-6.5,41,65,0,34,31,3,DAL,1,Away,34,31,3,6.5,0
2005-10-02,2005,4,Oakland Raiders,OAK,19,Dallas Cowboys,DAL,13,OAK,-3,46,32,0,19,13,6,DAL,0,Away,13,19,-6,-3,0
2005-10-09,2005,5,Dallas Cowboys,DAL,33,Philadelphia Eagles,PHI,10,PHI,-3.5,44,43,0,10,33,-23,DAL,0,Home,33,10,23,-3.5,1
2005-10-16,2005,6,Dallas Cowboys,DAL,16,New York Giants,NYG,13,DAL,-3.5,45.5,29,0,16,13,3,DAL,1,Home,16,13,3,3.5,0
2005-10-23,2005,7,Seattle Seahawks,SEA,13,Dallas Cowboys,DAL,10,SEA,-3,45.5,23,0,13,10,3,DAL,0,Away,10,13,-3,-3,0
2005-10-30,2005,8,Dallas Cowboys,DAL,34,Arizona Cardinals,ARI,13,DAL,-7,41,47,0,34,13,21,DAL,1,Home,34,13,21,7,1
2005-11-14,2005,10,Philadelphia Eagles,PHI,20,Dallas Cowboys,DAL,21,PHI,-3,40,41,0,20,21,-1,DAL,0,Away,21,20,1,-3,1
2005-11-20,2005,11,Dallas Cowboys,DAL,20,Detroit Lions,DET,7,DAL,-8,39,27,0,20,7,13,DAL,1,Home,20,7,13,8,1
2005-11-24,2005,12,Dallas Cowboys,DAL,21,Denver Broncos,DEN,24,DAL,-1.5,41,45,0,21,24,-3,DAL,1,Home,21,24,-3,1.5,0
2005-12-04,2005,13,New York Giants,NYG,17,Dallas Cowboys,DAL,10,NYG,-3,41,27,0,17,10,7,DAL,0,Away,10,17,-7,-3,0
2005-12-11,2005,14,Dallas Cowboys,DAL,31,Kansas City Chiefs,KC,28,DAL,-3,44,59,0,31,28,3,DAL,1,Home,31,28,3,3,0
2005-12-18,2005,15,Washington Redskins,WAS,35,Dallas Cowboys,DAL,7,WAS,-3,36,42,0,35,7,28,DAL,0,Away,7,35,-28,-3,0
2005-12-24,2005,16,Carolina Panthers,CAR,20,Dallas Cowboys,DAL,24,CAR,-5.5,38.5,44,0,20,24,-4,DAL,0,Away,24,20,4,-5.5,1
2006-01-01,2005,17,Dallas Cowboys,DAL,10,St. Louis Rams,LAR,20,DAL,-12.5,43,30,0,10,20,-10,DAL,1,Home,10,20,-10,12.5,0
2006-09-10,2006,1,Jacksonville Jaguars,JAX,24,Dallas Cowboys,DAL,17,DAL,-2.5,36.5,41,0,17,24,-7,DAL,1,Away,17,24,-7,2.5,0
2006-09-17,2006,2,Dallas Cowboys,DAL,27,Washington Redskins,WAS,10,DAL,-7,37,37,0,27,10,17,DAL,1,Home,27,10,17,7,1
2006-10-01,2006,4,Tennessee Titans,TEN,14,Dallas Cowboys,DAL,45,DAL,-9.5,37,59,0,45,14,31,DAL,1,Away,45,14,31,9.5,1
2006-10-08,2006,5,Philadelphia Eagles,PHI,38,Dallas Cowboys,DAL,24,PHI,-2,43,62,0,38,24,14,DAL,0,Away,24,38,-14,-2,0
2006-10-15,2006,6,Dallas Cowboys,DAL,34,Houston Texans,HOU,6,DAL,-13,44,40,0,34,6,28,DAL,1,Home,34,6,28,13,1
2006-10-23,2006,7,Dallas Cowboys,DAL,22,New York Giants,NYG,36,DAL,-3,43.5,58,0,22,36,-14,DAL,1,Home,22,36,-14,3,0
2006-10-29,2006,8,Carolina Panthers,CAR,14,Dallas Cowboys,DAL,35,CAR,-5.5,40.5,49,0,14,35,-21,DAL,0,Away,35,14,21,-5.5,1
2006-11-05,2006,9,Washington Redskins,WAS,22,Dallas Cowboys,DAL,19,DAL,-3,40.5,41,0,19,22,-3,DAL,1,Away,19,22,-3,3,0
2006-11-12,2006,10,Arizona Cardinals,ARI,10,Dallas Cowboys,DAL,27,DAL,-6.5,43.5,37,0,27,10,17,DAL,1,Away,27,10,17,6.5,1
2006-11-19,2006,11,Dallas Cowboys,DAL,21,Indianapolis Colts,IND,14,IND,-1,49,35,0,14,21,-7,DAL,0,Home,21,14,7,-1,1
2006-11-23,2006,12,Dallas Cowboys,DAL,38,Tampa Bay Buccaneers,TB,10,DAL,-11,39,48,0,38,10,28,DAL,1,Home,38,10,28,11,1
2006-12-03,2006,13,New York Giants,NYG,20,Dallas Cowboys,DAL,23,DAL,-3.5,44,43,0,23,20,3,DAL,1,Away,23,20,3,3.5,0
2006-12-10,2006,14,Dallas Cowboys,DAL,17,New Orleans Saints,NO,42,DAL,-6.5,48,59,0,17,42,-25,DAL,1,Home,17,42,-25,6.5,0
2006-12-16,2006,15,Atlanta Falcons,ATL,28,Dallas Cowboys,DAL,38,DAL,-3.5,44.5,66,0,38,28,10,DAL,1,Away,38,28,10,3.5,1
2006-12-25,2006,16,Dallas Cowboys,DAL,7,Philadelphia Eagles,PHI,23,DAL,-7,48.5,30,0,7,23,-16,DAL,1,Home,7,23,-16,7,0
2006-12-31,2006,17,Dallas Cowboys,DAL,31,Detroit Lions,DET,39,DAL,-14,46,70,0,31,39,-8,DAL,1,Home,31,39,-8,14,0
2007-09-09,2007,1,Dallas Cowboys,DAL,45,New York Giants,NYG,35,DAL,-6.5,44.5,80,0,45,35,10,DAL,1,Home,45,35,10,6.5,1
2007-09-16,2007,2,Miami Dolphins,MIA,20,Dallas Cowboys,DAL,37,DAL,-3.5,40.5,57,0,37,20,17,DAL,1,Away,37,20,17,3.5,1
2007-09-23,2007,3,Chicago Bears,CHI,10,Dallas Cowboys,DAL,34,CHI,-3,41.5,44,0,10,34,-24,DAL,0,Away,34,10,24,-3,1
2007-09-30,2007,4,Dallas Cowboys,DAL,35,St. Louis Rams,LAR,7,DAL,-13,47,42,0,35,7,28,DAL,1,Home,35,7,28,13,1
2007-10-08,2007,5,Buffalo Bills,BUF,24,Dallas Cowboys,DAL,25,DAL,-11,45,49,0,25,24,1,DAL,1,Away,25,24,1,11,0
2007-10-14,2007,6,Dallas Cowboys,DAL,27,New England Patriots,NE,48,NE,-5,53,75,0,48,27,21,DAL,0,Home,27,48,-21,-5,0
2007-10-21,2007,7,Dallas Cowboys,DAL,24,Minnesota Vikings,MIN,14,DAL,-9.5,46.5,38,0,24,14,10,DAL,1,Home,24,14,10,9.5,1
2007-11-04,2007,9,Philadelphia Eagles,PHI,17,Dallas Cowboys,DAL,38,DAL,-3,46.5,55,0,38,17,21,DAL,1,Away,38,17,21,3,1
2007-11-11,2007,10,New York Giants,NYG,20,Dallas Cowboys,DAL,31,DAL,-1.5,48,51,0,31,20,11,DAL,1,Away,31,20,11,1.5,1
2007-11-18,2007,11,Dallas Cowboys,DAL,28,Washington Redskins,WAS,23,DAL,-11,47,51,0,28,23,5,DAL,1,Home,28,23,5,11,0
2007-11-22,2007,12,Dallas Cowboys,DAL,34,New York Jets,NYJ,3,DAL,-14.5,47.5,37,0,34,3,31,DAL,1,Home,34,3,31,14.5,1
2007-11-29,2007,13,Dallas Cowboys,DAL,37,Green Bay Packers,GB,27,DAL,-6.5,52.5,64,0,37,27,10,DAL,1,Home,37,27,10,6.5,1
2007-12-09,2007,14,Detroit Lions,DET,27,Dallas Cowboys,DAL,28,DAL,-10.5,50.5,55,0,28,27,1,DAL,1,Away,28,27,1,10.5,0
2007-12-16,2007,15,Dallas Cowboys,DAL,6,Philadelphia Eagles,PHI,10,DAL,-10,49,16,0,6,10,-4,DAL,1,Home,6,10,-4,10,0
2007-12-22,2007,16,Carolina Panthers,CAR,13,Dallas Cowboys,DAL,20,DAL,-10.5,42.5,33,0,20,13,7,DAL,1,Away,20,13,7,10.5,0
2007-12-30,2007,17,Washington Redskins,WAS,27,Dallas Cowboys,DAL,6,WAS,-9,39.5,33,0,27,6,21,DAL,0,Away,6,27,-21,-9,0
2008-09-07,2008,1,Cleveland Browns,CLE,10,Dallas Cowboys,DAL,28,DAL,-6,48.5,38,0,28,10,18,DAL,1,Away,28,10,18,6,1
2008-09-15,2008,2,Dallas Cowboys,DAL,41,Philadelphia Eagles,PHI,37,DAL,-6.5,46.5,78,0,41,37,4,DAL,1,Home,41,37,4,6.5,0
2008-09-21,2008,3,Green Bay Packers,GB,16,Dallas Cowboys,DAL,27,DAL,-3,51,43,0,27,16,11,DAL,1,Away,27,16,11,3,1
2008-09-28,2008,4,Dallas Cowboys,DAL,24,Washington Redskins,WAS,26,DAL,-10,47,50,0,24,26,-2,DAL,1,Home,24,26,-2,10,0
2008-10-05,2008,5,Dallas Cowboys,DAL,31,Cincinnati Bengals,CIN,22,DAL,-16,46,53,0,31,22,9,DAL,1,Home,31,22,9,16,0
2008-10-12,2008,6,Arizona Cardinals,ARI,30,Dallas Cowboys,DAL,24,DAL,-5,53,54,0,24,30,-6,DAL,1,Away,24,30,-6,5,0
2008-10-19,2008,7,St. Louis Rams,LAR,34,Dallas Cowboys,DAL,14,DAL,-8,45,48,0,14,34,-20,DAL,1,Away,14,34,-20,8,0
2008-10-26,2008,8,Dallas Cowboys,DAL,13,Tampa Bay Buccaneers,TB,9,DAL,-1.5,40.5,22,0,13,9,4,DAL,1,Home,13,9,4,1.5,1
2008-11-02,2008,9,New York Giants,NYG,35,Dallas Cowboys,DAL,14,NYG,-8.5,42,49,0,35,14,21,DAL,0,Away,14,35,-21,-8.5,0
2008-11-16,2008,11,Washington Redskins,WAS,10,Dallas Cowboys,DAL,14,DAL,-2,43,24,0,14,10,4,DAL,1,Away,14,10,4,2,1
2008-11-23,2008,12,Dallas Cowboys,DAL,35,San Francisco 49ers,SF,22,DAL,-9.5,45.5,57,0,35,22,13,DAL,1,Home,35,22,13,9.5,1
2008-11-27,2008,13,Dallas Cowboys,DAL,34,Seattle Seahawks,SEA,9,DAL,-12,46.5,43,0,34,9,25,DAL,1,Home,34,9,25,12,1
2008-12-07,2008,14,Pittsburgh Steelers,PIT,20,Dallas Cowboys,DAL,13,PIT,-4,38.5,33,0,20,13,7,DAL,0,Away,13,20,-7,-4,0
2008-12-14,2008,15,Dallas Cowboys,DAL,20,New York Giants,NYG,8,DAL,-3,46,28,0,20,8,12,DAL,1,Home,20,8,12,3,1
2008-12-20,2008,16,Dallas Cowboys,DAL,24,Baltimore Ravens,BAL,33,DAL,-5.5,39,57,0,24,33,-9,DAL,1,Home,24,33,-9,5.5,0
2008-12-28,2008,17,Philadelphia Eagles,PHI,44,Dallas Cowboys,DAL,6,PHI,-2,40.5,50,0,44,6,38,DAL,0,Away,6,44,-38,-2,0
2009-09-13,2009,1,Tampa Bay Buccaneers,TB,21,Dallas Cowboys,DAL,34,DAL,-5,40,55,0,34,21,13,DAL,1,Away,34,21,13,5,1
2009-09-20,2009,2,Dallas Cowboys,DAL,31,New York Giants,NYG,33,DAL,-3,45.5,64,0,31,33,-2,DAL,1,Home,31,33,-2,3,0
2009-09-28,2009,3,Dallas Cowboys,DAL,21,Carolina Panthers,CAR,7,DAL,-8.5,48.5,28,0,21,7,14,DAL,1,Home,21,7,14,8.5,1
2009-10-04,2009,4,Denver Broncos,DEN,17,Dallas Cowboys,DAL,10,DAL,-3,44,27,0,10,17,-7,DAL,1,Away,10,17,-7,3,0
2009-10-11,2009,5,Kansas City Chiefs,KC,20,Dallas Cowboys,DAL,26,DAL,-7,43.5,46,0,26,20,6,DAL,1,Away,26,20,6,7,0
2009-10-25,2009,7,Dallas Cowboys,DAL,37,Atlanta Falcons,ATL,21,DAL,-5,48,58,0,37,21,16,DAL,1,Home,37,21,16,5,1
2009-11-01,2009,8,Dallas Cowboys,DAL,38,Seattle Seahawks,SEA,17,DAL,-9.5,46,55,0,38,17,21,DAL,1,Home,38,17,21,9.5,1
2009-11-08,2009,9,Philadelphia Eagles,PHI,16,Dallas Cowboys,DAL,20,PHI,-3,50,36,0,16,20,-4,DAL,0,Away,20,16,4,-3,1
2009-11-15,2009,10,Green Bay Packers,GB,17,Dallas Cowboys,DAL,7,DAL,-3,48,24,0,7,17,-10,DAL,1,Away,7,17,-10,3,0
2009-11-22,2009,11,Dallas Cowboys,DAL,7,Washington Redskins,WAS,6,DAL,-10.5,41.5,13,0,7,6,1,DAL,1,Home,7,6,1,10.5,0
2009-11-26,2009,12,Dallas Cowboys,DAL,24,Oakland Raiders,OAK,7,DAL,-13.5,40.5,31,0,24,7,17,DAL,1,Home,24,7,17,13.5,1
2009-12-06,2009,13,New York Giants,NYG,31,Dallas Cowboys,DAL,24,DAL,-1.5,45.5,55,0,24,31,-7,DAL,1,Away,24,31,-7,1.5,0
2009-12-13,2009,14,Dallas Cowboys,DAL,17,San Diego Chargers,LAC,20,DAL,-3.5,48.5,37,0,17,20,-3,DAL,1,Home,17,20,-3,3.5,0
2009-12-19,2009,15,New Orleans Saints,NO,17,Dallas Cowboys,DAL,24,NO,-7.5,53.5,41,0,17,24,-7,DAL,0,Away,24,17,7,-7.5,1
2009-12-27,2009,16,Washington Redskins,WAS,0,Dallas Cowboys,DAL,17,DAL,-7,42,17,0,17,0,17,DAL,1,Away,17,0,17,7,1
2010-01-03,2009,17,Dallas Cowboys,DAL,24,Philadelphia Eagles,PHI,0,DAL,-3,47,24,0,24,0,24,DAL,1,Home,24,0,24,3,1
2010-09-12,2010,1,Washington Redskins,WAS,13,Dallas Cowboys,DAL,7,DAL,-3,40,20,0,7,13,-6,DAL,1,Away,7,13,-6,3,0
2010-09-19,2010,2,Dallas Cowboys,DAL,20,Chicago Bears,CHI,27,DAL,-7,41.5,47,0,20,27,-7,DAL,1,Home,20,27,-7,7,0
2010-09-26,2010,3,Houston Texans,HOU,13,Dallas Cowboys,DAL,27,HOU,-2.5,47.5,40,0,13,27,-14,DAL,0,Away,27,13,14,-2.5,1
2010-10-10,2010,5,Dallas Cowboys,DAL,27,Tennessee Titans,TEN,34,DAL,-7,43,61,0,27,34,-7,DAL,1,Home,27,34,-7,7,0
2010-10-17,2010,6,Minnesota Vikings,MIN,24,Dallas Cowboys,DAL,21,MIN,-1.5,44,45,0,24,21,3,DAL,0,Away,21,24,-3,-1.5,0
2010-10-25,2010,7,Dallas Cowboys,DAL,35,New York Giants,NYG,41,DAL,-3.5,45.5,76,0,35,41,-6,DAL,1,Home,35,41,-6,3.5,0
2010-10-31,2010,8,Dallas Cowboys,DAL,17,Jacksonville Jaguars,JAX,35,DAL,-6.5,44,52,0,17,35,-18,DAL,1,Home,17,35,-18,6.5,0
2010-11-07,2010,9,Green Bay Packers,GB,45,Dallas Cowboys,DAL,7,GB,-7,45.5,52,0,45,7,38,DAL,0,Away,7,45,-38,-7,0
2010-11-14,2010,10,New York Giants,NYG,20,Dallas Cowboys,DAL,33,NYG,-12.5,46.5,53,0,20,33,-13,DAL,0,Away,33,20,13,-12.5,1
2010-11-21,2010,11,Dallas Cowboys,DAL,35,Detroit Lions,DET,19,DAL,-7,44.5,54,0,35,19,16,DAL,1,Home,35,19,16,7,1
2010-11-25,2010,12,Dallas Cowboys,DAL,27,New Orleans Saints,NO,30,NO,-4.5,49,57,0,30,27,3,DAL,0,Home,27,30,-3,-4.5,1
2010-12-05,2010,13,Indianapolis Colts,IND,35,Dallas Cowboys,DAL,38,IND,-5.5,48,73,0,35,38,-3,DAL,0,Away,38,35,3,-5.5,1
2010-12-12,2010,14,Dallas Cowboys,DAL,27,Philadelphia Eagles,PHI,30,PHI,-4,51,57,0,30,27,3,DAL,0,Home,27,30,-3,-4,1
2010-12-19,2010,15,Dallas Cowboys,DAL,33,Washington Redskins,WAS,30,DAL,-9.5,44.5,63,0,33,30,3,DAL,1,Home,33,30,3,9.5,0
2010-12-25,2010,16,Arizona Cardinals,ARI,27,Dallas Cowboys,DAL,26,DAL,-7.5,45,53,0,26,27,-1,DAL,1,Away,26,27,-1,7.5,0
2011-01-02,2010,17,Philadelphia Eagles,PHI,13,Dallas Cowboys,DAL,14,PICK,0,43.5,27,0,14,13,1,DAL,0,Away,14,13,1,0,1
2011-09-11,2011,1,New York Jets,NYJ,27,Dallas Cowboys,DAL,24,NYJ,-6,41,51,0,27,24,3,DAL,0,Away,24,27,-3,-6,1
2011-09-18,2011,2,San Francisco 49ers,SF,24,Dallas Cowboys,DAL,27,DAL,-3,41.5,51,0,27,24,3,DAL,1,Away,27,24,3,3,0
2011-09-26,2011,3,Dallas Cowboys,DAL,18,Washington Redskins,WAS,16,DAL,-3.5,45,34,0,18,16,2,DAL,1,Home,18,16,2,3.5,0
2011-10-02,2011,4,Dallas Cowboys,DAL,30,Detroit Lions,DET,34,DAL,-2.5,46.5,64,0,30,34,-4,DAL,1,Home,30,34,-4,2.5,0
2011-10-16,2011,6,New England Patriots,NE,20,Dallas Cowboys,DAL,16,NE,-7,54.5,36,0,20,16,4,DAL,0,Away,16,20,-4,-7,1
2011-10-23,2011,7,Dallas Cowboys,DAL,34,St. Louis Rams,LAR,7,DAL,-14,43,41,0,34,7,27,DAL,1,Home,34,7,27,14,1
2011-10-30,2011,8,Philadelphia Eagles,PHI,34,Dallas Cowboys,DAL,7,PHI,-3,49.5,41,0,34,7,27,DAL,0,Away,7,34,-27,-3,0
2011-11-06,2011,9,Dallas Cowboys,DAL,23,Seattle Seahawks,SEA,13,DAL,-11,45,36,0,23,13,10,DAL,1,Home,23,13,10,11,0
2011-11-13,2011,10,Dallas Cowboys,DAL,44,Buffalo Bills,BUF,7,DAL,-4.5,49,51,0,44,7,37,DAL,1,Home,44,7,37,4.5,1
2011-11-20,2011,11,Washington Redskins,WAS,24,Dallas Cowboys,DAL,27,DAL,-7,43,51,0,27,24,3,DAL,1,Away,27,24,3,7,0
2011-11-24,2011,12,Dallas Cowboys,DAL,20,Miami Dolphins,MIA,19,DAL,-7,46,39,0,20,19,1,DAL,1,Home,20,19,1,7,0
2011-12-04,2011,13,Arizona Cardinals,ARI,19,Dallas Cowboys,DAL,13,DAL,-4.5,46.5,32,0,13,19,-6,DAL,1,Away,13,19,-6,4.5,0
2011-12-11,2011,14,Dallas Cowboys,DAL,34,New York Giants,NYG,37,DAL,-4.5,50.5,71,0,34,37,-3,DAL,1,Home,34,37,-3,4.5,0
2011-12-17,2011,15,Tampa Bay Buccaneers,TB,15,Dallas Cowboys,DAL,31,DAL,-7,47,46,0,31,15,16,DAL,1,Away,31,15,16,7,1
2011-12-24,2011,16,Dallas Cowboys,DAL,7,Philadelphia Eagles,PHI,20,PHI,-2.5,50,27,0,20,7,13,DAL,0,Home,7,20,-13,-2.5,0
2012-01-01,2011,17,New York Giants,NYG,31,Dallas Cowboys,DAL,14,NYG,-3,47.5,45,0,31,14,17,DAL,0,Away,14,31,-17,-3,0
2012-09-05,2012,1,New York Giants,NYG,17,Dallas Cowboys,DAL,24,NYG,-4,46,41,0,17,24,-7,DAL,0,Away,24,17,7,-4,1
2012-09-16,2012,2,Seattle Seahawks,SEA,27,Dallas Cowboys,DAL,7,DAL,-3,43,34,0,7,27,-20,DAL,1,Away,7,27,-20,3,0
2012-09-23,2012,3,Dallas Cowboys,DAL,16,Tampa Bay Buccaneers,TB,10,DAL,-7,45.5,26,0,16,10,6,DAL,1,Home,16,10,6,7,0
2012-10-01,2012,4,Dallas Cowboys,DAL,18,Chicago Bears,CHI,34,DAL,-3,41.5,52,0,18,34,-16,DAL,1,Home,18,34,-16,3,0
2012-10-14,2012,6,Baltimore Ravens,BAL,31,Dallas Cowboys,DAL,29,BAL,-3,45,60,0,31,29,2,DAL,0,Away,29,31,-2,-3,1
2012-10-21,2012,7,Carolina Panthers,CAR,14,Dallas Cowboys,DAL,19,DAL,-2.5,45,33,0,19,14,5,DAL,1,Away,19,14,5,2.5,1
2012-10-28,2012,8,Dallas Cowboys,DAL,24,New York Giants,NYG,29,NYG,-2.5,48,53,0,29,24,5,DAL,0,Home,24,29,-5,-2.5,0
2012-11-04,2012,9,Atlanta Falcons,ATL,19,Dallas Cowboys,DAL,13,ATL,-4.5,47.5,32,0,19,13,6,DAL,0,Away,13,19,-6,-4.5,0
2012-11-11,2012,10,Philadelphia Eagles,PHI,23,Dallas Cowboys,DAL,38,DAL,-2.5,44.5,61,0,38,23,15,DAL,1,Away,38,23,15,2.5,1
2012-11-18,2012,11,Dallas Cowboys,DAL,23,Cleveland Browns,CLE,20,DAL,-7,43.5,43,0,23,20,3,DAL,1,Home,23,20,3,7,0
2012-11-22,2012,12,Dallas Cowboys,DAL,31,Washington Redskins,WAS,38,DAL,-3.5,47.5,69,0,31,38,-7,DAL,1,Home,31,38,-7,3.5,0
2012-12-02,2012,13,Dallas Cowboys,DAL,38,Philadelphia Eagles,PHI,33,DAL,-10.5,44,71,0,38,33,5,DAL,1,Home,38,33,5,10.5,0
2012-12-09,2012,14,Cincinnati Bengals,CIN,19,Dallas Cowboys,DAL,20,CIN,-3.5,46,39,0,19,20,-1,DAL,0,Away,20,19,1,-3.5,1
2012-12-16,2012,15,Dallas Cowboys,DAL,27,Pittsburgh Steelers,PIT,24,PIT,-2.5,46,51,0,24,27,-3,DAL,0,Home,27,24,3,-2.5,1
2012-12-23,2012,16,Dallas Cowboys,DAL,31,New Orleans Saints,NO,34,DAL,-3,54.5,65,0,31,34,-3,DAL,1,Home,31,34,-3,3,0
2012-12-30,2012,17,Washington Redskins,WAS,28,Dallas Cowboys,DAL,18,WAS,-3,49,46,0,28,18,10,DAL,0,Away,18,28,-10,-3,0
2013-09-08,2013,1,Dallas Cowboys,DAL,36,New York Giants,NYG,31,DAL,-3.5,50,67,0,36,31,5,DAL,1,Home,36,31,5,3.5,1
2013-09-15,2013,2,Kansas City Chiefs,KC,17,Dallas Cowboys,DAL,16,KC,-3,46,33,0,17,16,1,DAL,0,Away,16,17,-1,-3,1
2013-09-22,2013,3,Dallas Cowboys,DAL,31,St. Louis Rams,LAR,7,DAL,-3.5,47,38,0,31,7,24,DAL,1,Home,31,7,24,3.5,1
2013-09-29,2013,4,San Diego Chargers,LAC,30,Dallas Cowboys,DAL,21,DAL,-1.5,48,51,0,21,30,-9,DAL,1,Away,21,30,-9,1.5,0
2013-10-06,2013,5,Dallas Cowboys,DAL,48,Denver Broncos,DEN,51,DEN,-9,57.5,99,0,51,48,3,DAL,0,Home,48,51,-3,-9,1
2013-10-13,2013,6,Dallas Cowboys,DAL,31,Washington Redskins,WAS,16,DAL,-5.5,51.5,47,0,31,16,15,DAL,1,Home,31,16,15,5.5,1
2013-10-20,2013,7,Philadelphia Eagles,PHI,3,Dallas Cowboys,DAL,17,PHI,-2.5,55,20,0,3,17,-14,DAL,0,Away,17,3,14,-2.5,1
2013-10-27,2013,8,Detroit Lions,DET,31,Dallas Cowboys,DAL,30,DET,-3,50.5,61,0,31,30,1,DAL,0,Away,30,31,-1,-3,1
2013-11-03,2013,9,Dallas Cowboys,DAL,27,Minnesota Vikings,MIN,23,DAL,-8.5,50.5,50,0,27,23,4,DAL,1,Home,27,23,4,8.5,0
2013-11-10,2013,10,New Orleans Saints,NO,49,Dallas Cowboys,DAL,17,NO,-5.5,53.5,66,0,49,17,32,DAL,0,Away,17,49,-32,-5.5,0
2013-11-24,2013,12,New York Giants,NYG,21,Dallas Cowboys,DAL,24,NYG,-2.5,44,45,0,21,24,-3,DAL,0,Away,24,21,3,-2.5,1
2013-11-28,2013,13,Dallas Cowboys,DAL,31,Oakland Raiders,OAK,24,DAL,-8,48,55,0,31,24,7,DAL,1,Home,31,24,7,8,0
2013-12-09,2013,14,Chicago Bears,CHI,45,Dallas Cowboys,DAL,28,CHI,-1.5,49.5,73,0,45,28,17,DAL,0,Away,28,45,-17,-1.5,0
2013-12-15,2013,15,Dallas Cowboys,DAL,36,Green Bay Packers,GB,37,DAL,-4,49.5,73,0,36,37,-1,DAL,1,Home,36,37,-1,4,0
2013-12-22,2013,16,Washington Redskins,WAS,23,Dallas Cowboys,DAL,24,DAL,-2.5,52,47,0,24,23,1,DAL,1,Away,24,23,1,2.5,0
2013-12-29,2013,17,Dallas Cowboys,DAL,22,Philadelphia Eagles,PHI,24,PHI,-7,52.5,46,0,24,22,2,DAL,0,Home,22,24,-2,-7,1
2014-09-07,2014,1,Dallas Cowboys,DAL,17,San Francisco 49ers,SF,28,SF,-3.5,51,45,0,28,17,11,DAL,0,Home,17,28,-11,-3.5,0
2014-09-14,2014,2,Tennessee Titans,TEN,10,Dallas Cowboys,DAL,26,TEN,-3,49.5,36,0,10,26,-16,DAL,0,Away,26,10,16,-3,1
2014-09-21,2014,3,St. Louis Rams,LAR,31,Dallas Cowboys,DAL,34,DAL,-1.5,45,65,0,34,31,3,DAL,1,Away,34,31,3,1.5,1
2014-09-28,2014,4,Dallas Cowboys,DAL,38,New Orleans Saints,NO,17,NO,-3,54,55,0,17,38,-21,DAL,0,Home,38,17,21,-3,1
2014-10-05,2014,5,Dallas Cowboys,DAL,20,Houston Texans,HOU,17,DAL,-5,48,37,0,20,17,3,DAL,1,Home,20,17,3,5,0
2014-10-12,2014,6,Seattle Seahawks,SEA,23,Dallas Cowboys,DAL,30,SEA,-10,47,53,0,23,30,-7,DAL,0,Away,30,23,7,-10,1
2014-10-19,2014,7,Dallas Cowboys,DAL,31,New York Giants,NYG,21,DAL,-5,47,52,0,31,21,10,DAL,1,Home,31,21,10,5,1
2014-10-27,2014,8,Dallas Cowboys,DAL,17,Washington Redskins,WAS,20,DAL,-9.5,49,37,0,17,20,-3,DAL,1,Home,17,20,-3,9.5,0
2014-11-02,2014,9,Dallas Cowboys,DAL,17,Arizona Cardinals,ARI,28,DAL,-1.5,45,45,0,17,28,-11,DAL,1,Home,17,28,-11,1.5,0
2014-11-23,2014,12,New York Giants,NYG,28,Dallas Cowboys,DAL,31,DAL,-4,49,59,0,31,28,3,DAL,1,Away,31,28,3,4,0
2014-11-27,2014,13,Dallas Cowboys,DAL,10,Philadelphia Eagles,PHI,33,DAL,-3,57,43,0,10,33,-23,DAL,1,Home,10,33,-23,3,0
2014-12-04,2014,14,Chicago Bears,CHI,28,Dallas Cowboys,DAL,41,DAL,-3.5,50,69,0,41,28,13,DAL,1,Away,41,28,13,3.5,1
2014-12-14,2014,15,Philadelphia Eagles,PHI,27,Dallas Cowboys,DAL,38,PHI,-3.5,55,65,0,27,38,-11,DAL,0,Away,38,27,11,-3.5,1
2014-12-21,2014,16,Dallas Cowboys,DAL,42,Indianapolis Colts,IND,7,DAL,-3.5,53.5,49,0,42,7,35,DAL,1,Home,42,7,35,3.5,1
2014-12-28,2014,17,Washington Redskins,WAS,17,Dallas Cowboys,DAL,44,DAL,-6,47.5,61,0,44,17,27,DAL,1,Away,44,17,27,6,1
2015-09-13,2015,1,Dallas Cowboys,DAL,27,New York Giants,NYG,26,DAL,-7,52.5,53,0,27,26,1,DAL,1,Home,27,26,1,7,0
2015-09-20,2015,2,Philadelphia Eagles,PHI,10,Dallas Cowboys,DAL,20,PHI,-6.5,54,30,0,10,20,-10,DAL,0,Away,20,10,10,-6.5,1
2015-09-27,2015,3,Dallas Cowboys,DAL,28,Atlanta Falcons,ATL,39,PICK,0,43.5,67,0,39,28,11,DAL,0,Home,28,39,-11,0,0
2015-10-04,2015,4,New Orleans Saints,NO,26,Dallas Cowboys,DAL,20,NO,-3,48.5,46,0,26,20,6,DAL,0,Away,20,26,-6,-3,0
2015-10-11,2015,5,Dallas Cowboys,DAL,6,New England Patriots,NE,30,NE,-8.5,50.5,36,0,30,6,24,DAL,0,Home,6,30,-24,-8.5,0
2015-10-25,2015,7,New York Giants,NYG,27,Dallas Cowboys,DAL,20,NYG,-3,44.5,47,0,27,20,7,DAL,0,Away,20,27,-7,-3,0
2015-11-01,2015,8,Dallas Cowboys,DAL,12,Seattle Seahawks,SEA,13,SEA,-5,41.5,25,0,13,12,1,DAL,0,Home,12,13,-1,-5,1
2015-11-08,2015,9,Dallas Cowboys,DAL,27,Philadelphia Eagles,PHI,33,PHI,-3,44,60,0,33,27,6,DAL,0,Home,27,33,-6,-3,0
2015-11-15,2015,10,Tampa Bay Buccaneers,TB,10,Dallas Cowboys,DAL,6,DAL,-1,43.5,16,0,6,10,-4,DAL,1,Away,6,10,-4,1,0
2015-11-22,2015,11,Miami Dolphins,MIA,14,Dallas Cowboys,DAL,24,DAL,-2,45,38,0,24,14,10,DAL,1,Away,24,14,10,2,1
2015-11-26,2015,12,Dallas Cowboys,DAL,14,Carolina Panthers,CAR,33,CAR,-1,44.5,47,0,33,14,19,DAL,0,Home,14,33,-19,-1,0
2015-12-07,2015,13,Washington Redskins,WAS,16,Dallas Cowboys,DAL,19,WAS,-2,43.5,35,0,16,19,-3,DAL,0,Away,19,16,3,-2,1
2015-12-13,2015,14,Green Bay Packers,GB,28,Dallas Cowboys,DAL,7,GB,-6.5,42.5,35,0,28,7,21,DAL,0,Away,7,28,-21,-6.5,0
2015-12-19,2015,15,Dallas Cowboys,DAL,16,New York Jets,NYJ,19,NYJ,-3.5,41,35,0,19,16,3,DAL,0,Home,16,19,-3,-3.5,1
2015-12-27,2015,16,Buffalo Bills,BUF,16,Dallas Cowboys,DAL,6,BUF,-6.5,42,22,0,16,6,10,DAL,0,Away,6,16,-10,-6.5,0
2016-01-03,2015,17,Dallas Cowboys,DAL,23,Washington Redskins,WAS,34,DAL,-3,41,57,0,23,34,-11,DAL,1,Home,23,34,-11,3,0
2016-09-11,2016,1,Dallas Cowboys,DAL,19,New York Giants,NYG,20,NYG,-1,47.5,39,0,20,19,1,DAL,0,Home,19,20,-1,-1,0
2016-09-18,2016,2,Washington Redskins,WAS,23,Dallas Cowboys,DAL,27,WAS,-3,47,50,0,23,27,-4,DAL,0,Away,27,23,4,-3,1
2016-09-25,2016,3,Dallas Cowboys,DAL,31,Chicago Bears,CHI,17,DAL,-6.5,45,48,0,31,17,14,DAL,1,Home,31,17,14,6.5,1
2016-10-02,2016,4,San Francisco 49ers,SF,17,Dallas Cowboys,DAL,24,DAL,-1,44,41,0,24,17,7,DAL,1,Away,24,17,7,1,1
2016-10-09,2016,5,Dallas Cowboys,DAL,28,Cincinnati Bengals,CIN,14,CIN,-2.5,46,42,0,14,28,-14,DAL,0,Home,28,14,14,-2.5,1
2016-10-16,2016,6,Green Bay Packers,GB,16,Dallas Cowboys,DAL,30,GB,-5,47,46,0,16,30,-14,DAL,0,Away,30,16,14,-5,1
2016-10-30,2016,8,Dallas Cowboys,DAL,29,Philadelphia Eagles,PHI,23,DAL,-5,44,52,0,29,23,6,DAL,1,Home,29,23,6,5,1
2016-11-06,2016,9,Cleveland Browns,CLE,10,Dallas Cowboys,DAL,35,DAL,-7,49,45,0,35,10,25,DAL,1,Away,35,10,25,7,1
2016-11-13,2016,10,Pittsburgh Steelers,PIT,30,Dallas Cowboys,DAL,35,PIT,-3,51,65,0,30,35,-5,DAL,0,Away,35,30,5,-3,1
2016-11-20,2016,11,Dallas Cowboys,DAL,27,Baltimore Ravens,BAL,17,DAL,-7,44.5,44,0,27,17,10,DAL,1,Home,27,17,10,7,1
2016-11-24,2016,12,Dallas Cowboys,DAL,31,Washington Redskins,WAS,26,DAL,-6,53.5,57,0,31,26,5,DAL,1,Home,31,26,5,6,0
2016-12-01,2016,13,Minnesota Vikings,MIN,15,Dallas Cowboys,DAL,17,DAL,-3,43.5,32,0,17,15,2,DAL,1,Away,17,15,2,3,0
2016-12-11,2016,14,New York Giants,NYG,10,Dallas Cowboys,DAL,7,DAL,-3.5,47,17,0,7,10,-3,DAL,1,Away,7,10,-3,3.5,0
2016-12-18,2016,15,Dallas Cowboys,DAL,26,Tampa Bay Buccaneers,TB,20,DAL,-7,47.5,46,0,26,20,6,DAL,1,Home,26,20,6,7,0
2016-12-26,2016,16,Dallas Cowboys,DAL,42,Detroit Lions,DET,21,DAL,-6.5,46.5,63,0,42,21,21,DAL,1,Home,42,21,21,6.5,1
2017-01-01,2016,17,Philadelphia Eagles,PHI,27,Dallas Cowboys,DAL,13,PHI,-6.5,44,40,0,27,13,14,DAL,0,Away,13,27,-14,-6.5,0
2017-09-10,2017,1,Dallas Cowboys,DAL,19,New York Giants,NYG,3,DAL,-3.5,47.5,22,0,19,3,16,DAL,1,Home,19,3,16,3.5,1
2017-09-17,2017,2,Denver Broncos,DEN,42,Dallas Cowboys,DAL,17,DAL,-2,42,59,0,17,42,-25,DAL,1,Away,17,42,-25,2,0
2017-09-25,2017,3,Arizona Cardinals,ARI,17,Dallas Cowboys,DAL,28,DAL,-3,46.5,45,0,28,17,11,DAL,1,Away,28,17,11,3,1
2017-10-01,2017,4,Dallas Cowboys,DAL,30,Los Angeles Rams,LAR,35,DAL,-6,48.5,65,0,30,35,-5,DAL,1,Home,30,35,-5,6,0
2017-10-08,2017,5,Dallas Cowboys,DAL,31,Green Bay Packers,GB,35,DAL,-2,52.5,66,0,31,35,-4,DAL,1,Home,31,35,-4,2,0
2017-10-22,2017,7,San Francisco 49ers,SF,10,Dallas Cowboys,DAL,40,DAL,-6.5,48.5,50,0,40,10,30,DAL,1,Away,40,10,30,6.5,1
2017-10-29,2017,8,Washington Redskins,WAS,19,Dallas Cowboys,DAL,33,DAL,-2,50,52,0,33,19,14,DAL,1,Away,33,19,14,2,1
2017-11-05,2017,9,Dallas Cowboys,DAL,28,Kansas City Chiefs,KC,17,DAL,-2.5,53,45,0,28,17,11,DAL,1,Home,28,17,11,2.5,1
2017-11-12,2017,10,Atlanta Falcons,ATL,27,Dallas Cowboys,DAL,7,ATL,-3.5,49,34,0,27,7,20,DAL,0,Away,7,27,-20,-3.5,0
2017-11-19,2017,11,Dallas Cowboys,DAL,9,Philadelphia Eagles,PHI,37,PHI,-6,48,46,0,37,9,28,DAL,0,Home,9,37,-28,-6,0
2017-11-23,2017,12,Dallas Cowboys,DAL,6,Los Angeles Chargers,LAC,28,LAC,-1,48,34,0,28,6,22,DAL,0,Home,6,28,-22,-1,0
2017-11-30,2017,13,Dallas Cowboys,DAL,38,Washington Redskins,WAS,14,WAS,-2,47,52,0,14,38,-24,DAL,0,Home,38,14,24,-2,1
2017-12-10,2017,14,New York Giants,NYG,10,Dallas Cowboys,DAL,30,DAL,-4,42,40,0,30,10,20,DAL,1,Away,30,10,20,4,1
2017-12-17,2017,15,Oakland Raiders,OAK,17,Dallas Cowboys,DAL,20,DAL,-3,46,37,0,20,17,3,DAL,1,Away,20,17,3,3,0
2017-12-24,2017,16,Dallas Cowboys,DAL,12,Seattle Seahawks,SEA,21,DAL,-4.5,47,33,0,12,21,-9,DAL,1,Home,12,21,-9,4.5,0
2017-12-31,2017,17,Philadelphia Eagles,PHI,0,Dallas Cowboys,DAL,6,DAL,-3.5,41,6,0,6,0,6,DAL,1,Away,6,0,6,3.5,1
2018-09-09,2018,1,Carolina Panthers,CAR,16,Dallas Cowboys,DAL,8,CAR,-2.5,42.5,24,0,16,8,8,DAL,0,Away,8,16,-8,-2.5,0
2018-09-16,2018,2,Dallas Cowboys,DAL,20,New York Giants,NYG,13,DAL,-3,42,33,0,20,13,7,DAL,1,Home,20,13,7,3,1
2018-09-23,2018,3,Seattle Seahawks,SEA,24,Dallas Cowboys,DAL,13,SEA,-1,40,37,0,24,13,11,DAL,0,Away,13,24,-11,-1,0
2018-09-30,2018,4,Dallas Cowboys,DAL,26,Detroit Lions,DET,24,DAL,-2.5,43.5,50,0,26,24,2,DAL,1,Home,26,24,2,2.5,0
2018-10-07,2018,5,Houston Texans,HOU,19,Dallas Cowboys,DAL,16,HOU,-3.5,45.5,35,0,19,16,3,DAL,0,Away,16,19,-3,-3.5,1
2018-10-14,2018,6,Dallas Cowboys,DAL,40,Jacksonville Jaguars,JAX,7,JAX,-3,39,47,0,7,40,-33,DAL,0,Home,40,7,33,-3,1
2018-10-21,2018,7,Washington Redskins,WAS,20,Dallas Cowboys,DAL,17,DAL,-1,40.5,37,0,17,20,-3,DAL,1,Away,17,20,-3,1,0
2018-11-05,2018,9,Dallas Cowboys,DAL,14,Tennessee Titans,TEN,28,DAL,-4.5,40.5,42,0,14,28,-14,DAL,1,Home,14,28,-14,4.5,0
2018-11-11,2018,10,Philadelphia Eagles,PHI,20,Dallas Cowboys,DAL,27,PHI,-7.5,45.5,47,0,20,27,-7,DAL,0,Away,27,20,7,-7.5,1
2018-11-18,2018,11,Atlanta Falcons,ATL,19,Dallas Cowboys,DAL,22,ATL,-3.5,50,41,0,19,22,-3,DAL,0,Away,22,19,3,-3.5,1
2018-11-22,2018,12,Dallas Cowboys,DAL,31,Washington Redskins,WAS,23,DAL,-7,40,54,0,31,23,8,DAL,1,Home,31,23,8,7,1
2018-11-29,2018,13,Dallas Cowboys,DAL,13,New Orleans Saints,NO,10,NO,-7.5,51.5,23,0,10,13,-3,DAL,0,Home,13,10,3,-7.5,1
2018-12-09,2018,14,Dallas Cowboys,DAL,29,Philadelphia Eagles,PHI,23,DAL,-3.5,45.5,52,0,29,23,6,DAL,1,Home,29,23,6,3.5,1
2018-12-16,2018,15,Indianapolis Colts,IND,23,Dallas Cowboys,DAL,0,IND,-3,46.5,23,0,23,0,23,DAL,0,Away,0,23,-23,-3,0
2018-12-23,2018,16,Dallas Cowboys,DAL,27,Tampa Bay Buccaneers,TB,20,DAL,-7.5,48,47,0,27,20,7,DAL,1,Home,27,20,7,7.5,0
2018-12-30,2018,17,New York Giants,NYG,35,Dallas Cowboys,DAL,36,NYG,-7.5,38.5,71,0,35,36,-1,DAL,0,Away,36,35,1,-7.5,1
2019-09-08,2019,1,Dallas Cowboys,DAL,35,New York Giants,NYG,17,DAL,-7,44,52,0,35,17,18,DAL,1,Home,35,17,18,7,1
2019-09-15,2019,2,Washington Redskins,WAS,21,Dallas Cowboys,DAL,31,DAL,-6,46,52,0,31,21,10,DAL,1,Away,31,21,10,6,1
2019-09-22,2019,3,Dallas Cowboys,DAL,31,Miami Dolphins,MIA,6,DAL,-21.5,46.5,37,0,31,6,25,DAL,1,Home,31,6,25,21.5,1
2019-09-29,2019,4,New Orleans Saints,NO,12,Dallas Cowboys,DAL,10,DAL,-2.5,47,22,0,10,12,-2,DAL,1,Away,10,12,-2,2.5,0
2019-10-06,2019,5,Dallas Cowboys,DAL,24,Green Bay Packers,GB,34,DAL,-3,46.5,58,0,24,34,-10,DAL,1,Home,24,34,-10,3,0
2019-10-13,2019,6,New York Jets,NYJ,24,Dallas Cowboys,DAL,22,DAL,-7,43.5,46,0,22,24,-2,DAL,1,Away,22,24,-2,7,0
2019-10-20,2019,7,Dallas Cowboys,DAL,37,Philadelphia Eagles,PHI,10,DAL,-3,50,47,0,37,10,27,DAL,1,Home,37,10,27,3,1
2019-11-04,2019,9,New York Giants,NYG,18,Dallas Cowboys,DAL,37,DAL,-6.5,48.5,55,0,37,18,19,DAL,1,Away,37,18,19,6.5,1
2019-11-10,2019,10,Dallas Cowboys,DAL,24,Minnesota Vikings,MIN,28,DAL,-3,48,52,0,24,28,-4,DAL,1,Home,24,28,-4,3,0
2019-11-17,2019,11,Detroit Lions,DET,27,Dallas Cowboys,DAL,35,DAL,-7,46.5,62,0,35,27,8,DAL,1,Away,35,27,8,7,1
2019-11-24,2019,12,New England Patriots,NE,13,Dallas Cowboys,DAL,9,NE,-5.5,44.5,22,0,13,9,4,DAL,0,Away,9,13,-4,-5.5,1
2019-11-28,2019,13,Dallas Cowboys,DAL,15,Buffalo Bills,BUF,26,DAL,-6.5,46.5,41,0,15,26,-11,DAL,1,Home,15,26,-11,6.5,0
2019-12-05,2019,14,Chicago Bears,CHI,31,Dallas Cowboys,DAL,24,DAL,-3,43,55,0,24,31,-7,DAL,1,Away,24,31,-7,3,0
2019-12-15,2019,15,Dallas Cowboys,DAL,44,Los Angeles Rams,LAR,21,LAR,-1,48.5,65,0,21,44,-23,DAL,0,Home,44,21,23,-1,1
2019-12-22,2019,16,Philadelphia Eagles,PHI,17,Dallas Cowboys,DAL,9,DAL,-2,46.5,26,0,9,17,-8,DAL,1,Away,9,17,-8,2,0
2019-12-29,2019,17,Dallas Cowboys,DAL,47,Washington Redskins,WAS,16,DAL,-12.5,47.5,63,0,47,16,31,DAL,1,Home,47,16,31,12.5,1
2000-09-03,2000,1,Green Bay Packers,GB,16,New York Jets,NYJ,20,GB,-2.5,44,36,0,16,20,-4,GB,1,Home,16,20,-4,2.5,0
2000-09-10,2000,2,Buffalo Bills,BUF,27,Green Bay Packers,GB,18,BUF,-6,38.5,45,0,27,18,9,GB,0,Away,18,27,-9,-6,0
2000-09-17,2000,3,Green Bay Packers,GB,6,Philadelphia Eagles,PHI,3,GB,-4,42.5,9,0,6,3,3,GB,1,Home,6,3,3,4,0
2000-09-24,2000,4,Arizona Cardinals,ARI,3,Green Bay Packers,GB,29,ARI,-1,42,32,0,3,29,-26,GB,0,Away,29,3,26,-1,1
2000-10-01,2000,5,Green Bay Packers,GB,24,Chicago Bears,CHI,27,GB,-5.5,41,51,0,24,27,-3,GB,1,Home,24,27,-3,5.5,0
2000-10-08,2000,6,Detroit Lions,DET,31,Green Bay Packers,GB,24,DET,-3,43,55,0,31,24,7,GB,0,Away,24,31,-7,-3,0
2000-10-15,2000,7,Green Bay Packers,GB,31,San Francisco 49ers,SF,28,GB,-4.5,49.5,59,0,31,28,3,GB,1,Home,31,28,3,4.5,0
2000-10-29,2000,9,Miami Dolphins,MIA,28,Green Bay Packers,GB,20,MIA,-4.5,38.5,48,0,28,20,8,GB,0,Away,20,28,-8,-4.5,0
2000-11-06,2000,10,Green Bay Packers,GB,26,Minnesota Vikings,MIN,20,MIN,-3.5,47.5,46,0,20,26,-6,GB,0,Home,26,20,6,-3.5,1
2000-11-12,2000,11,Tampa Bay Buccaneers,TB,20,Green Bay Packers,GB,15,TB,-9,42,35,0,20,15,5,GB,0,Away,15,20,-5,-9,1
2000-11-19,2000,12,Green Bay Packers,GB,26,Indianapolis Colts,IND,24,IND,-6,46,50,0,24,26,-2,GB,0,Home,26,24,2,-6,1
2000-11-27,2000,13,Carolina Panthers,CAR,31,Green Bay Packers,GB,14,PICK,0,44,45,0,14,31,-17,GB,0,Away,14,31,-17,0,0
2000-12-03,2000,14,Chicago Bears,CHI,6,Green Bay Packers,GB,28,GB,-2.5,39,34,0,28,6,22,GB,1,Away,28,6,22,2.5,1
2000-12-10,2000,15,Green Bay Packers,GB,26,Detroit Lions,DET,13,GB,-3.5,41,39,0,26,13,13,GB,1,Home,26,13,13,3.5,1
2000-12-17,2000,16,Minnesota Vikings,MIN,28,Green Bay Packers,GB,33,MIN,-7.5,49,61,0,28,33,-5,GB,0,Away,33,28,5,-7.5,1
2000-12-24,2000,17,Green Bay Packers,GB,17,Tampa Bay Buccaneers,TB,14,GB,-2.5,38,31,0,17,14,3,GB,1,Home,17,14,3,2.5,1
2001-09-09,2001,1,Green Bay Packers,GB,28,Detroit Lions,DET,6,GB,-5.5,41.5,34,0,28,6,22,GB,1,Home,28,6,22,5.5,1
2001-09-24,2001,2,Green Bay Packers,GB,37,Washington Redskins,WAS,0,GB,-8.5,41,37,0,37,0,37,GB,1,Home,37,0,37,8.5,1
2001-09-30,2001,3,Carolina Panthers,CAR,7,Green Bay Packers,GB,28,GB,-3.5,41,35,0,28,7,21,GB,1,Away,28,7,21,3.5,1
2001-10-07,2001,4,Tampa Bay Buccaneers,TB,14,Green Bay Packers,GB,10,TB,-3,36.5,24,0,14,10,4,GB,0,Away,10,14,-4,-3,0
2001-10-14,2001,5,Green Bay Packers,GB,31,Baltimore Ravens,BAL,23,PICK,0,34,54,0,23,31,-8,GB,0,Home,31,23,8,0,1
2001-10-21,2001,6,Minnesota Vikings,MIN,35,Green Bay Packers,GB,13,GB,-3,47.5,48,0,13,35,-22,GB,1,Away,13,35,-22,3,0
2001-11-04,2001,8,Green Bay Packers,GB,21,Tampa Bay Buccaneers,TB,20,GB,-5,37,41,0,21,20,1,GB,1,Home,21,20,1,5,0
2001-11-11,2001,9,Chicago Bears,CHI,12,Green Bay Packers,GB,20,GB,-2.5,37.5,32,0,20,12,8,GB,1,Away,20,12,8,2.5,1
2001-11-18,2001,10,Green Bay Packers,GB,20,Atlanta Falcons,ATL,23,GB,-10,39.5,43,0,20,23,-3,GB,1,Home,20,23,-3,10,0
2001-11-22,2001,11,Detroit Lions,DET,27,Green Bay Packers,GB,29,GB,-7,47,56,0,29,27,2,GB,1,Away,29,27,2,7,0
2001-12-03,2001,12,Jacksonville Jaguars,JAX,21,Green Bay Packers,GB,28,GB,-3,43,49,0,28,21,7,GB,1,Away,28,21,7,3,1
2001-12-09,2001,13,Green Bay Packers,GB,17,Chicago Bears,CHI,7,GB,-5.5,37.5,24,0,17,7,10,GB,1,Home,17,7,10,5.5,1
2001-12-16,2001,14,Tennessee Titans,TEN,26,Green Bay Packers,GB,20,GB,-2.5,42.5,46,0,20,26,-6,GB,1,Away,20,26,-6,2.5,0
2001-12-23,2001,15,Green Bay Packers,GB,30,Cleveland Browns,CLE,7,GB,-7.5,37,37,0,30,7,23,GB,1,Home,30,7,23,7.5,1
2001-12-30,2001,16,Green Bay Packers,GB,24,Minnesota Vikings,MIN,13,GB,-12,40,37,0,24,13,11,GB,1,Home,24,13,11,12,0
2002-01-06,2001,17,New York Giants,NYG,25,Green Bay Packers,GB,34,GB,-3,36.5,59,0,34,25,9,GB,1,Away,34,25,9,3,1
2002-09-08,2002,1,Green Bay Packers,GB,37,Atlanta Falcons,ATL,34,GB,-7,42.5,71,0,37,34,3,GB,1,Home,37,34,3,7,0
2002-09-15,2002,2,New Orleans Saints,NO,35,Green Bay Packers,GB,20,GB,-2.5,45.5,55,0,20,35,-15,GB,1,Away,20,35,-15,2.5,0
2002-09-22,2002,3,Detroit Lions,DET,31,Green Bay Packers,GB,37,GB,-7.5,44,68,0,37,31,6,GB,1,Away,37,31,6,7.5,0
2002-09-29,2002,4,Green Bay Packers,GB,17,Carolina Panthers,CAR,14,GB,-6.5,41.5,31,0,17,14,3,GB,1,Home,17,14,3,6.5,0
2002-10-07,2002,5,Chicago Bears,CHI,21,Green Bay Packers,GB,34,CHI,-1,44,55,0,21,34,-13,GB,0,Away,34,21,13,-1,1
2002-10-13,2002,6,New England Patriots,NE,10,Green Bay Packers,GB,28,NE,-4.5,47,38,0,10,28,-18,GB,0,Away,28,10,18,-4.5,1
2002-10-20,2002,7,Green Bay Packers,GB,30,Washington Redskins,WAS,9,GB,-7,48,39,0,30,9,21,GB,1,Home,30,9,21,7,1
2002-11-04,2002,9,Green Bay Packers,GB,24,Miami Dolphins,MIA,10,GB,-4.5,41.5,34,0,24,10,14,GB,1,Home,24,10,14,4.5,1
2002-11-10,2002,10,Green Bay Packers,GB,40,Detroit Lions,DET,14,GB,-10.5,42,54,0,40,14,26,GB,1,Home,40,14,26,10.5,1
2002-11-17,2002,11,Minnesota Vikings,MIN,31,Green Bay Packers,GB,21,GB,-6.5,50.5,52,0,21,31,-10,GB,1,Away,21,31,-10,6.5,0
2002-11-24,2002,12,Tampa Bay Buccaneers,TB,21,Green Bay Packers,GB,7,TB,-3,38.5,28,0,21,7,14,GB,0,Away,7,21,-14,-3,0
2002-12-01,2002,13,Green Bay Packers,GB,30,Chicago Bears,CHI,20,GB,-9.5,37.5,50,0,30,20,10,GB,1,Home,30,20,10,9.5,1
2002-12-08,2002,14,Green Bay Packers,GB,26,Minnesota Vikings,MIN,22,GB,-9.5,43.5,48,0,26,22,4,GB,1,Home,26,22,4,9.5,0
2002-12-15,2002,15,San Francisco 49ers,SF,14,Green Bay Packers,GB,20,SF,-3,42.5,34,0,14,20,-6,GB,0,Away,20,14,6,-3,1
2002-12-22,2002,16,Green Bay Packers,GB,10,Buffalo Bills,BUF,0,GB,-6.5,43.5,10,0,10,0,10,GB,1,Home,10,0,10,6.5,1
2002-12-29,2002,17,New York Jets,NYJ,42,Green Bay Packers,GB,17,GB,-1.5,39.5,59,0,17,42,-25,GB,1,Away,17,42,-25,1.5,0
2003-09-07,2003,1,Green Bay Packers,GB,25,Minnesota Vikings,MIN,30,GB,-4,47,55,0,25,30,-5,GB,1,Home,25,30,-5,4,0
2003-09-14,2003,2,Green Bay Packers,GB,31,Detroit Lions,DET,6,GB,-7,45.5,37,0,31,6,25,GB,1,Home,31,6,25,7,1
2003-09-21,2003,3,Arizona Cardinals,ARI,20,Green Bay Packers,GB,13,GB,-7.5,42.5,33,0,13,20,-7,GB,1,Away,13,20,-7,7.5,0
2003-09-29,2003,4,Chicago Bears,CHI,23,Green Bay Packers,GB,38,GB,-4,41.5,61,0,38,23,15,GB,1,Away,38,23,15,4,1
2003-10-05,2003,5,Green Bay Packers,GB,35,Seattle Seahawks,SEA,13,GB,-1,45,48,0,35,13,22,GB,1,Home,35,13,22,1,1
2003-10-12,2003,6,Green Bay Packers,GB,34,Kansas City Chiefs,KC,40,GB,-2.5,47.5,74,0,34,40,-6,GB,1,Home,34,40,-6,2.5,0
2003-10-19,2003,7,St. Louis Rams,LAR,34,Green Bay Packers,GB,24,LAR,-4,48.5,58,0,34,24,10,GB,0,Away,24,34,-10,-4,0
2003-11-02,2003,9,Minnesota Vikings,MIN,27,Green Bay Packers,GB,30,MIN,-5.5,49,57,0,27,30,-3,GB,0,Away,30,27,3,-5.5,1
2003-11-10,2003,10,Green Bay Packers,GB,14,Philadelphia Eagles,PHI,17,GB,-4.5,43,31,0,14,17,-3,GB,1,Home,14,17,-3,4.5,0
2003-11-16,2003,11,Tampa Bay Buccaneers,TB,13,Green Bay Packers,GB,20,TB,-3.5,41,33,0,13,20,-7,GB,0,Away,20,13,7,-3.5,1
2003-11-23,2003,12,Green Bay Packers,GB,20,San Francisco 49ers,SF,10,GB,-3.5,40,30,0,20,10,10,GB,1,Home,20,10,10,3.5,1
2003-11-27,2003,13,Detroit Lions,DET,22,Green Bay Packers,GB,14,GB,-6.5,44,36,0,14,22,-8,GB,1,Away,14,22,-8,6.5,0
2003-12-07,2003,14,Green Bay Packers,GB,34,Chicago Bears,CHI,21,GB,-7.5,39,55,0,34,21,13,GB,1,Home,34,21,13,7.5,1
2003-12-14,2003,15,San Diego Chargers,LAC,21,Green Bay Packers,GB,38,GB,-5,45.5,59,0,38,21,17,GB,1,Away,38,21,17,5,1
2003-12-22,2003,16,Oakland Raiders,OAK,7,Green Bay Packers,GB,41,GB,-5.5,44,48,0,41,7,34,GB,1,Away,41,7,34,5.5,1
2003-12-28,2003,17,Green Bay Packers,GB,31,Denver Broncos,DEN,3,GB,-10,41.5,34,0,31,3,28,GB,1,Home,31,3,28,10,1
2004-09-13,2004,1,Carolina Panthers,CAR,14,Green Bay Packers,GB,24,CAR,-3,43.5,38,0,14,24,-10,GB,0,Away,24,14,10,-3,1
2004-09-19,2004,2,Green Bay Packers,GB,10,Chicago Bears,CHI,21,GB,-9,41,31,0,10,21,-11,GB,1,Home,10,21,-11,9,0
2004-09-26,2004,3,Indianapolis Colts,IND,45,Green Bay Packers,GB,31,IND,-6,50,76,0,45,31,14,GB,0,Away,31,45,-14,-6,0
2004-10-03,2004,4,Green Bay Packers,GB,7,New York Giants,NYG,14,GB,-7,44,21,0,7,14,-7,GB,1,Home,7,14,-7,7,0
2004-10-11,2004,5,Green Bay Packers,GB,27,Tennessee Titans,TEN,48,GB,-3,44,75,0,27,48,-21,GB,1,Home,27,48,-21,3,0
2004-10-17,2004,6,Detroit Lions,DET,10,Green Bay Packers,GB,38,DET,-3,45,48,0,10,38,-28,GB,0,Away,38,10,28,-3,1
2004-10-24,2004,7,Green Bay Packers,GB,41,Dallas Cowboys,DAL,20,GB,-4,44,61,0,41,20,21,GB,1,Home,41,20,21,4,1
2004-10-31,2004,8,Washington Redskins,WAS,14,Green Bay Packers,GB,28,GB,-1,40.5,42,0,28,14,14,GB,1,Away,28,14,14,1,1
2004-11-14,2004,10,Green Bay Packers,GB,34,Minnesota Vikings,MIN,31,GB,-4.5,50,65,0,34,31,3,GB,1,Home,34,31,3,4.5,0
2004-11-21,2004,11,Houston Texans,HOU,13,Green Bay Packers,GB,16,GB,-3,51,29,0,16,13,3,GB,1,Away,16,13,3,3,0
2004-11-29,2004,12,Green Bay Packers,GB,45,St. Louis Rams,LAR,17,GB,-7,51,62,0,45,17,28,GB,1,Home,45,17,28,7,1
2004-12-05,2004,13,Philadelphia Eagles,PHI,47,Green Bay Packers,GB,17,PHI,-5.5,48.5,64,0,47,17,30,GB,0,Away,17,47,-30,-5.5,0
2004-12-12,2004,14,Green Bay Packers,GB,16,Detroit Lions,DET,13,GB,-9,41,29,0,16,13,3,GB,1,Home,16,13,3,9,0
2004-12-19,2004,15,Green Bay Packers,GB,25,Jacksonville Jaguars,JAX,28,GB,-3.5,37,53,0,25,28,-3,GB,1,Home,25,28,-3,3.5,0
2004-12-24,2004,16,Minnesota Vikings,MIN,31,Green Bay Packers,GB,34,MIN,-3.5,56,65,0,31,34,-3,GB,0,Away,34,31,3,-3.5,1
2005-01-02,2004,17,Chicago Bears,CHI,14,Green Bay Packers,GB,31,CHI,-3,34,45,0,14,31,-17,GB,0,Away,31,14,17,-3,1
2005-09-11,2005,1,Detroit Lions,DET,17,Green Bay Packers,GB,3,DET,-3,46,20,0,17,3,14,GB,0,Away,3,17,-14,-3,0
2005-09-18,2005,2,Green Bay Packers,GB,24,Cleveland Browns,CLE,26,GB,-7,43,50,0,24,26,-2,GB,1,Home,24,26,-2,7,0
2005-09-25,2005,3,Green Bay Packers,GB,16,Tampa Bay Buccaneers,TB,17,TB,-3,38,33,0,17,16,1,GB,0,Home,16,17,-1,-3,1
2005-10-03,2005,4,Carolina Panthers,CAR,32,Green Bay Packers,GB,29,CAR,-3,43,61,0,32,29,3,GB,0,Away,29,32,-3,-3,0
2005-10-09,2005,5,Green Bay Packers,GB,52,New Orleans Saints,NO,3,GB,-3,41,55,0,52,3,49,GB,1,Home,52,3,49,3,1
2005-10-23,2005,7,Minnesota Vikings,MIN,23,Green Bay Packers,GB,20,MIN,-2,46,43,0,23,20,3,GB,0,Away,20,23,-3,-2,0
2005-10-30,2005,8,Cincinnati Bengals,CIN,21,Green Bay Packers,GB,14,CIN,-7,46,35,0,21,14,7,GB,0,Away,14,21,-7,-7,0
2005-11-06,2005,9,Green Bay Packers,GB,10,Pittsburgh Steelers,PIT,20,PIT,-6.5,42,30,0,20,10,10,GB,0,Home,10,20,-10,-6.5,0
2005-11-13,2005,10,Atlanta Falcons,ATL,25,Green Bay Packers,GB,33,ATL,-9.5,42,58,0,25,33,-8,GB,0,Away,33,25,8,-9.5,1
2005-11-21,2005,11,Green Bay Packers,GB,17,Minnesota Vikings,MIN,20,GB,-3.5,45,37,0,17,20,-3,GB,1,Home,17,20,-3,3.5,0
2005-11-27,2005,12,Philadelphia Eagles,PHI,19,Green Bay Packers,GB,14,PHI,-3.5,41.5,33,0,19,14,5,GB,0,Away,14,19,-5,-3.5,0
2005-12-04,2005,13,Chicago Bears,CHI,19,Green Bay Packers,GB,7,CHI,-7,32,26,0,19,7,12,GB,0,Away,7,19,-12,-7,0
2005-12-11,2005,14,Green Bay Packers,GB,16,Detroit Lions,DET,13,GB,-5.5,37,29,0,16,13,3,GB,1,Home,16,13,3,5.5,0
2005-12-19,2005,15,Baltimore Ravens,BAL,48,Green Bay Packers,GB,3,BAL,-3.5,33,51,0,48,3,45,GB,0,Away,3,48,-45,-3.5,0
2005-12-25,2005,16,Green Bay Packers,GB,17,Chicago Bears,CHI,24,CHI,-7,31,41,0,24,17,7,GB,0,Home,17,24,-7,-7,0
2006-01-01,2005,17,Green Bay Packers,GB,23,Seattle Seahawks,SEA,17,GB,-3,40.5,40,0,23,17,6,GB,1,Home,23,17,6,3,1
2006-09-10,2006,1,Green Bay Packers,GB,0,Chicago Bears,CHI,26,CHI,-3.5,35,26,0,26,0,26,GB,0,Home,0,26,-26,-3.5,0
2006-09-17,2006,2,Green Bay Packers,GB,27,New Orleans Saints,NO,34,NO,-1,40.5,61,0,34,27,7,GB,0,Home,27,34,-7,-1,0
2006-09-24,2006,3,Detroit Lions,DET,24,Green Bay Packers,GB,31,DET,-6.5,41,55,0,24,31,-7,GB,0,Away,31,24,7,-6.5,1
2006-10-02,2006,4,Philadelphia Eagles,PHI,31,Green Bay Packers,GB,9,PHI,-11.5,49.5,40,0,31,9,22,GB,0,Away,9,31,-22,-11.5,0
2006-10-08,2006,5,Green Bay Packers,GB,20,St. Louis Rams,LAR,23,LAR,-2.5,46.5,43,0,23,20,3,GB,0,Home,20,23,-3,-2.5,0
2006-10-22,2006,7,Miami Dolphins,MIA,24,Green Bay Packers,GB,34,MIA,-5.5,40,58,0,24,34,-10,GB,0,Away,34,24,10,-5.5,1
2006-10-29,2006,8,Green Bay Packers,GB,31,Arizona Cardinals,ARI,14,GB,-4,45.5,45,0,31,14,17,GB,1,Home,31,14,17,4,1
2006-11-05,2006,9,Buffalo Bills,BUF,24,Green Bay Packers,GB,10,BUF,-3,41,34,0,24,10,14,GB,0,Away,10,24,-14,-3,0
2006-11-12,2006,10,Minnesota Vikings,MIN,17,Green Bay Packers,GB,23,MIN,-5,40.5,40,0,17,23,-6,GB,0,Away,23,17,6,-5,1
2006-11-19,2006,11,Green Bay Packers,GB,0,New England Patriots,NE,35,NE,-6,46,35,0,35,0,35,GB,0,Home,0,35,-35,-6,0
2006-11-27,2006,12,Seattle Seahawks,SEA,34,Green Bay Packers,GB,24,SEA,-10,42.5,58,0,34,24,10,GB,0,Away,24,34,-10,-10,0
2006-12-03,2006,13,Green Bay Packers,GB,10,New York Jets,NYJ,38,PICK,0,42.5,48,0,38,10,28,GB,0,Home,10,38,-28,0,0
2006-12-10,2006,14,San Francisco 49ers,SF,19,Green Bay Packers,GB,30,SF,-4,43.5,49,0,19,30,-11,GB,0,Away,30,19,11,-4,1
2006-12-17,2006,15,Green Bay Packers,GB,17,Detroit Lions,DET,9,GB,-6,45,26,0,17,9,8,GB,1,Home,17,9,8,6,1
2006-12-21,2006,16,Green Bay Packers,GB,9,Minnesota Vikings,MIN,7,GB,-4,38.5,16,0,9,7,2,GB,1,Home,9,7,2,4,0
2006-12-31,2006,17,Chicago Bears,CHI,7,Green Bay Packers,GB,26,CHI,-2.5,37,33,0,7,26,-19,GB,0,Away,26,7,19,-2.5,1
2007-09-09,2007,1,Green Bay Packers,GB,16,Philadelphia Eagles,PHI,13,PHI,-3,42.5,29,0,13,16,-3,GB,0,Home,16,13,3,-3,1
2007-09-16,2007,2,New York Giants,NYG,13,Green Bay Packers,GB,35,NYG,-2.5,39,48,0,13,35,-22,GB,0,Away,35,13,22,-2.5,1
2007-09-23,2007,3,Green Bay Packers,GB,31,San Diego Chargers,LAC,24,LAC,-5.5,42.5,55,0,24,31,-7,GB,0,Home,31,24,7,-5.5,1
2007-09-30,2007,4,Minnesota Vikings,MIN,16,Green Bay Packers,GB,23,GB,-1,38,39,0,23,16,7,GB,1,Away,23,16,7,1,1
2007-10-07,2007,5,Green Bay Packers,GB,20,Chicago Bears,CHI,27,GB,-3.5,40.5,47,0,20,27,-7,GB,1,Home,20,27,-7,3.5,0
2007-10-14,2007,6,Green Bay Packers,GB,17,Washington Redskins,WAS,14,GB,-3,40.5,31,0,17,14,3,GB,1,Home,17,14,3,3,0
2007-10-29,2007,8,Denver Broncos,DEN,13,Green Bay Packers,GB,19,DEN,-3,43.5,32,0,13,19,-6,GB,0,Away,19,13,6,-3,1
2007-11-04,2007,9,Kansas City Chiefs,KC,22,Green Bay Packers,GB,33,KC,-2.5,37.5,55,0,22,33,-11,GB,0,Away,33,22,11,-2.5,1
2007-11-11,2007,10,Green Bay Packers,GB,34,Minnesota Vikings,MIN,0,GB,-6,40.5,34,0,34,0,34,GB,1,Home,34,0,34,6,1
2007-11-18,2007,11,Green Bay Packers,GB,31,Carolina Panthers,CAR,17,GB,-10,37.5,48,0,31,17,14,GB,1,Home,31,17,14,10,1
2007-11-22,2007,12,Detroit Lions,DET,26,Green Bay Packers,GB,37,GB,-3,47,63,0,37,26,11,GB,1,Away,37,26,11,3,1
2007-11-29,2007,13,Dallas Cowboys,DAL,37,Green Bay Packers,GB,27,DAL,-6.5,52.5,64,0,37,27,10,GB,0,Away,27,37,-10,-6.5,0
2007-12-09,2007,14,Green Bay Packers,GB,38,Oakland Raiders,OAK,7,GB,-10,40.5,45,0,38,7,31,GB,1,Home,38,7,31,10,1
2007-12-16,2007,15,St. Louis Rams,LAR,14,Green Bay Packers,GB,33,GB,-7,47,47,0,33,14,19,GB,1,Away,33,14,19,7,1
2007-12-23,2007,16,Chicago Bears,CHI,35,Green Bay Packers,GB,7,GB,-7.5,32,42,0,7,35,-28,GB,1,Away,7,35,-28,7.5,0
2007-12-30,2007,17,Green Bay Packers,GB,34,Detroit Lions,DET,13,GB,-3,38.5,47,0,34,13,21,GB,1,Home,34,13,21,3,1
2008-09-08,2008,1,Green Bay Packers,GB,24,Minnesota Vikings,MIN,19,GB,-2.5,37.5,43,0,24,19,5,GB,1,Home,24,19,5,2.5,1
2008-09-14,2008,2,Detroit Lions,DET,25,Green Bay Packers,GB,48,GB,-3,47,73,0,48,25,23,GB,1,Away,48,25,23,3,1
2008-09-21,2008,3,Green Bay Packers,GB,16,Dallas Cowboys,DAL,27,DAL,-3,51,43,0,27,16,11,GB,0,Home,16,27,-11,-3,0
2008-09-28,2008,4,Tampa Bay Buccaneers,TB,30,Green Bay Packers,GB,21,TB,-2,43,51,0,30,21,9,GB,0,Away,21,30,-9,-2,0
2008-10-05,2008,5,Green Bay Packers,GB,24,Atlanta Falcons,ATL,27,GB,-5,42.5,51,0,24,27,-3,GB,1,Home,24,27,-3,5,0
2008-10-12,2008,6,Seattle Seahawks,SEA,17,Green Bay Packers,GB,27,SEA,-1,44.5,44,0,17,27,-10,GB,0,Away,27,17,10,-1,1
2008-10-19,2008,7,Green Bay Packers,GB,34,Indianapolis Colts,IND,14,IND,-2.5,47,48,0,14,34,-20,GB,0,Home,34,14,20,-2.5,1
2008-11-02,2008,9,Tennessee Titans,TEN,19,Green Bay Packers,GB,16,TEN,-3.5,41,35,0,19,16,3,GB,0,Away,16,19,-3,-3.5,1
2008-11-09,2008,10,Minnesota Vikings,MIN,28,Green Bay Packers,GB,27,MIN,-2.5,44.5,55,0,28,27,1,GB,0,Away,27,28,-1,-2.5,1
2008-11-16,2008,11,Green Bay Packers,GB,37,Chicago Bears,CHI,3,GB,-3.5,43,40,0,37,3,34,GB,1,Home,37,3,34,3.5,1
2008-11-24,2008,12,New Orleans Saints,NO,51,Green Bay Packers,GB,29,NO,-1,52,80,0,51,29,22,GB,0,Away,29,51,-22,-1,0
2008-11-30,2008,13,Green Bay Packers,GB,31,Carolina Panthers,CAR,35,GB,-3,41.5,66,0,31,35,-4,GB,1,Home,31,35,-4,3,0
2008-12-07,2008,14,Green Bay Packers,GB,21,Houston Texans,HOU,24,GB,-7,47.5,45,0,21,24,-3,GB,1,Home,21,24,-3,7,0
2008-12-14,2008,15,Jacksonville Jaguars,JAX,20,Green Bay Packers,GB,16,GB,-2.5,46,36,0,16,20,-4,GB,1,Away,16,20,-4,2.5,0
2008-12-22,2008,16,Chicago Bears,CHI,20,Green Bay Packers,GB,17,CHI,-4,40,37,0,20,17,3,GB,0,Away,17,20,-3,-4,1
2008-12-28,2008,17,Green Bay Packers,GB,31,Detroit Lions,DET,21,GB,-11,41.5,52,0,31,21,10,GB,1,Home,31,21,10,11,0
2009-09-13,2009,1,Green Bay Packers,GB,21,Chicago Bears,CHI,15,GB,-5,47,36,0,21,15,6,GB,1,Home,21,15,6,5,1
2009-09-20,2009,2,Green Bay Packers,GB,24,Cincinnati Bengals,CIN,31,GB,-7.5,42,55,0,24,31,-7,GB,1,Home,24,31,-7,7.5,0
2009-09-27,2009,3,St. Louis Rams,LAR,17,Green Bay Packers,GB,36,GB,-6.5,43,53,0,36,17,19,GB,1,Away,36,17,19,6.5,1
2009-10-05,2009,4,Minnesota Vikings,MIN,30,Green Bay Packers,GB,23,MIN,-5,46.5,53,0,30,23,7,GB,0,Away,23,30,-7,-5,0
2009-10-18,2009,6,Green Bay Packers,GB,26,Detroit Lions,DET,0,GB,-14,48,26,0,26,0,26,GB,1,Home,26,0,26,14,1
2009-10-25,2009,7,Cleveland Browns,CLE,3,Green Bay Packers,GB,31,GB,-9,41.5,34,0,31,3,28,GB,1,Away,31,3,28,9,1
2009-11-01,2009,8,Green Bay Packers,GB,26,Minnesota Vikings,MIN,38,GB,-3,47,64,0,26,38,-12,GB,1,Home,26,38,-12,3,0
2009-11-08,2009,9,Tampa Bay Buccaneers,TB,38,Green Bay Packers,GB,28,GB,-9.5,43.5,66,0,28,38,-10,GB,1,Away,28,38,-10,9.5,0
2009-11-15,2009,10,Green Bay Packers,GB,17,Dallas Cowboys,DAL,7,DAL,-3,48,24,0,7,17,-10,GB,0,Home,17,7,10,-3,1
2009-11-22,2009,11,Green Bay Packers,GB,30,San Francisco 49ers,SF,24,GB,-6,42,54,0,30,24,6,GB,1,Home,30,24,6,6,0
2009-11-26,2009,12,Detroit Lions,DET,12,Green Bay Packers,GB,34,GB,-11.5,48,46,0,34,12,22,GB,1,Away,34,12,22,11.5,1
2009-12-07,2009,13,Green Bay Packers,GB,27,Baltimore Ravens,BAL,14,GB,-4,43,41,0,27,14,13,GB,1,Home,27,14,13,4,1
2009-12-13,2009,14,Chicago Bears,CHI,14,Green Bay Packers,GB,21,GB,-4,42,35,0,21,14,7,GB,1,Away,21,14,7,4,1
2009-12-20,2009,15,Pittsburgh Steelers,PIT,37,Green Bay Packers,GB,36,PIT,-2.5,41,73,0,37,36,1,GB,0,Away,36,37,-1,-2.5,1
2009-12-27,2009,16,Green Bay Packers,GB,48,Seattle Seahawks,SEA,10,GB,-13.5,43.5,58,0,48,10,38,GB,1,Home,48,10,38,13.5,1
2010-01-03,2009,17,Arizona Cardinals,ARI,7,Green Bay Packers,GB,33,ARI,-3,44,40,0,7,33,-26,GB,0,Away,33,7,26,-3,1
2010-09-12,2010,1,Philadelphia Eagles,PHI,20,Green Bay Packers,GB,27,GB,-3,48,47,0,27,20,7,GB,1,Away,27,20,7,3,1
2010-09-19,2010,2,Green Bay Packers,GB,34,Buffalo Bills,BUF,7,GB,-13,43,41,0,34,7,27,GB,1,Home,34,7,27,13,1
2010-09-27,2010,3,Chicago Bears,CHI,20,Green Bay Packers,GB,17,GB,-3,46.5,37,0,17,20,-3,GB,1,Away,17,20,-3,3,0
2010-10-03,2010,4,Green Bay Packers,GB,28,Detroit Lions,DET,26,GB,-14.5,46,54,0,28,26,2,GB,1,Home,28,26,2,14.5,0
2010-10-10,2010,5,Washington Redskins,WAS,16,Green Bay Packers,GB,13,GB,-3,45.5,29,0,13,16,-3,GB,1,Away,13,16,-3,3,0
2010-10-17,2010,6,Green Bay Packers,GB,20,Miami Dolphins,MIA,23,GB,-3,44,43,0,20,23,-3,GB,1,Home,20,23,-3,3,0
2010-10-24,2010,7,Green Bay Packers,GB,28,Minnesota Vikings,MIN,24,GB,-2.5,44.5,52,0,28,24,4,GB,1,Home,28,24,4,2.5,1
2010-10-31,2010,8,New York Jets,NYJ,0,Green Bay Packers,GB,9,NYJ,-6,42,9,0,0,9,-9,GB,0,Away,9,0,9,-6,1
2010-11-07,2010,9,Green Bay Packers,GB,45,Dallas Cowboys,DAL,7,GB,-7,45.5,52,0,45,7,38,GB,1,Home,45,7,38,7,1
2010-11-21,2010,11,Minnesota Vikings,MIN,3,Green Bay Packers,GB,31,GB,-3,45,34,0,31,3,28,GB,1,Away,31,3,28,3,1
2010-11-28,2010,12,Atlanta Falcons,ATL,20,Green Bay Packers,GB,17,ATL,-2,48,37,0,20,17,3,GB,0,Away,17,20,-3,-2,0
2010-12-05,2010,13,Green Bay Packers,GB,34,San Francisco 49ers,SF,16,GB,-9,41,50,0,34,16,18,GB,1,Home,34,16,18,9,1
2010-12-12,2010,14,Detroit Lions,DET,7,Green Bay Packers,GB,3,GB,-7,46,10,0,3,7,-4,GB,1,Away,3,7,-4,7,0
2010-12-19,2010,15,New England Patriots,NE,31,Green Bay Packers,GB,27,NE,-14.5,43.5,58,0,31,27,4,GB,0,Away,27,31,-4,-14.5,1
2010-12-26,2010,16,Green Bay Packers,GB,45,New York Giants,NYG,17,GB,-3,43,62,0,45,17,28,GB,1,Home,45,17,28,3,1
2011-01-02,2010,17,Green Bay Packers,GB,10,Chicago Bears,CHI,3,GB,-10.5,43.5,13,0,10,3,7,GB,1,Home,10,3,7,10.5,0
2011-09-08,2011,1,Green Bay Packers,GB,42,New Orleans Saints,NO,34,GB,-5,48,76,0,42,34,8,GB,1,Home,42,34,8,5,1
2011-09-18,2011,2,Carolina Panthers,CAR,23,Green Bay Packers,GB,30,GB,-11,45,53,0,30,23,7,GB,1,Away,30,23,7,11,0
2011-09-25,2011,3,Chicago Bears,CHI,17,Green Bay Packers,GB,27,GB,-5,45.5,44,0,27,17,10,GB,1,Away,27,17,10,5,1
2011-10-02,2011,4,Green Bay Packers,GB,49,Denver Broncos,DEN,23,GB,-12,46.5,72,0,49,23,26,GB,1,Home,49,23,26,12,1
2011-10-09,2011,5,Atlanta Falcons,ATL,14,Green Bay Packers,GB,25,GB,-6.5,53,39,0,25,14,11,GB,1,Away,25,14,11,6.5,1
2011-10-16,2011,6,Green Bay Packers,GB,24,St. Louis Rams,LAR,3,GB,-14,47.5,27,0,24,3,21,GB,1,Home,24,3,21,14,1
2011-10-23,2011,7,Minnesota Vikings,MIN,27,Green Bay Packers,GB,33,GB,-11,47,60,0,33,27,6,GB,1,Away,33,27,6,11,0
2011-11-06,2011,9,San Diego Chargers,LAC,38,Green Bay Packers,GB,45,GB,-6,51,83,0,45,38,7,GB,1,Away,45,38,7,6,1
2011-11-14,2011,10,Green Bay Packers,GB,45,Minnesota Vikings,MIN,7,GB,-13,50,52,0,45,7,38,GB,1,Home,45,7,38,13,1
2011-11-20,2011,11,Green Bay Packers,GB,35,Tampa Bay Buccaneers,TB,26,GB,-13.5,49,61,0,35,26,9,GB,1,Home,35,26,9,13.5,0
2011-11-24,2011,12,Detroit Lions,DET,15,Green Bay Packers,GB,27,GB,-4.5,55,42,0,27,15,12,GB,1,Away,27,15,12,4.5,1
2011-12-04,2011,13,New York Giants,NYG,35,Green Bay Packers,GB,38,GB,-7,54,73,0,38,35,3,GB,1,Away,38,35,3,7,0
2011-12-11,2011,14,Green Bay Packers,GB,46,Oakland Raiders,OAK,16,GB,-11.5,49.5,62,0,46,16,30,GB,1,Home,46,16,30,11.5,1
2011-12-18,2011,15,Kansas City Chiefs,KC,19,Green Bay Packers,GB,14,GB,-11.5,46,33,0,14,19,-5,GB,1,Away,14,19,-5,11.5,0
2011-12-25,2011,16,Green Bay Packers,GB,35,Chicago Bears,CHI,21,GB,-13,42,56,0,35,21,14,GB,1,Home,35,21,14,13,1
2012-01-01,2011,17,Green Bay Packers,GB,45,Detroit Lions,DET,41,DET,-6.5,42,86,0,41,45,-4,GB,0,Home,45,41,4,-6.5,1
2012-09-09,2012,1,Green Bay Packers,GB,22,San Francisco 49ers,SF,30,GB,-5.5,46.5,52,0,22,30,-8,GB,1,Home,22,30,-8,5.5,0
2012-09-13,2012,2,Green Bay Packers,GB,23,Chicago Bears,CHI,10,GB,-5.5,51,33,0,23,10,13,GB,1,Home,23,10,13,5.5,1
2012-09-24,2012,3,Seattle Seahawks,SEA,14,Green Bay Packers,GB,12,GB,-3.5,45.5,26,0,12,14,-2,GB,1,Away,12,14,-2,3.5,0
2012-09-30,2012,4,Green Bay Packers,GB,28,New Orleans Saints,NO,27,GB,-7.5,54,55,0,28,27,1,GB,1,Home,28,27,1,7.5,0
2012-10-07,2012,5,Indianapolis Colts,IND,30,Green Bay Packers,GB,27,GB,-6.5,49,57,0,27,30,-3,GB,1,Away,27,30,-3,6.5,0
2012-10-14,2012,6,Houston Texans,HOU,24,Green Bay Packers,GB,42,HOU,-4,46.5,66,0,24,42,-18,GB,0,Away,42,24,18,-4,1
2012-10-21,2012,7,St. Louis Rams,LAR,20,Green Bay Packers,GB,30,GB,-5,45,50,0,30,20,10,GB,1,Away,30,20,10,5,1
2012-10-28,2012,8,Green Bay Packers,GB,24,Jacksonville Jaguars,JAX,15,GB,-16,45.5,39,0,24,15,9,GB,1,Home,24,15,9,16,0
2012-11-04,2012,9,Green Bay Packers,GB,31,Arizona Cardinals,ARI,17,GB,-10.5,43.5,48,0,31,17,14,GB,1,Home,31,17,14,10.5,1
2012-11-18,2012,11,Detroit Lions,DET,20,Green Bay Packers,GB,24,GB,-3,53.5,44,0,24,20,4,GB,1,Away,24,20,4,3,1
2012-11-25,2012,12,New York Giants,NYG,38,Green Bay Packers,GB,10,NYG,-2.5,51.5,48,0,38,10,28,GB,0,Away,10,38,-28,-2.5,0
2012-12-02,2012,13,Green Bay Packers,GB,23,Minnesota Vikings,MIN,14,GB,-7.5,47,37,0,23,14,9,GB,1,Home,23,14,9,7.5,1
2012-12-09,2012,14,Green Bay Packers,GB,27,Detroit Lions,DET,20,GB,-6.5,49,47,0,27,20,7,GB,1,Home,27,20,7,6.5,1
2012-12-16,2012,15,Chicago Bears,CHI,13,Green Bay Packers,GB,21,GB,-3,43.5,34,0,21,13,8,GB,1,Away,21,13,8,3,1
2012-12-23,2012,16,Green Bay Packers,GB,55,Tennessee Titans,TEN,7,GB,-11,44.5,62,0,55,7,48,GB,1,Home,55,7,48,11,1
2012-12-30,2012,17,Minnesota Vikings,MIN,37,Green Bay Packers,GB,34,GB,-3,46,71,0,34,37,-3,GB,1,Away,34,37,-3,3,0
2013-09-08,2013,1,San Francisco 49ers,SF,34,Green Bay Packers,GB,28,SF,-5,48.5,62,0,34,28,6,GB,0,Away,28,34,-6,-5,0
2013-09-15,2013,2,Green Bay Packers,GB,38,Washington Redskins,WAS,20,GB,-8,50,58,0,38,20,18,GB,1,Home,38,20,18,8,1
2013-09-22,2013,3,Cincinnati Bengals,CIN,34,Green Bay Packers,GB,30,GB,-3,50.5,64,0,30,34,-4,GB,1,Away,30,34,-4,3,0
2013-10-06,2013,5,Green Bay Packers,GB,22,Detroit Lions,DET,9,GB,-9.5,55,31,0,22,9,13,GB,1,Home,22,9,13,9.5,1
2013-10-13,2013,6,Baltimore Ravens,BAL,17,Green Bay Packers,GB,19,GB,-2,48,36,0,19,17,2,GB,1,Away,19,17,2,2,0
2013-10-20,2013,7,Green Bay Packers,GB,31,Cleveland Browns,CLE,13,GB,-9.5,45,44,0,31,13,18,GB,1,Home,31,13,18,9.5,1
2013-10-27,2013,8,Minnesota Vikings,MIN,31,Green Bay Packers,GB,44,GB,-7.5,47,75,0,44,31,13,GB,1,Away,44,31,13,7.5,1
2013-11-04,2013,9,Green Bay Packers,GB,20,Chicago Bears,CHI,27,GB,-9.5,50.5,47,0,20,27,-7,GB,1,Home,20,27,-7,9.5,0
2013-11-10,2013,10,Green Bay Packers,GB,13,Philadelphia Eagles,PHI,27,PHI,-1,47,40,0,27,13,14,GB,0,Home,13,27,-14,-1,0
2013-11-17,2013,11,New York Giants,NYG,27,Green Bay Packers,GB,13,NYG,-3,40.5,40,0,27,13,14,GB,0,Away,13,27,-14,-3,0
2013-11-24,2013,12,Green Bay Packers,GB,26,Minnesota Vikings,MIN,26,GB,-5.5,44.5,52,0,26,26,0,GB,1,Home,26,26,0,5.5,0
2013-11-28,2013,13,Detroit Lions,DET,40,Green Bay Packers,GB,10,DET,-6,48.5,50,0,40,10,30,GB,0,Away,10,40,-30,-6,0
2013-12-08,2013,14,Green Bay Packers,GB,22,Atlanta Falcons,ATL,21,GB,-3.5,45,43,0,22,21,1,GB,1,Home,22,21,1,3.5,0
2013-12-15,2013,15,Dallas Cowboys,DAL,36,Green Bay Packers,GB,37,DAL,-4,49.5,73,0,36,37,-1,GB,0,Away,37,36,1,-4,1
2013-12-22,2013,16,Green Bay Packers,GB,31,Pittsburgh Steelers,PIT,38,GB,-2,44.5,69,0,31,38,-7,GB,1,Home,31,38,-7,2,0
2013-12-29,2013,17,Chicago Bears,CHI,28,Green Bay Packers,GB,33,GB,-3,51.5,61,0,33,28,5,GB,1,Away,33,28,5,3,1
2014-09-04,2014,1,Seattle Seahawks,SEA,36,Green Bay Packers,GB,16,SEA,-4.5,46.5,52,0,36,16,20,GB,0,Away,16,36,-20,-4.5,0
2014-09-14,2014,2,Green Bay Packers,GB,31,New York Jets,NYJ,24,GB,-7,46.5,55,0,31,24,7,GB,1,Home,31,24,7,7,0
2014-09-21,2014,3,Detroit Lions,DET,19,Green Bay Packers,GB,7,DET,-1.5,52,26,0,19,7,12,GB,0,Away,7,19,-12,-1.5,0
2014-09-28,2014,4,Chicago Bears,CHI,17,Green Bay Packers,GB,38,GB,-2,51,55,0,38,17,21,GB,1,Away,38,17,21,2,1
2014-10-02,2014,5,Green Bay Packers,GB,42,Minnesota Vikings,MIN,10,GB,-8.5,46.5,52,0,42,10,32,GB,1,Home,42,10,32,8.5,1
2014-10-12,2014,6,Miami Dolphins,MIA,24,Green Bay Packers,GB,27,GB,-1.5,47,51,0,27,24,3,GB,1,Away,27,24,3,1.5,1
2014-10-19,2014,7,Green Bay Packers,GB,38,Carolina Panthers,CAR,17,GB,-6.5,49.5,55,0,38,17,21,GB,1,Home,38,17,21,6.5,1
2014-10-26,2014,8,New Orleans Saints,NO,44,Green Bay Packers,GB,23,NO,-2,55.5,67,0,44,23,21,GB,0,Away,23,44,-21,-2,0
2014-11-09,2014,10,Green Bay Packers,GB,55,Chicago Bears,CHI,14,GB,-9.5,54,69,0,55,14,41,GB,1,Home,55,14,41,9.5,1
2014-11-16,2014,11,Green Bay Packers,GB,53,Philadelphia Eagles,PHI,20,GB,-4.5,55.5,73,0,53,20,33,GB,1,Home,53,20,33,4.5,1
2014-11-23,2014,12,Minnesota Vikings,MIN,21,Green Bay Packers,GB,24,GB,-7.5,49.5,45,0,24,21,3,GB,1,Away,24,21,3,7.5,0
2014-11-30,2014,13,Green Bay Packers,GB,26,New England Patriots,NE,21,GB,-3,58,47,0,26,21,5,GB,1,Home,26,21,5,3,1
2014-12-08,2014,14,Green Bay Packers,GB,43,Atlanta Falcons,ATL,37,GB,-13.5,55,80,0,43,37,6,GB,1,Home,43,37,6,13.5,0
2014-12-14,2014,15,Buffalo Bills,BUF,21,Green Bay Packers,GB,13,GB,-3.5,50,34,0,13,21,-8,GB,1,Away,13,21,-8,3.5,0
2014-12-21,2014,16,Tampa Bay Buccaneers,TB,3,Green Bay Packers,GB,20,GB,-11.5,49,23,0,20,3,17,GB,1,Away,20,3,17,11.5,1
2014-12-28,2014,17,Green Bay Packers,GB,30,Detroit Lions,DET,20,GB,-9,47,50,0,30,20,10,GB,1,Home,30,20,10,9,1
2015-09-13,2015,1,Chicago Bears,CHI,23,Green Bay Packers,GB,31,GB,-6.5,48.5,54,0,31,23,8,GB,1,Away,31,23,8,6.5,1
2015-09-20,2015,2,Green Bay Packers,GB,27,Seattle Seahawks,SEA,17,GB,-3,49.5,44,0,27,17,10,GB,1,Home,27,17,10,3,1
2015-09-28,2015,3,Green Bay Packers,GB,38,Kansas City Chiefs,KC,28,GB,-5.5,47.5,66,0,38,28,10,GB,1,Home,38,28,10,5.5,1
2015-10-04,2015,4,San Francisco 49ers,SF,3,Green Bay Packers,GB,17,GB,-7.5,48,20,0,17,3,14,GB,1,Away,17,3,14,7.5,1
2015-10-11,2015,5,Green Bay Packers,GB,24,St. Louis Rams,LAR,10,GB,-9,46,34,0,24,10,14,GB,1,Home,24,10,14,9,1
2015-10-18,2015,6,Green Bay Packers,GB,27,San Diego Chargers,LAC,20,GB,-10.5,50.5,47,0,27,20,7,GB,1,Home,27,20,7,10.5,0
2015-11-01,2015,8,Denver Broncos,DEN,29,Green Bay Packers,GB,10,GB,-2.5,45.5,39,0,10,29,-19,GB,1,Away,10,29,-19,2.5,0
2015-11-08,2015,9,Carolina Panthers,CAR,37,Green Bay Packers,GB,29,GB,-2.5,46,66,0,29,37,-8,GB,1,Away,29,37,-8,2.5,0
2015-11-15,2015,10,Green Bay Packers,GB,16,Detroit Lions,DET,18,GB,-10.5,50,34,0,16,18,-2,GB,1,Home,16,18,-2,10.5,0
2015-11-22,2015,11,Minnesota Vikings,MIN,13,Green Bay Packers,GB,30,PICK,0,45,43,0,30,13,17,GB,0,Away,30,13,17,0,1
2015-11-26,2015,12,Green Bay Packers,GB,13,Chicago Bears,CHI,17,GB,-8,45,30,0,13,17,-4,GB,1,Home,13,17,-4,8,0
2015-12-03,2015,13,Detroit Lions,DET,23,Green Bay Packers,GB,27,GB,-2.5,46.5,50,0,27,23,4,GB,1,Away,27,23,4,2.5,1
2015-12-13,2015,14,Green Bay Packers,GB,28,Dallas Cowboys,DAL,7,GB,-6.5,42.5,35,0,28,7,21,GB,1,Home,28,7,21,6.5,1
2015-12-20,2015,15,Oakland Raiders,OAK,20,Green Bay Packers,GB,30,GB,-4,47,50,0,30,20,10,GB,1,Away,30,20,10,4,1
2015-12-27,2015,16,Arizona Cardinals,ARI,38,Green Bay Packers,GB,8,ARI,-6,50.5,46,0,38,8,30,GB,0,Away,8,38,-30,-6,0
2016-01-03,2015,17,Green Bay Packers,GB,13,Minnesota Vikings,MIN,20,GB,-3,44,33,0,13,20,-7,GB,1,Home,13,20,-7,3,0
2016-09-11,2016,1,Jacksonville Jaguars,JAX,23,Green Bay Packers,GB,27,GB,-3.5,47.5,50,0,27,23,4,GB,1,Away,27,23,4,3.5,1
2016-09-18,2016,2,Minnesota Vikings,MIN,17,Green Bay Packers,GB,14,GB,-2,43,31,0,14,17,-3,GB,1,Away,14,17,-3,2,0
2016-09-25,2016,3,Green Bay Packers,GB,34,Detroit Lions,DET,27,GB,-6.5,47.5,61,0,34,27,7,GB,1,Home,34,27,7,6.5,1
2016-10-09,2016,5,Green Bay Packers,GB,23,New York Giants,NYG,16,GB,-7,49,39,0,23,16,7,GB,1,Home,23,16,7,7,0
2016-10-16,2016,6,Green Bay Packers,GB,16,Dallas Cowboys,DAL,30,GB,-5,47,46,0,16,30,-14,GB,1,Home,16,30,-14,5,0
2016-10-20,2016,7,Green Bay Packers,GB,26,Chicago Bears,CHI,10,GB,-7.5,46.5,36,0,26,10,16,GB,1,Home,26,10,16,7.5,1
2016-10-30,2016,8,Atlanta Falcons,ATL,33,Green Bay Packers,GB,32,ATL,-3,51,65,0,33,32,1,GB,0,Away,32,33,-1,-3,1
2016-11-06,2016,9,Green Bay Packers,GB,26,Indianapolis Colts,IND,31,GB,-7.5,52,57,0,26,31,-5,GB,1,Home,26,31,-5,7.5,0
2016-11-13,2016,10,Tennessee Titans,TEN,47,Green Bay Packers,GB,25,GB,-3,49,72,0,25,47,-22,GB,1,Away,25,47,-22,3,0
2016-11-20,2016,11,Washington Redskins,WAS,42,Green Bay Packers,GB,24,WAS,-3,48.5,66,0,42,24,18,GB,0,Away,24,42,-18,-3,0
2016-11-28,2016,12,Philadelphia Eagles,PHI,13,Green Bay Packers,GB,27,PHI,-4,47.5,40,0,13,27,-14,GB,0,Away,27,13,14,-4,1
2016-12-04,2016,13,Green Bay Packers,GB,21,Houston Texans,HOU,13,GB,-7,44.5,34,0,21,13,8,GB,1,Home,21,13,8,7,1
2016-12-11,2016,14,Green Bay Packers,GB,38,Seattle Seahawks,SEA,10,SEA,-3,47,48,0,10,38,-28,GB,0,Home,38,10,28,-3,1
2016-12-18,2016,15,Chicago Bears,CHI,27,Green Bay Packers,GB,30,GB,-4.5,40,57,0,30,27,3,GB,1,Away,30,27,3,4.5,0
2016-12-24,2016,16,Green Bay Packers,GB,38,Minnesota Vikings,MIN,25,GB,-6,44.5,63,0,38,25,13,GB,1,Home,38,25,13,6,1
2017-01-01,2016,17,Detroit Lions,DET,24,Green Bay Packers,GB,31,GB,-3.5,50,55,0,31,24,7,GB,1,Away,31,24,7,3.5,1
2017-09-10,2017,1,Green Bay Packers,GB,17,Seattle Seahawks,SEA,9,GB,-3,50.5,26,0,17,9,8,GB,1,Home,17,9,8,3,1
2017-09-17,2017,2,Atlanta Falcons,ATL,34,Green Bay Packers,GB,23,ATL,-2.5,41,57,0,34,23,11,GB,0,Away,23,34,-11,-2.5,0
2017-09-24,2017,3,Green Bay Packers,GB,27,Cincinnati Bengals,CIN,24,GB,-9,47.5,51,0,27,24,3,GB,1,Home,27,24,3,9,0
2017-09-28,2017,4,Green Bay Packers,GB,35,Chicago Bears,CHI,14,GB,-7.5,44.5,49,0,35,14,21,GB,1,Home,35,14,21,7.5,1
2017-10-08,2017,5,Dallas Cowboys,DAL,31,Green Bay Packers,GB,35,DAL,-2,52.5,66,0,31,35,-4,GB,0,Away,35,31,4,-2,1
2017-10-15,2017,6,Minnesota Vikings,MIN,23,Green Bay Packers,GB,10,GB,-3,44.5,33,0,10,23,-13,GB,1,Away,10,23,-13,3,0
2017-10-22,2017,7,Green Bay Packers,GB,17,New Orleans Saints,NO,26,NO,-3.5,46,43,0,26,17,9,GB,0,Home,17,26,-9,-3.5,0
2017-11-06,2017,9,Green Bay Packers,GB,17,Detroit Lions,DET,30,DET,-2.5,42.5,47,0,30,17,13,GB,0,Home,17,30,-13,-2.5,0
2017-11-12,2017,10,Chicago Bears,CHI,16,Green Bay Packers,GB,23,CHI,-4.5,37.5,39,0,16,23,-7,GB,0,Away,23,16,7,-4.5,1
2017-11-19,2017,11,Green Bay Packers,GB,0,Baltimore Ravens,BAL,23,BAL,-2,38,23,0,23,0,23,GB,0,Home,0,23,-23,-2,0
2017-11-26,2017,12,Pittsburgh Steelers,PIT,31,Green Bay Packers,GB,28,PIT,-14,41.5,59,0,31,28,3,GB,0,Away,28,31,-3,-14,1
2017-12-03,2017,13,Green Bay Packers,GB,26,Tampa Bay Buccaneers,TB,20,GB,-2,45,46,0,26,20,6,GB,1,Home,26,20,6,2,1
2017-12-10,2017,14,Cleveland Browns,CLE,21,Green Bay Packers,GB,27,GB,-2.5,38.5,48,0,27,21,6,GB,1,Away,27,21,6,2.5,1
2017-12-17,2017,15,Carolina Panthers,CAR,31,Green Bay Packers,GB,24,CAR,-3,46.5,55,0,31,24,7,GB,0,Away,24,31,-7,-3,0
2017-12-23,2017,16,Green Bay Packers,GB,0,Minnesota Vikings,MIN,16,MIN,-8.5,41,16,0,16,0,16,GB,0,Home,0,16,-16,-8.5,0
2017-12-31,2017,17,Detroit Lions,DET,35,Green Bay Packers,GB,11,DET,-7.5,44.5,46,0,35,11,24,GB,0,Away,11,35,-24,-7.5,0
2018-09-09,2018,1,Green Bay Packers,GB,24,Chicago Bears,CHI,23,GB,-6.5,45,47,0,24,23,1,GB,1,Home,24,23,1,6.5,0
2018-09-16,2018,2,Green Bay Packers,GB,29,Minnesota Vikings,MIN,29,MIN,-2,45,58,0,29,29,0,GB,0,Home,29,29,0,-2,1
2018-09-23,2018,3,Washington Redskins,WAS,31,Green Bay Packers,GB,17,GB,-2.5,45.5,48,0,17,31,-14,GB,1,Away,17,31,-14,2.5,0
2018-09-30,2018,4,Green Bay Packers,GB,22,Buffalo Bills,BUF,0,GB,-8.5,43.5,22,0,22,0,22,GB,1,Home,22,0,22,8.5,1
2018-10-07,2018,5,Detroit Lions,DET,31,Green Bay Packers,GB,23,GB,-1,50,54,0,23,31,-8,GB,1,Away,23,31,-8,1,0
2018-10-15,2018,6,Green Bay Packers,GB,33,San Francisco 49ers,SF,30,GB,-9,46.5,63,0,33,30,3,GB,1,Home,33,30,3,9,0
2018-10-28,2018,8,Los Angeles Rams,LAR,29,Green Bay Packers,GB,27,LAR,-7.5,57,56,0,29,27,2,GB,0,Away,27,29,-2,-7.5,1
2018-11-04,2018,9,New England Patriots,NE,31,Green Bay Packers,GB,17,NE,-5,56,48,0,31,17,14,GB,0,Away,17,31,-14,-5,0
2018-11-11,2018,10,Green Bay Packers,GB,31,Miami Dolphins,MIA,12,GB,-11,48.5,43,0,31,12,19,GB,1,Home,31,12,19,11,1
2018-11-15,2018,11,Seattle Seahawks,SEA,27,Green Bay Packers,GB,24,SEA,-3,49,51,0,27,24,3,GB,0,Away,24,27,-3,-3,0
2018-11-25,2018,12,Minnesota Vikings,MIN,24,Green Bay Packers,GB,17,MIN,-3.5,48,41,0,24,17,7,GB,0,Away,17,24,-7,-3.5,0
2018-12-02,2018,13,Green Bay Packers,GB,17,Arizona Cardinals,ARI,20,GB,-13.5,41,37,0,17,20,-3,GB,1,Home,17,20,-3,13.5,0
2018-12-09,2018,14,Green Bay Packers,GB,34,Atlanta Falcons,ATL,20,GB,-4,50.5,54,0,34,20,14,GB,1,Home,34,20,14,4,1
2018-12-16,2018,15,Chicago Bears,CHI,24,Green Bay Packers,GB,17,CHI,-5.5,46.5,41,0,24,17,7,GB,0,Away,17,24,-7,-5.5,0
2018-12-23,2018,16,New York Jets,NYJ,38,Green Bay Packers,GB,44,GB,-3,47.5,82,0,44,38,6,GB,1,Away,44,38,6,3,1
2018-12-30,2018,17,Green Bay Packers,GB,0,Detroit Lions,DET,31,GB,-7.5,44.5,31,0,0,31,-31,GB,1,Home,0,31,-31,7.5,0
2019-09-05,2019,1,Chicago Bears,CHI,3,Green Bay Packers,GB,10,CHI,-3,46.5,13,0,3,10,-7,GB,0,Away,10,3,7,-3,1
2019-09-15,2019,2,Green Bay Packers,GB,21,Minnesota Vikings,MIN,16,GB,-3,43,37,0,21,16,5,GB,1,Home,21,16,5,3,1
2019-09-22,2019,3,Green Bay Packers,GB,27,Denver Broncos,DEN,16,GB,-7,41.5,43,0,27,16,11,GB,1,Home,27,16,11,7,1
2019-09-26,2019,4,Green Bay Packers,GB,27,Philadelphia Eagles,PHI,34,GB,-3.5,46.5,61,0,27,34,-7,GB,1,Home,27,34,-7,3.5,0
2019-10-06,2019,5,Dallas Cowboys,DAL,24,Green Bay Packers,GB,34,DAL,-3,46.5,58,0,24,34,-10,GB,0,Away,34,24,10,-3,1
2019-10-14,2019,6,Green Bay Packers,GB,23,Detroit Lions,DET,22,GB,-3.5,47,45,0,23,22,1,GB,1,Home,23,22,1,3.5,0
2019-10-20,2019,7,Green Bay Packers,GB,42,Oakland Raiders,OAK,24,GB,-5.5,47.5,66,0,42,24,18,GB,1,Home,42,24,18,5.5,1
2019-10-27,2019,8,Kansas City Chiefs,KC,24,Green Bay Packers,GB,31,GB,-5,47.5,55,0,31,24,7,GB,1,Away,31,24,7,5,1
2019-11-03,2019,9,Los Angeles Chargers,LAC,26,Green Bay Packers,GB,11,GB,-4,50,37,0,11,26,-15,GB,1,Away,11,26,-15,4,0
2019-11-10,2019,10,Green Bay Packers,GB,24,Carolina Panthers,CAR,16,GB,-5,49,40,0,24,16,8,GB,1,Home,24,16,8,5,1
2019-11-24,2019,12,San Francisco 49ers,SF,37,Green Bay Packers,GB,8,SF,-3,48,45,0,37,8,29,GB,0,Away,8,37,-29,-3,0
2019-12-01,2019,13,New York Giants,NYG,13,Green Bay Packers,GB,31,GB,-6.5,43.5,44,0,31,13,18,GB,1,Away,31,13,18,6.5,1
2019-12-08,2019,14,Green Bay Packers,GB,20,Washington Redskins,WAS,15,GB,-13,42,35,0,20,15,5,GB,1,Home,20,15,5,13,0
2019-12-15,2019,15,Green Bay Packers,GB,21,Chicago Bears,CHI,13,GB,-4.5,41,34,0,21,13,8,GB,1,Home,21,13,8,4.5,1
2019-12-23,2019,16,Minnesota Vikings,MIN,10,Green Bay Packers,GB,23,MIN,-4,46.5,33,0,10,23,-13,GB,0,Away,23,10,13,-4,1
2019-12-29,2019,17,Detroit Lions,DET,20,Green Bay Packers,GB,23,GB,-13,44,43,0,23,20,3,GB,1,Away,23,20,3,13,0
2000-09-03,2000,1,Kansas City Chiefs,KC,14,Indianapolis Colts,IND,27,IND,-3.5,44,41,0,27,14,13,KC,0,Home,14,27,-13,-3.5,0
2000-09-10,2000,2,Tennessee Titans,TEN,17,Kansas City Chiefs,KC,14,TEN,-8.5,38.5,31,0,17,14,3,KC,0,Away,14,17,-3,-8.5,1
2000-09-17,2000,3,Kansas City Chiefs,KC,42,San Diego Chargers,LAC,10,KC,-4.5,35.5,52,0,42,10,32,KC,1,Home,42,10,32,4.5,1
2000-09-24,2000,4,Denver Broncos,DEN,22,Kansas City Chiefs,KC,23,DEN,-7,43,45,0,22,23,-1,KC,0,Away,23,22,1,-7,1
2000-10-02,2000,5,Kansas City Chiefs,KC,24,Seattle Seahawks,SEA,17,KC,-4,38.5,41,0,24,17,7,KC,1,Home,24,17,7,4,1
2000-10-15,2000,7,Kansas City Chiefs,KC,17,Oakland Raiders,OAK,20,KC,-3,43.5,37,0,17,20,-3,KC,1,Home,17,20,-3,3,0
2000-10-22,2000,8,Kansas City Chiefs,KC,54,St. Louis Rams,LAR,34,LAR,-7,56,88,0,34,54,-20,KC,0,Home,54,34,20,-7,1
2000-10-29,2000,9,Seattle Seahawks,SEA,19,Kansas City Chiefs,KC,24,KC,-4,43,43,0,24,19,5,KC,1,Away,24,19,5,4,1
2000-11-05,2000,10,Oakland Raiders,OAK,49,Kansas City Chiefs,KC,31,OAK,-3.5,44,80,0,49,31,18,KC,0,Away,31,49,-18,-3.5,0
2000-11-12,2000,11,San Francisco 49ers,SF,21,Kansas City Chiefs,KC,7,KC,-3.5,52,28,0,7,21,-14,KC,1,Away,7,21,-14,3.5,0
2000-11-19,2000,12,Kansas City Chiefs,KC,17,Buffalo Bills,BUF,21,KC,-3,42,38,0,17,21,-4,KC,1,Home,17,21,-4,3,0
2000-11-26,2000,13,San Diego Chargers,LAC,17,Kansas City Chiefs,KC,16,KC,-3,41,33,0,16,17,-1,KC,1,Away,16,17,-1,3,0
2000-12-04,2000,14,New England Patriots,NE,30,Kansas City Chiefs,KC,24,NE,-1,41,54,0,30,24,6,KC,0,Away,24,30,-6,-1,0
2000-12-10,2000,15,Kansas City Chiefs,KC,15,Carolina Panthers,CAR,14,KC,-2.5,42,29,0,15,14,1,KC,1,Home,15,14,1,2.5,0
2000-12-17,2000,16,Kansas City Chiefs,KC,20,Denver Broncos,DEN,7,DEN,-3,47,27,0,7,20,-13,KC,0,Home,20,7,13,-3,1
2000-12-24,2000,17,Atlanta Falcons,ATL,29,Kansas City Chiefs,KC,13,KC,-4.5,40.5,42,0,13,29,-16,KC,1,Away,13,29,-16,4.5,0
2001-09-09,2001,1,Kansas City Chiefs,KC,24,Oakland Raiders,OAK,27,OAK,-3,43,51,0,27,24,3,KC,0,Home,24,27,-3,-3,0
2001-09-23,2001,2,Kansas City Chiefs,KC,3,New York Giants,NYG,13,KC,-1.5,39,16,0,3,13,-10,KC,1,Home,3,13,-10,1.5,0
2001-09-30,2001,3,Washington Redskins,WAS,13,Kansas City Chiefs,KC,45,KC,-3,35.5,58,0,45,13,32,KC,1,Away,45,13,32,3,1
2001-10-07,2001,4,Denver Broncos,DEN,20,Kansas City Chiefs,KC,6,DEN,-10,48,26,0,20,6,14,KC,0,Away,6,20,-14,-10,0
2001-10-14,2001,5,Kansas City Chiefs,KC,17,Pittsburgh Steelers,PIT,20,KC,-2.5,36,37,0,17,20,-3,KC,1,Home,17,20,-3,2.5,0
2001-10-21,2001,6,Arizona Cardinals,ARI,24,Kansas City Chiefs,KC,16,KC,-2,41,40,0,16,24,-8,KC,1,Away,16,24,-8,2,0
2001-10-25,2001,7,Kansas City Chiefs,KC,28,Indianapolis Colts,IND,35,IND,-3,47.5,63,0,35,28,7,KC,0,Home,28,35,-7,-3,0
2001-11-04,2001,8,San Diego Chargers,LAC,20,Kansas City Chiefs,KC,25,LAC,-5.5,41,45,0,20,25,-5,KC,0,Away,25,20,5,-5.5,1
2001-11-11,2001,9,New York Jets,NYJ,27,Kansas City Chiefs,KC,7,NYJ,-4.5,40.5,34,0,27,7,20,KC,0,Away,7,27,-20,-4.5,0
2001-11-25,2001,11,Kansas City Chiefs,KC,19,Seattle Seahawks,SEA,7,KC,-1.5,41,26,0,19,7,12,KC,1,Home,19,7,12,1.5,1
2001-11-29,2001,12,Kansas City Chiefs,KC,10,Philadelphia Eagles,PHI,23,PHI,-3,37,33,0,23,10,13,KC,0,Home,10,23,-13,-3,0
2001-12-09,2001,13,Oakland Raiders,OAK,28,Kansas City Chiefs,KC,26,OAK,-9,44.5,54,0,28,26,2,KC,0,Away,26,28,-2,-9,1
2001-12-16,2001,14,Kansas City Chiefs,KC,26,Denver Broncos,DEN,23,DEN,-2.5,37.5,49,0,23,26,-3,KC,0,Home,26,23,3,-2.5,1
2001-12-23,2001,15,Kansas City Chiefs,KC,20,San Diego Chargers,LAC,17,KC,-3.5,40,37,0,20,17,3,KC,1,Home,20,17,3,3.5,0
2001-12-30,2001,16,Jacksonville Jaguars,JAX,26,Kansas City Chiefs,KC,30,JAX,-4.5,40,56,0,26,30,-4,KC,0,Away,30,26,4,-4.5,1
2002-01-06,2001,17,Seattle Seahawks,SEA,21,Kansas City Chiefs,KC,18,SEA,-3.5,40,39,0,21,18,3,KC,0,Away,18,21,-3,-3.5,1
2002-09-08,2002,1,Cleveland Browns,CLE,39,Kansas City Chiefs,KC,40,CLE,-2,36,79,0,39,40,-1,KC,0,Away,40,39,1,-2,1
2002-09-15,2002,2,Kansas City Chiefs,KC,16,Jacksonville Jaguars,JAX,23,KC,-3.5,46,39,0,16,23,-7,KC,1,Home,16,23,-7,3.5,0
2002-09-22,2002,3,New England Patriots,NE,41,Kansas City Chiefs,KC,38,NE,-8.5,43.5,79,0,41,38,3,KC,0,Away,38,41,-3,-8.5,1
2002-09-29,2002,4,Kansas City Chiefs,KC,48,Miami Dolphins,MIA,30,MIA,-3,44.5,78,0,30,48,-18,KC,0,Home,48,30,18,-3,1
2002-10-06,2002,5,New York Jets,NYJ,25,Kansas City Chiefs,KC,29,KC,-3,46.5,54,0,29,25,4,KC,1,Away,29,25,4,3,1
2002-10-13,2002,6,San Diego Chargers,LAC,35,Kansas City Chiefs,KC,34,LAC,-3,46.5,69,0,35,34,1,KC,0,Away,34,35,-1,-3,1
2002-10-20,2002,7,Kansas City Chiefs,KC,34,Denver Broncos,DEN,37,DEN,-3,50.5,71,0,37,34,3,KC,0,Home,34,37,-3,-3,0
2002-10-27,2002,8,Kansas City Chiefs,KC,20,Oakland Raiders,OAK,10,OAK,-2.5,55.5,30,0,10,20,-10,KC,0,Home,20,10,10,-2.5,1
2002-11-10,2002,10,San Francisco 49ers,SF,17,Kansas City Chiefs,KC,13,SF,-5,49,30,0,17,13,4,KC,0,Away,13,17,-4,-5,1
2002-11-17,2002,11,Kansas City Chiefs,KC,17,Buffalo Bills,BUF,16,KC,-3.5,52.5,33,0,17,16,1,KC,1,Home,17,16,1,3.5,0
2002-11-24,2002,12,Seattle Seahawks,SEA,39,Kansas City Chiefs,KC,32,KC,-3.5,44,71,0,32,39,-7,KC,1,Away,32,39,-7,3.5,0
2002-12-01,2002,13,Kansas City Chiefs,KC,49,Arizona Cardinals,ARI,0,KC,-9,47,49,0,49,0,49,KC,1,Home,49,0,49,9,1
2002-12-08,2002,14,Kansas City Chiefs,KC,49,St. Louis Rams,LAR,10,KC,-4.5,45.5,59,0,49,10,39,KC,1,Home,49,10,39,4.5,1
2002-12-15,2002,15,Denver Broncos,DEN,31,Kansas City Chiefs,KC,24,DEN,-3.5,47.5,55,0,31,24,7,KC,0,Away,24,31,-7,-3.5,0
2002-12-22,2002,16,Kansas City Chiefs,KC,24,San Diego Chargers,LAC,22,KC,-1.5,44,46,0,24,22,2,KC,1,Home,24,22,2,1.5,1
2002-12-28,2002,17,Oakland Raiders,OAK,24,Kansas City Chiefs,KC,0,OAK,-8.5,44.5,24,0,24,0,24,KC,0,Away,0,24,-24,-8.5,0
2003-09-07,2003,1,Kansas City Chiefs,KC,27,San Diego Chargers,LAC,14,KC,-4.5,47,41,0,27,14,13,KC,1,Home,27,14,13,4.5,1
2003-09-14,2003,2,Kansas City Chiefs,KC,41,Pittsburgh Steelers,PIT,20,KC,-3.5,48,61,0,41,20,21,KC,1,Home,41,20,21,3.5,1
2003-09-21,2003,3,Houston Texans,HOU,14,Kansas City Chiefs,KC,42,KC,-7.5,44,56,0,42,14,28,KC,1,Away,42,14,28,7.5,1
2003-09-28,2003,4,Baltimore Ravens,BAL,10,Kansas City Chiefs,KC,17,KC,-3,43.5,27,0,17,10,7,KC,1,Away,17,10,7,3,1
2003-10-05,2003,5,Kansas City Chiefs,KC,24,Denver Broncos,DEN,23,KC,-3.5,46.5,47,0,24,23,1,KC,1,Home,24,23,1,3.5,0
2003-10-12,2003,6,Green Bay Packers,GB,34,Kansas City Chiefs,KC,40,GB,-2.5,47.5,74,0,34,40,-6,KC,0,Away,40,34,6,-2.5,1
2003-10-20,2003,7,Oakland Raiders,OAK,10,Kansas City Chiefs,KC,17,KC,-4.5,47.5,27,0,17,10,7,KC,1,Away,17,10,7,4.5,1
2003-10-26,2003,8,Kansas City Chiefs,KC,38,Buffalo Bills,BUF,5,KC,-5.5,43.5,43,0,38,5,33,KC,1,Home,38,5,33,5.5,1
2003-11-09,2003,10,Kansas City Chiefs,KC,41,Cleveland Browns,CLE,20,KC,-9,43.5,61,0,41,20,21,KC,1,Home,41,20,21,9,1
2003-11-16,2003,11,Cincinnati Bengals,CIN,24,Kansas City Chiefs,KC,19,KC,-6,48,43,0,19,24,-5,KC,1,Away,19,24,-5,6,0
2003-11-23,2003,12,Kansas City Chiefs,KC,27,Oakland Raiders,OAK,24,KC,-11,44.5,51,0,27,24,3,KC,1,Home,27,24,3,11,0
2003-11-30,2003,13,San Diego Chargers,LAC,24,Kansas City Chiefs,KC,28,KC,-7.5,48.5,52,0,28,24,4,KC,1,Away,28,24,4,7.5,0
2003-12-07,2003,14,Denver Broncos,DEN,45,Kansas City Chiefs,KC,27,DEN,-3,46.5,72,0,45,27,18,KC,0,Away,27,45,-18,-3,0
2003-12-14,2003,15,Kansas City Chiefs,KC,45,Detroit Lions,DET,17,KC,-14.5,45,62,0,45,17,28,KC,1,Home,45,17,28,14.5,1
2003-12-20,2003,16,Minnesota Vikings,MIN,45,Kansas City Chiefs,KC,20,KC,-3,54,65,0,20,45,-25,KC,1,Away,20,45,-25,3,0
2003-12-28,2003,17,Kansas City Chiefs,KC,31,Chicago Bears,CHI,3,KC,-7.5,43.5,34,0,31,3,28,KC,1,Home,31,3,28,7.5,1
2004-09-12,2004,1,Denver Broncos,DEN,34,Kansas City Chiefs,KC,24,DEN,-3,48.5,58,0,34,24,10,KC,0,Away,24,34,-10,-3,0
2004-09-19,2004,2,Kansas City Chiefs,KC,17,Carolina Panthers,CAR,28,KC,-7,46,45,0,17,28,-11,KC,1,Home,17,28,-11,7,0
2004-09-26,2004,3,Kansas City Chiefs,KC,21,Houston Texans,HOU,24,KC,-7.5,48,45,0,21,24,-3,KC,1,Home,21,24,-3,7.5,0
2004-10-04,2004,4,Baltimore Ravens,BAL,24,Kansas City Chiefs,KC,27,BAL,-6,41.5,51,0,24,27,-3,KC,0,Away,27,24,3,-6,1
2004-10-17,2004,6,Jacksonville Jaguars,JAX,22,Kansas City Chiefs,KC,16,KC,-2.5,44,38,0,16,22,-6,KC,1,Away,16,22,-6,2.5,0
2004-10-24,2004,7,Kansas City Chiefs,KC,56,Atlanta Falcons,ATL,10,KC,-3.5,44.5,66,0,56,10,46,KC,1,Home,56,10,46,3.5,1
2004-10-31,2004,8,Kansas City Chiefs,KC,45,Indianapolis Colts,IND,35,IND,-1,56.5,80,0,35,45,-10,KC,0,Home,45,35,10,-1,1
2004-11-07,2004,9,Tampa Bay Buccaneers,TB,34,Kansas City Chiefs,KC,31,KC,-3,45.5,65,0,31,34,-3,KC,1,Away,31,34,-3,3,0
2004-11-14,2004,10,New Orleans Saints,NO,27,Kansas City Chiefs,KC,20,KC,-3.5,56.5,47,0,20,27,-7,KC,1,Away,20,27,-7,3.5,0
2004-11-22,2004,11,Kansas City Chiefs,KC,19,New England Patriots,NE,27,NE,-3,52,46,0,27,19,8,KC,0,Home,19,27,-8,-3,0
2004-11-28,2004,12,Kansas City Chiefs,KC,31,San Diego Chargers,LAC,34,KC,-3,54,65,0,31,34,-3,KC,1,Home,31,34,-3,3,0
2004-12-05,2004,13,Oakland Raiders,OAK,27,Kansas City Chiefs,KC,34,KC,-1,52,61,0,34,27,7,KC,1,Away,34,27,7,1,1
2004-12-13,2004,14,Tennessee Titans,TEN,38,Kansas City Chiefs,KC,49,KC,-2.5,53,87,0,49,38,11,KC,1,Away,49,38,11,2.5,1
2004-12-19,2004,15,Kansas City Chiefs,KC,45,Denver Broncos,DEN,17,DEN,-3,52.5,62,0,17,45,-28,KC,0,Home,45,17,28,-3,1
2004-12-25,2004,16,Kansas City Chiefs,KC,31,Oakland Raiders,OAK,30,KC,-9.5,60,61,0,31,30,1,KC,1,Home,31,30,1,9.5,0
2005-01-02,2004,17,San Diego Chargers,LAC,24,Kansas City Chiefs,KC,17,KC,-6.5,51.5,41,0,17,24,-7,KC,1,Away,17,24,-7,6.5,0
2005-09-11,2005,1,Kansas City Chiefs,KC,27,New York Jets,NYJ,7,KC,-3,48.5,34,0,27,7,20,KC,1,Home,27,7,20,3,1
2005-09-18,2005,2,Oakland Raiders,OAK,17,Kansas City Chiefs,KC,23,KC,-1.5,53,40,0,23,17,6,KC,1,Away,23,17,6,1.5,1
2005-09-26,2005,3,Denver Broncos,DEN,30,Kansas City Chiefs,KC,10,DEN,-2.5,49,40,0,30,10,20,KC,0,Away,10,30,-20,-2.5,0
2005-10-02,2005,4,Kansas City Chiefs,KC,31,Philadelphia Eagles,PHI,37,KC,-2.5,46.5,68,0,31,37,-6,KC,1,Home,31,37,-6,2.5,0
2005-10-16,2005,6,Kansas City Chiefs,KC,28,Washington Redskins,WAS,21,KC,-6.5,42.5,49,0,28,21,7,KC,1,Home,28,21,7,6.5,1
2005-10-21,2005,7,Miami Dolphins,MIA,20,Kansas City Chiefs,KC,30,KC,-1,42.5,50,0,30,20,10,KC,1,Away,30,20,10,1,1
2005-10-30,2005,8,San Diego Chargers,LAC,28,Kansas City Chiefs,KC,20,LAC,-5,51,48,0,28,20,8,KC,0,Away,20,28,-8,-5,0
2005-11-06,2005,9,Kansas City Chiefs,KC,27,Oakland Raiders,OAK,23,KC,-4.5,51.5,50,0,27,23,4,KC,1,Home,27,23,4,4.5,0
2005-11-13,2005,10,Buffalo Bills,BUF,14,Kansas City Chiefs,KC,3,BUF,-2.5,42.5,17,0,14,3,11,KC,0,Away,3,14,-11,-2.5,0
2005-11-20,2005,11,Houston Texans,HOU,17,Kansas City Chiefs,KC,45,KC,-6.5,44.5,62,0,45,17,28,KC,1,Away,45,17,28,6.5,1
2005-11-27,2005,12,Kansas City Chiefs,KC,26,New England Patriots,NE,16,KC,-3,51,42,0,26,16,10,KC,1,Home,26,16,10,3,1
2005-12-04,2005,13,Kansas City Chiefs,KC,31,Denver Broncos,DEN,27,PICK,0,47,58,0,27,31,-4,KC,0,Home,31,27,4,0,1
2005-12-11,2005,14,Dallas Cowboys,DAL,31,Kansas City Chiefs,KC,28,DAL,-3,44,59,0,31,28,3,KC,0,Away,28,31,-3,-3,0
2005-12-17,2005,15,New York Giants,NYG,27,Kansas City Chiefs,KC,17,NYG,-3,45.5,44,0,27,17,10,KC,0,Away,17,27,-10,-3,0
2005-12-24,2005,16,Kansas City Chiefs,KC,20,San Diego Chargers,LAC,7,KC,-1,49.5,27,0,20,7,13,KC,1,Home,20,7,13,1,1
2006-01-01,2005,17,Kansas City Chiefs,KC,37,Cincinnati Bengals,CIN,3,KC,-7.5,47,40,0,37,3,34,KC,1,Home,37,3,34,7.5,1
2006-09-10,2006,1,Kansas City Chiefs,KC,10,Cincinnati Bengals,CIN,23,CIN,-1.5,49.5,33,0,23,10,13,KC,0,Home,10,23,-13,-1.5,0
2006-09-17,2006,2,Denver Broncos,DEN,9,Kansas City Chiefs,KC,6,DEN,-11,38,15,0,9,6,3,KC,0,Away,6,9,-3,-11,1
2006-10-01,2006,4,Kansas City Chiefs,KC,41,San Francisco 49ers,SF,0,KC,-7,39.5,41,0,41,0,41,KC,1,Home,41,0,41,7,1
2006-10-08,2006,5,Arizona Cardinals,ARI,20,Kansas City Chiefs,KC,23,KC,-3.5,40,43,0,23,20,3,KC,1,Away,23,20,3,3.5,0
2006-10-15,2006,6,Pittsburgh Steelers,PIT,45,Kansas City Chiefs,KC,7,PIT,-6.5,36.5,52,0,45,7,38,KC,0,Away,7,45,-38,-6.5,0
2006-10-22,2006,7,Kansas City Chiefs,KC,30,San Diego Chargers,LAC,27,LAC,-5.5,39,57,0,27,30,-3,KC,0,Home,30,27,3,-5.5,1
2006-10-29,2006,8,Kansas City Chiefs,KC,35,Seattle Seahawks,SEA,28,KC,-5,37,63,0,35,28,7,KC,1,Home,35,28,7,5,1
2006-11-05,2006,9,St. Louis Rams,LAR,17,Kansas City Chiefs,KC,31,LAR,-3,48.5,48,0,17,31,-14,KC,0,Away,31,17,14,-3,1
2006-11-12,2006,10,Miami Dolphins,MIA,13,Kansas City Chiefs,KC,10,MIA,-2,40.5,23,0,13,10,3,KC,0,Away,10,13,-3,-2,0
2006-11-19,2006,11,Kansas City Chiefs,KC,17,Oakland Raiders,OAK,13,KC,-9,36.5,30,0,17,13,4,KC,1,Home,17,13,4,9,0
2006-11-23,2006,12,Kansas City Chiefs,KC,19,Denver Broncos,DEN,10,KC,-1,39,29,0,19,10,9,KC,1,Home,19,10,9,1,1
2006-12-03,2006,13,Cleveland Browns,CLE,31,Kansas City Chiefs,KC,28,KC,-5,35.5,59,0,28,31,-3,KC,1,Away,28,31,-3,5,0
2006-12-10,2006,14,Kansas City Chiefs,KC,10,Baltimore Ravens,BAL,20,KC,-3,37.5,30,0,10,20,-10,KC,1,Home,10,20,-10,3,0
2006-12-17,2006,15,San Diego Chargers,LAC,20,Kansas City Chiefs,KC,9,LAC,-9,47,29,0,20,9,11,KC,0,Away,9,20,-11,-9,0
2006-12-23,2006,16,Oakland Raiders,OAK,9,Kansas City Chiefs,KC,20,KC,-7,35.5,29,0,20,9,11,KC,1,Away,20,9,11,7,1
2006-12-31,2006,17,Kansas City Chiefs,KC,35,Jacksonville Jaguars,JAX,30,KC,-2.5,37,65,0,35,30,5,KC,1,Home,35,30,5,2.5,1
2007-09-09,2007,1,Houston Texans,HOU,20,Kansas City Chiefs,KC,3,HOU,-3,38,23,0,20,3,17,KC,0,Away,3,20,-17,-3,0
2007-09-16,2007,2,Chicago Bears,CHI,20,Kansas City Chiefs,KC,10,CHI,-12,34.5,30,0,20,10,10,KC,0,Away,10,20,-10,-12,1
2007-09-23,2007,3,Kansas City Chiefs,KC,13,Minnesota Vikings,MIN,10,KC,-3,34,23,0,13,10,3,KC,1,Home,13,10,3,3,0
2007-09-30,2007,4,San Diego Chargers,LAC,16,Kansas City Chiefs,KC,30,LAC,-12,38.5,46,0,16,30,-14,KC,0,Away,30,16,14,-12,1
2007-10-07,2007,5,Kansas City Chiefs,KC,7,Jacksonville Jaguars,JAX,17,JAX,-2,35,24,0,17,7,10,KC,0,Home,7,17,-10,-2,0
2007-10-14,2007,6,Kansas City Chiefs,KC,27,Cincinnati Bengals,CIN,20,CIN,-2.5,44,47,0,20,27,-7,KC,0,Home,27,20,7,-2.5,1
2007-10-21,2007,7,Oakland Raiders,OAK,10,Kansas City Chiefs,KC,12,OAK,-1.5,38,22,0,10,12,-2,KC,0,Away,12,10,2,-1.5,1
2007-11-04,2007,9,Kansas City Chiefs,KC,22,Green Bay Packers,GB,33,KC,-2.5,37.5,55,0,22,33,-11,KC,1,Home,22,33,-11,2.5,0
2007-11-11,2007,10,Kansas City Chiefs,KC,11,Denver Broncos,DEN,27,KC,-2.5,37,38,0,11,27,-16,KC,1,Home,11,27,-16,2.5,0
2007-11-18,2007,11,Indianapolis Colts,IND,13,Kansas City Chiefs,KC,10,IND,-14.5,41.5,23,0,13,10,3,KC,0,Away,10,13,-3,-14.5,1
2007-11-25,2007,12,Kansas City Chiefs,KC,17,Oakland Raiders,OAK,20,KC,-4,34.5,37,0,17,20,-3,KC,1,Home,17,20,-3,4,0
2007-12-02,2007,13,Kansas City Chiefs,KC,10,San Diego Chargers,LAC,24,LAC,-6,37.5,34,0,24,10,14,KC,0,Home,10,24,-14,-6,0
2007-12-09,2007,14,Denver Broncos,DEN,41,Kansas City Chiefs,KC,7,DEN,-7.5,37.5,48,0,41,7,34,KC,0,Away,7,41,-34,-7.5,0
2007-12-16,2007,15,Kansas City Chiefs,KC,17,Tennessee Titans,TEN,26,TEN,-3.5,34.5,43,0,26,17,9,KC,0,Home,17,26,-9,-3.5,0
2007-12-23,2007,16,Detroit Lions,DET,25,Kansas City Chiefs,KC,20,DET,-5,43.5,45,0,25,20,5,KC,0,Away,20,25,-5,-5,0
2007-12-30,2007,17,New York Jets,NYJ,13,Kansas City Chiefs,KC,10,NYJ,-4.5,35,23,0,13,10,3,KC,0,Away,10,13,-3,-4.5,1
2008-09-07,2008,1,New England Patriots,NE,17,Kansas City Chiefs,KC,10,NE,-16,43.5,27,0,17,10,7,KC,0,Away,10,17,-7,-16,1
2008-09-14,2008,2,Kansas City Chiefs,KC,8,Oakland Raiders,OAK,23,KC,-3.5,36,31,0,8,23,-15,KC,1,Home,8,23,-15,3.5,0
2008-09-21,2008,3,Atlanta Falcons,ATL,38,Kansas City Chiefs,KC,14,ATL,-6.5,37,52,0,38,14,24,KC,0,Away,14,38,-24,-6.5,0
2008-09-28,2008,4,Kansas City Chiefs,KC,33,Denver Broncos,DEN,19,DEN,-9,47,52,0,19,33,-14,KC,0,Home,33,19,14,-9,1
2008-10-05,2008,5,Carolina Panthers,CAR,34,Kansas City Chiefs,KC,0,CAR,-10,38,34,0,34,0,34,KC,0,Away,0,34,-34,-10,0
2008-10-19,2008,7,Kansas City Chiefs,KC,10,Tennessee Titans,TEN,34,TEN,-9,35,44,0,34,10,24,KC,0,Home,10,34,-24,-9,0
2008-10-26,2008,8,New York Jets,NYJ,28,Kansas City Chiefs,KC,24,NYJ,-14,41,52,0,28,24,4,KC,0,Away,24,28,-4,-14,1
2008-11-02,2008,9,Kansas City Chiefs,KC,27,Tampa Bay Buccaneers,TB,30,TB,-9.5,36.5,57,0,30,27,3,KC,0,Home,27,30,-3,-9.5,1
2008-11-09,2008,10,San Diego Chargers,LAC,20,Kansas City Chiefs,KC,19,LAC,-14.5,47.5,39,0,20,19,1,KC,0,Away,19,20,-1,-14.5,1
2008-11-16,2008,11,Kansas City Chiefs,KC,20,New Orleans Saints,NO,30,NO,-6,51,50,0,30,20,10,KC,0,Home,20,30,-10,-6,0
2008-11-23,2008,12,Kansas City Chiefs,KC,31,Buffalo Bills,BUF,54,BUF,-3,43.5,85,0,54,31,23,KC,0,Home,31,54,-23,-3,0
2008-11-30,2008,13,Oakland Raiders,OAK,13,Kansas City Chiefs,KC,20,OAK,-3.5,41.5,33,0,13,20,-7,KC,0,Away,20,13,7,-3.5,1
2008-12-07,2008,14,Denver Broncos,DEN,24,Kansas City Chiefs,KC,17,DEN,-9,49,41,0,24,17,7,KC,0,Away,17,24,-7,-9,1
2008-12-14,2008,15,Kansas City Chiefs,KC,21,San Diego Chargers,LAC,22,LAC,-5.5,41,43,0,22,21,1,KC,0,Home,21,22,-1,-5.5,1
2008-12-21,2008,16,Kansas City Chiefs,KC,31,Miami Dolphins,MIA,38,MIA,-3.5,37.5,69,0,38,31,7,KC,0,Home,31,38,-7,-3.5,0
2008-12-28,2008,17,Cincinnati Bengals,CIN,16,Kansas City Chiefs,KC,6,CIN,-1.5,40,22,0,16,6,10,KC,0,Away,6,16,-10,-1.5,0
2009-09-13,2009,1,Baltimore Ravens,BAL,38,Kansas City Chiefs,KC,24,BAL,-13,36.5,62,0,38,24,14,KC,0,Away,24,38,-14,-13,0
2009-09-20,2009,2,Kansas City Chiefs,KC,10,Oakland Raiders,OAK,13,KC,-1.5,40,23,0,10,13,-3,KC,1,Home,10,13,-3,1.5,0
2009-09-27,2009,3,Philadelphia Eagles,PHI,34,Kansas City Chiefs,KC,14,PHI,-7.5,39,48,0,34,14,20,KC,0,Away,14,34,-20,-7.5,0
2009-10-04,2009,4,Kansas City Chiefs,KC,16,New York Giants,NYG,27,NYG,-9.5,43,43,0,27,16,11,KC,0,Home,16,27,-11,-9.5,0
2009-10-11,2009,5,Kansas City Chiefs,KC,20,Dallas Cowboys,DAL,26,DAL,-7,43.5,46,0,26,20,6,KC,0,Home,20,26,-6,-7,1
2009-10-18,2009,6,Washington Redskins,WAS,6,Kansas City Chiefs,KC,14,WAS,-6.5,36.5,20,0,6,14,-8,KC,0,Away,14,6,8,-6.5,1
2009-10-25,2009,7,Kansas City Chiefs,KC,7,San Diego Chargers,LAC,37,LAC,-5.5,44,44,0,37,7,30,KC,0,Home,7,37,-30,-5.5,0
2009-11-08,2009,9,Jacksonville Jaguars,JAX,24,Kansas City Chiefs,KC,21,JAX,-7,41.5,45,0,24,21,3,KC,0,Away,21,24,-3,-7,1
2009-11-15,2009,10,Oakland Raiders,OAK,10,Kansas City Chiefs,KC,16,OAK,-2.5,36,26,0,10,16,-6,KC,0,Away,16,10,6,-2.5,1
2009-11-22,2009,11,Kansas City Chiefs,KC,27,Pittsburgh Steelers,PIT,24,PIT,-11.5,39.5,51,0,24,27,-3,KC,0,Home,27,24,3,-11.5,1
2009-11-29,2009,12,San Diego Chargers,LAC,43,Kansas City Chiefs,KC,14,LAC,-13.5,45,57,0,43,14,29,KC,0,Away,14,43,-29,-13.5,0
2009-12-06,2009,13,Kansas City Chiefs,KC,13,Denver Broncos,DEN,44,DEN,-6,39,57,0,44,13,31,KC,0,Home,13,44,-31,-6,0
2009-12-13,2009,14,Kansas City Chiefs,KC,10,Buffalo Bills,BUF,16,BUF,-2.5,38,26,0,16,10,6,KC,0,Home,10,16,-6,-2.5,0
2009-12-20,2009,15,Kansas City Chiefs,KC,34,Cleveland Browns,CLE,41,KC,-3,37,75,0,34,41,-7,KC,1,Home,34,41,-7,3,0
2009-12-27,2009,16,Cincinnati Bengals,CIN,17,Kansas City Chiefs,KC,10,CIN,-13,39.5,27,0,17,10,7,KC,0,Away,10,17,-7,-13,1
2010-01-03,2009,17,Denver Broncos,DEN,24,Kansas City Chiefs,KC,44,DEN,-10,38,68,0,24,44,-20,KC,0,Away,44,24,20,-10,1
2010-09-13,2010,1,Kansas City Chiefs,KC,21,San Diego Chargers,LAC,14,LAC,-4,45.5,35,0,14,21,-7,KC,0,Home,21,14,7,-4,1
2010-09-19,2010,2,Cleveland Browns,CLE,14,Kansas City Chiefs,KC,16,CLE,-3,38,30,0,14,16,-2,KC,0,Away,16,14,2,-3,1
2010-09-26,2010,3,Kansas City Chiefs,KC,31,San Francisco 49ers,SF,10,SF,-3,38,41,0,10,31,-21,KC,0,Home,31,10,21,-3,1
2010-10-10,2010,5,Indianapolis Colts,IND,19,Kansas City Chiefs,KC,9,IND,-7.5,46.5,28,0,19,9,10,KC,0,Away,9,19,-10,-7.5,0
2010-10-17,2010,6,Houston Texans,HOU,35,Kansas City Chiefs,KC,31,HOU,-4.5,46,66,0,35,31,4,KC,0,Away,31,35,-4,-4.5,1
2010-10-24,2010,7,Kansas City Chiefs,KC,42,Jacksonville Jaguars,JAX,20,KC,-9,39,62,0,42,20,22,KC,1,Home,42,20,22,9,1
2010-10-31,2010,8,Kansas City Chiefs,KC,13,Buffalo Bills,BUF,10,KC,-7,46,23,0,13,10,3,KC,1,Home,13,10,3,7,0
2010-11-07,2010,9,Oakland Raiders,OAK,23,Kansas City Chiefs,KC,20,PICK,0,41,43,0,20,23,-3,KC,0,Away,20,23,-3,0,0
2010-11-14,2010,10,Denver Broncos,DEN,49,Kansas City Chiefs,KC,29,KC,-1,44.5,78,0,29,49,-20,KC,1,Away,29,49,-20,1,0
2010-11-21,2010,11,Kansas City Chiefs,KC,31,Arizona Cardinals,ARI,13,KC,-7,45,44,0,31,13,18,KC,1,Home,31,13,18,7,1
2010-11-28,2010,12,Seattle Seahawks,SEA,24,Kansas City Chiefs,KC,42,KC,-2,45,66,0,42,24,18,KC,1,Away,42,24,18,2,1
2010-12-05,2010,13,Kansas City Chiefs,KC,10,Denver Broncos,DEN,6,KC,-8,48.5,16,0,10,6,4,KC,1,Home,10,6,4,8,0
2010-12-12,2010,14,San Diego Chargers,LAC,31,Kansas City Chiefs,KC,0,LAC,-10,45.5,31,0,31,0,31,KC,0,Away,0,31,-31,-10,0
2010-12-19,2010,15,St. Louis Rams,LAR,13,Kansas City Chiefs,KC,27,LAR,-3,42.5,40,0,13,27,-14,KC,0,Away,27,13,14,-3,1
2010-12-26,2010,16,Kansas City Chiefs,KC,34,Tennessee Titans,TEN,14,KC,-4,42.5,48,0,34,14,20,KC,1,Home,34,14,20,4,1
2011-01-02,2010,17,Kansas City Chiefs,KC,10,Oakland Raiders,OAK,31,KC,-4.5,43.5,41,0,10,31,-21,KC,1,Home,10,31,-21,4.5,0
2011-09-11,2011,1,Kansas City Chiefs,KC,7,Buffalo Bills,BUF,41,KC,-3.5,40,48,0,7,41,-34,KC,1,Home,7,41,-34,3.5,0
2011-09-18,2011,2,Detroit Lions,DET,48,Kansas City Chiefs,KC,3,DET,-9,45,51,0,48,3,45,KC,0,Away,3,48,-45,-9,0
2011-09-25,2011,3,San Diego Chargers,LAC,20,Kansas City Chiefs,KC,17,LAC,-14.5,44.5,37,0,20,17,3,KC,0,Away,17,20,-3,-14.5,1
2011-10-02,2011,4,Kansas City Chiefs,KC,22,Minnesota Vikings,MIN,17,MIN,-3,40,39,0,17,22,-5,KC,0,Home,22,17,5,-3,1
2011-10-09,2011,5,Indianapolis Colts,IND,24,Kansas City Chiefs,KC,28,IND,-1.5,38,52,0,24,28,-4,KC,0,Away,28,24,4,-1.5,1
2011-10-23,2011,7,Oakland Raiders,OAK,0,Kansas City Chiefs,KC,28,OAK,-3.5,41.5,28,0,0,28,-28,KC,0,Away,28,0,28,-3.5,1
2011-10-31,2011,8,Kansas City Chiefs,KC,23,San Diego Chargers,LAC,20,LAC,-3,44.5,43,0,20,23,-3,KC,0,Home,23,20,3,-3,1
2011-11-06,2011,9,Kansas City Chiefs,KC,3,Miami Dolphins,MIA,31,KC,-4,40.5,34,0,3,31,-28,KC,1,Home,3,31,-28,4,0
2011-11-13,2011,10,Kansas City Chiefs,KC,10,Denver Broncos,DEN,17,KC,-3.5,42.5,27,0,10,17,-7,KC,1,Home,10,17,-7,3.5,0
2011-11-21,2011,11,New England Patriots,NE,34,Kansas City Chiefs,KC,3,NE,-17,47,37,0,34,3,31,KC,0,Away,3,34,-31,-17,0
2011-11-27,2011,12,Kansas City Chiefs,KC,9,Pittsburgh Steelers,PIT,13,PIT,-10.5,40.5,22,0,13,9,4,KC,0,Home,9,13,-4,-10.5,1
2011-12-04,2011,13,Chicago Bears,CHI,3,Kansas City Chiefs,KC,10,CHI,-9,35,13,0,3,10,-7,KC,0,Away,10,3,7,-9,1
2011-12-11,2011,14,New York Jets,NYJ,37,Kansas City Chiefs,KC,10,NYJ,-10.5,35.5,47,0,37,10,27,KC,0,Away,10,37,-27,-10.5,0
2011-12-18,2011,15,Kansas City Chiefs,KC,19,Green Bay Packers,GB,14,GB,-11.5,46,33,0,14,19,-5,KC,0,Home,19,14,5,-11.5,1
2011-12-24,2011,16,Kansas City Chiefs,KC,13,Oakland Raiders,OAK,16,KC,-3,43,29,0,13,16,-3,KC,1,Home,13,16,-3,3,0
2012-01-01,2011,17,Denver Broncos,DEN,3,Kansas City Chiefs,KC,7,DEN,-2,37.5,10,0,3,7,-4,KC,0,Away,7,3,4,-2,1
2012-09-09,2012,1,Kansas City Chiefs,KC,24,Atlanta Falcons,ATL,40,ATL,-2.5,43,64,0,40,24,16,KC,0,Home,24,40,-16,-2.5,0
2012-09-16,2012,2,Buffalo Bills,BUF,35,Kansas City Chiefs,KC,17,BUF,-3,45,52,0,35,17,18,KC,0,Away,17,35,-18,-3,0
2012-09-23,2012,3,New Orleans Saints,NO,24,Kansas City Chiefs,KC,27,NO,-8.5,51.5,51,0,24,27,-3,KC,0,Away,27,24,3,-8.5,1
2012-09-30,2012,4,Kansas City Chiefs,KC,20,San Diego Chargers,LAC,37,LAC,-2.5,43.5,57,0,37,20,17,KC,0,Home,20,37,-17,-2.5,0
2012-10-07,2012,5,Kansas City Chiefs,KC,6,Baltimore Ravens,BAL,9,BAL,-6.5,47,15,0,9,6,3,KC,0,Home,6,9,-3,-6.5,1
2012-10-14,2012,6,Tampa Bay Buccaneers,TB,38,Kansas City Chiefs,KC,10,TB,-5,39.5,48,0,38,10,28,KC,0,Away,10,38,-28,-5,0
2012-10-28,2012,8,Kansas City Chiefs,KC,16,Oakland Raiders,OAK,26,KC,-1,42.5,42,0,16,26,-10,KC,1,Home,16,26,-10,1,0
2012-11-01,2012,9,San Diego Chargers,LAC,31,Kansas City Chiefs,KC,13,LAC,-7,41,44,0,31,13,18,KC,0,Away,13,31,-18,-7,0
2012-11-12,2012,10,Pittsburgh Steelers,PIT,16,Kansas City Chiefs,KC,13,PIT,-13,40,29,0,16,13,3,KC,0,Away,13,16,-3,-13,1
2012-11-18,2012,11,Kansas City Chiefs,KC,6,Cincinnati Bengals,CIN,28,CIN,-3,42.5,34,0,28,6,22,KC,0,Home,6,28,-22,-3,0
2012-11-25,2012,12,Kansas City Chiefs,KC,9,Denver Broncos,DEN,17,DEN,-10.5,42.5,26,0,17,9,8,KC,0,Home,9,17,-8,-10.5,1
2012-12-02,2012,13,Kansas City Chiefs,KC,27,Carolina Panthers,CAR,21,CAR,-6,41,48,0,21,27,-6,KC,0,Home,27,21,6,-6,1
2012-12-09,2012,14,Cleveland Browns,CLE,30,Kansas City Chiefs,KC,7,CLE,-7,38,37,0,30,7,23,KC,0,Away,7,30,-23,-7,0
2012-12-16,2012,15,Oakland Raiders,OAK,15,Kansas City Chiefs,KC,0,OAK,-4.5,44,15,0,15,0,15,KC,0,Away,0,15,-15,-4.5,0
2012-12-23,2012,16,Kansas City Chiefs,KC,13,Indianapolis Colts,IND,20,IND,-6,41.5,33,0,20,13,7,KC,0,Home,13,20,-7,-6,0
2012-12-30,2012,17,Denver Broncos,DEN,38,Kansas City Chiefs,KC,3,DEN,-17,41.5,41,0,38,3,35,KC,0,Away,3,38,-35,-17,0
2013-09-08,2013,1,Jacksonville Jaguars,JAX,2,Kansas City Chiefs,KC,28,KC,-4.5,43,30,0,28,2,26,KC,1,Away,28,2,26,4.5,1
2013-09-15,2013,2,Kansas City Chiefs,KC,17,Dallas Cowboys,DAL,16,KC,-3,46,33,0,17,16,1,KC,1,Home,17,16,1,3,0
2013-09-19,2013,3,Philadelphia Eagles,PHI,16,Kansas City Chiefs,KC,26,PHI,-3.5,51,42,0,16,26,-10,KC,0,Away,26,16,10,-3.5,1
2013-09-29,2013,4,Kansas City Chiefs,KC,31,New York Giants,NYG,7,KC,-4.5,44,38,0,31,7,24,KC,1,Home,31,7,24,4.5,1
2013-10-06,2013,5,Tennessee Titans,TEN,17,Kansas City Chiefs,KC,26,KC,-3,38.5,43,0,26,17,9,KC,1,Away,26,17,9,3,1
2013-10-13,2013,6,Kansas City Chiefs,KC,24,Oakland Raiders,OAK,7,KC,-7.5,41.5,31,0,24,7,17,KC,1,Home,24,7,17,7.5,1
2013-10-20,2013,7,Kansas City Chiefs,KC,17,Houston Texans,HOU,16,KC,-6,39,33,0,17,16,1,KC,1,Home,17,16,1,6,0
2013-10-27,2013,8,Kansas City Chiefs,KC,23,Cleveland Browns,CLE,17,KC,-7,39,40,0,23,17,6,KC,1,Home,23,17,6,7,0
2013-11-03,2013,9,Buffalo Bills,BUF,13,Kansas City Chiefs,KC,23,KC,-4.5,41,36,0,23,13,10,KC,1,Away,23,13,10,4.5,1
2013-11-17,2013,11,Denver Broncos,DEN,27,Kansas City Chiefs,KC,17,DEN,-7.5,49,44,0,27,17,10,KC,0,Away,17,27,-10,-7.5,0
2013-11-24,2013,12,Kansas City Chiefs,KC,38,San Diego Chargers,LAC,41,KC,-3,42.5,79,0,38,41,-3,KC,1,Home,38,41,-3,3,0
2013-12-01,2013,13,Kansas City Chiefs,KC,28,Denver Broncos,DEN,35,DEN,-6,50,63,0,35,28,7,KC,0,Home,28,35,-7,-6,0
2013-12-08,2013,14,Washington Redskins,WAS,10,Kansas City Chiefs,KC,45,KC,-3,44.5,55,0,45,10,35,KC,1,Away,45,10,35,3,1
2013-12-15,2013,15,Oakland Raiders,OAK,31,Kansas City Chiefs,KC,56,KC,-6,44.5,87,0,56,31,25,KC,1,Away,56,31,25,6,1
2013-12-22,2013,16,Kansas City Chiefs,KC,7,Indianapolis Colts,IND,23,KC,-7,46.5,30,0,7,23,-16,KC,1,Home,7,23,-16,7,0
2013-12-29,2013,17,San Diego Chargers,LAC,27,Kansas City Chiefs,KC,24,LAC,-14.5,45,51,0,27,24,3,KC,0,Away,24,27,-3,-14.5,1
2014-09-07,2014,1,Kansas City Chiefs,KC,10,Tennessee Titans,TEN,26,KC,-3,44,36,0,10,26,-16,KC,1,Home,10,26,-16,3,0
2014-09-14,2014,2,Denver Broncos,DEN,24,Kansas City Chiefs,KC,17,DEN,-13,49,41,0,24,17,7,KC,0,Away,17,24,-7,-13,1
2014-09-21,2014,3,Miami Dolphins,MIA,15,Kansas City Chiefs,KC,34,MIA,-6,42.5,49,0,15,34,-19,KC,0,Away,34,15,19,-6,1
2014-09-29,2014,4,Kansas City Chiefs,KC,41,New England Patriots,NE,14,NE,-3,45.5,55,0,14,41,-27,KC,0,Home,41,14,27,-3,1
2014-10-05,2014,5,San Francisco 49ers,SF,22,Kansas City Chiefs,KC,17,SF,-4,43.5,39,0,22,17,5,KC,0,Away,17,22,-5,-4,0
2014-10-19,2014,7,San Diego Chargers,LAC,20,Kansas City Chiefs,KC,23,LAC,-3,46,43,0,20,23,-3,KC,0,Away,23,20,3,-3,1
2014-10-26,2014,8,Kansas City Chiefs,KC,34,St. Louis Rams,LAR,7,KC,-7.5,44,41,0,34,7,27,KC,1,Home,34,7,27,7.5,1
2014-11-02,2014,9,Kansas City Chiefs,KC,24,New York Jets,NYJ,10,KC,-9.5,41.5,34,0,24,10,14,KC,1,Home,24,10,14,9.5,1
2014-11-09,2014,10,Buffalo Bills,BUF,13,Kansas City Chiefs,KC,17,BUF,-2,42,30,0,13,17,-4,KC,0,Away,17,13,4,-2,1
2014-11-16,2014,11,Kansas City Chiefs,KC,24,Seattle Seahawks,SEA,20,SEA,-1,43.5,44,0,20,24,-4,KC,0,Home,24,20,4,-1,1
2014-11-20,2014,12,Oakland Raiders,OAK,24,Kansas City Chiefs,KC,20,KC,-7.5,42,44,0,20,24,-4,KC,1,Away,20,24,-4,7.5,0
2014-11-30,2014,13,Kansas City Chiefs,KC,16,Denver Broncos,DEN,29,KC,-1,49.5,45,0,16,29,-13,KC,1,Home,16,29,-13,1,0
2014-12-07,2014,14,Arizona Cardinals,ARI,17,Kansas City Chiefs,KC,14,KC,-2.5,41,31,0,14,17,-3,KC,1,Away,14,17,-3,2.5,0
2014-12-14,2014,15,Kansas City Chiefs,KC,31,Oakland Raiders,OAK,13,KC,-11,41.5,44,0,31,13,18,KC,1,Home,31,13,18,11,1
2014-12-21,2014,16,Pittsburgh Steelers,PIT,20,Kansas City Chiefs,KC,12,PIT,-2.5,49.5,32,0,20,12,8,KC,0,Away,12,20,-8,-2.5,0
2014-12-28,2014,17,Kansas City Chiefs,KC,19,San Diego Chargers,LAC,7,KC,-3,42,26,0,19,7,12,KC,1,Home,19,7,12,3,1
2015-09-13,2015,1,Houston Texans,HOU,20,Kansas City Chiefs,KC,27,KC,-1,40.5,47,0,27,20,7,KC,1,Away,27,20,7,1,1
2015-09-17,2015,2,Kansas City Chiefs,KC,24,Denver Broncos,DEN,31,KC,-3,42,55,0,24,31,-7,KC,1,Home,24,31,-7,3,0
2015-09-28,2015,3,Green Bay Packers,GB,38,Kansas City Chiefs,KC,28,GB,-5.5,47.5,66,0,38,28,10,KC,0,Away,28,38,-10,-5.5,0
2015-10-04,2015,4,Cincinnati Bengals,CIN,36,Kansas City Chiefs,KC,21,CIN,-3.5,45,57,0,36,21,15,KC,0,Away,21,36,-15,-3.5,0
2015-10-11,2015,5,Kansas City Chiefs,KC,17,Chicago Bears,CHI,18,KC,-9.5,44.5,35,0,17,18,-1,KC,1,Home,17,18,-1,9.5,0
2015-10-18,2015,6,Minnesota Vikings,MIN,16,Kansas City Chiefs,KC,10,MIN,-3.5,43,26,0,16,10,6,KC,0,Away,10,16,-6,-3.5,0
2015-10-25,2015,7,Kansas City Chiefs,KC,23,Pittsburgh Steelers,PIT,13,KC,-3.5,41.5,36,0,23,13,10,KC,1,Home,23,13,10,3.5,1
2015-11-15,2015,10,Denver Broncos,DEN,13,Kansas City Chiefs,KC,29,DEN,-3.5,42,42,0,13,29,-16,KC,0,Away,29,13,16,-3.5,1
2015-11-22,2015,11,San Diego Chargers,LAC,3,Kansas City Chiefs,KC,33,KC,-3,45.5,36,0,33,3,30,KC,1,Away,33,3,30,3,1
2015-11-29,2015,12,Kansas City Chiefs,KC,30,Buffalo Bills,BUF,22,KC,-4.5,41,52,0,30,22,8,KC,1,Home,30,22,8,4.5,1
2015-12-06,2015,13,Oakland Raiders,OAK,20,Kansas City Chiefs,KC,34,KC,-3,45.5,54,0,34,20,14,KC,1,Away,34,20,14,3,1
2015-12-13,2015,14,Kansas City Chiefs,KC,10,San Diego Chargers,LAC,3,KC,-12,41.5,13,0,10,3,7,KC,1,Home,10,3,7,12,0
2015-12-20,2015,15,Baltimore Ravens,BAL,14,Kansas City Chiefs,KC,34,KC,-6.5,41,48,0,34,14,20,KC,1,Away,34,14,20,6.5,1
2015-12-27,2015,16,Kansas City Chiefs,KC,17,Cleveland Browns,CLE,13,KC,-11.5,42.5,30,0,17,13,4,KC,1,Home,17,13,4,11.5,0
2016-01-03,2015,17,Kansas City Chiefs,KC,23,Oakland Raiders,OAK,17,KC,-6.5,43.5,40,0,23,17,6,KC,1,Home,23,17,6,6.5,0
2016-09-11,2016,1,Kansas City Chiefs,KC,33,San Diego Chargers,LAC,27,KC,-6.5,46,60,0,33,27,6,KC,1,Home,33,27,6,6.5,0
2016-09-18,2016,2,Houston Texans,HOU,19,Kansas City Chiefs,KC,12,HOU,-1,42,31,0,19,12,7,KC,0,Away,12,19,-7,-1,0
2016-09-25,2016,3,Kansas City Chiefs,KC,24,New York Jets,NYJ,3,KC,-3,44.5,27,0,24,3,21,KC,1,Home,24,3,21,3,1
2016-10-02,2016,4,Pittsburgh Steelers,PIT,43,Kansas City Chiefs,KC,14,PIT,-3.5,48.5,57,0,43,14,29,KC,0,Away,14,43,-29,-3.5,0
2016-10-16,2016,6,Oakland Raiders,OAK,10,Kansas City Chiefs,KC,26,KC,-1,46.5,36,0,26,10,16,KC,1,Away,26,10,16,1,1
2016-10-23,2016,7,Kansas City Chiefs,KC,27,New Orleans Saints,NO,21,KC,-7,51.5,48,0,27,21,6,KC,1,Home,27,21,6,7,0
2016-10-30,2016,8,Indianapolis Colts,IND,14,Kansas City Chiefs,KC,30,KC,-3,50.5,44,0,30,14,16,KC,1,Away,30,14,16,3,1
2016-11-06,2016,9,Kansas City Chiefs,KC,19,Jacksonville Jaguars,JAX,14,KC,-7,42.5,33,0,19,14,5,KC,1,Home,19,14,5,7,0
2016-11-13,2016,10,Carolina Panthers,CAR,17,Kansas City Chiefs,KC,20,CAR,-3,44,37,0,17,20,-3,KC,0,Away,20,17,3,-3,1
2016-11-20,2016,11,Kansas City Chiefs,KC,17,Tampa Bay Buccaneers,TB,19,KC,-7,45,36,0,17,19,-2,KC,1,Home,17,19,-2,7,0
2016-11-27,2016,12,Denver Broncos,DEN,27,Kansas City Chiefs,KC,30,DEN,-3.5,40,57,0,27,30,-3,KC,0,Away,30,27,3,-3.5,1
2016-12-04,2016,13,Atlanta Falcons,ATL,28,Kansas City Chiefs,KC,29,ATL,-5,50,57,0,28,29,-1,KC,0,Away,29,28,1,-5,1
2016-12-08,2016,14,Kansas City Chiefs,KC,21,Oakland Raiders,OAK,13,KC,-3.5,46,34,0,21,13,8,KC,1,Home,21,13,8,3.5,1
2016-12-18,2016,15,Kansas City Chiefs,KC,17,Tennessee Titans,TEN,19,KC,-6,43,36,0,17,19,-2,KC,1,Home,17,19,-2,6,0
2016-12-25,2016,16,Kansas City Chiefs,KC,33,Denver Broncos,DEN,10,KC,-3.5,38,43,0,33,10,23,KC,1,Home,33,10,23,3.5,1
2017-01-01,2016,17,San Diego Chargers,LAC,27,Kansas City Chiefs,KC,37,KC,-5.5,45,64,0,37,27,10,KC,1,Away,37,27,10,5.5,1
2017-09-07,2017,1,New England Patriots,NE,27,Kansas City Chiefs,KC,42,NE,-9,48.5,69,0,27,42,-15,KC,0,Away,42,27,15,-9,1
2017-09-17,2017,2,Kansas City Chiefs,KC,27,Philadelphia Eagles,PHI,20,KC,-4.5,47.5,47,0,27,20,7,KC,1,Home,27,20,7,4.5,1
2017-09-24,2017,3,Los Angeles Chargers,LAC,10,Kansas City Chiefs,KC,24,KC,-3,47.5,34,0,24,10,14,KC,1,Away,24,10,14,3,1
2017-10-02,2017,4,Kansas City Chiefs,KC,29,Washington Redskins,WAS,20,KC,-7,49.5,49,0,29,20,9,KC,1,Home,29,20,9,7,1
2017-10-08,2017,5,Houston Texans,HOU,34,Kansas City Chiefs,KC,42,KC,-1,46.5,76,0,42,34,8,KC,1,Away,42,34,8,1,1
2017-10-15,2017,6,Kansas City Chiefs,KC,13,Pittsburgh Steelers,PIT,19,KC,-3.5,47,32,0,13,19,-6,KC,1,Home,13,19,-6,3.5,0
2017-10-19,2017,7,Oakland Raiders,OAK,31,Kansas City Chiefs,KC,30,KC,-3,46.5,61,0,30,31,-1,KC,1,Away,30,31,-1,3,0
2017-10-30,2017,8,Kansas City Chiefs,KC,29,Denver Broncos,DEN,19,KC,-7,43,48,0,29,19,10,KC,1,Home,29,19,10,7,1
2017-11-05,2017,9,Dallas Cowboys,DAL,28,Kansas City Chiefs,KC,17,DAL,-2.5,53,45,0,28,17,11,KC,0,Away,17,28,-11,-2.5,0
2017-11-19,2017,11,New York Giants,NYG,12,Kansas City Chiefs,KC,9,KC,-10,45.5,21,0,9,12,-3,KC,1,Away,9,12,-3,10,0
2017-11-26,2017,12,Kansas City Chiefs,KC,10,Buffalo Bills,BUF,16,KC,-10,46,26,0,10,16,-6,KC,1,Home,10,16,-6,10,0
2017-12-03,2017,13,New York Jets,NYJ,38,Kansas City Chiefs,KC,31,KC,-3,43.5,69,0,31,38,-7,KC,1,Away,31,38,-7,3,0
2017-12-10,2017,14,Kansas City Chiefs,KC,26,Oakland Raiders,OAK,15,KC,-4.5,48.5,41,0,26,15,11,KC,1,Home,26,15,11,4.5,1
2017-12-16,2017,15,Kansas City Chiefs,KC,30,Los Angeles Chargers,LAC,13,LAC,-1,47,43,0,13,30,-17,KC,0,Home,30,13,17,-1,1
2017-12-24,2017,16,Kansas City Chiefs,KC,29,Miami Dolphins,MIA,13,KC,-11,43.5,42,0,29,13,16,KC,1,Home,29,13,16,11,1
2017-12-31,2017,17,Denver Broncos,DEN,24,Kansas City Chiefs,KC,27,DEN,-3,37.5,51,0,24,27,-3,KC,0,Away,27,24,3,-3,1
2018-09-09,2018,1,Los Angeles Chargers,LAC,28,Kansas City Chiefs,KC,38,LAC,-3.5,48,66,0,28,38,-10,KC,0,Away,38,28,10,-3.5,1
2018-09-16,2018,2,Pittsburgh Steelers,PIT,37,Kansas City Chiefs,KC,42,PIT,-4.5,52,79,0,37,42,-5,KC,0,Away,42,37,5,-4.5,1
2018-09-23,2018,3,Kansas City Chiefs,KC,38,San Francisco 49ers,SF,27,KC,-5.5,53,65,0,38,27,11,KC,1,Home,38,27,11,5.5,1
2018-10-01,2018,4,Denver Broncos,DEN,23,Kansas City Chiefs,KC,27,KC,-3.5,53.5,50,0,27,23,4,KC,1,Away,27,23,4,3.5,1
2018-10-07,2018,5,Kansas City Chiefs,KC,30,Jacksonville Jaguars,JAX,14,KC,-3,48,44,0,30,14,16,KC,1,Home,30,14,16,3,1
2018-10-14,2018,6,New England Patriots,NE,43,Kansas City Chiefs,KC,40,NE,-3.5,59.5,83,0,43,40,3,KC,0,Away,40,43,-3,-3.5,1
2018-10-21,2018,7,Kansas City Chiefs,KC,45,Cincinnati Bengals,CIN,10,KC,-6.5,56,55,0,45,10,35,KC,1,Home,45,10,35,6.5,1
2018-10-28,2018,8,Kansas City Chiefs,KC,30,Denver Broncos,DEN,23,KC,-8.5,53,53,0,30,23,7,KC,1,Home,30,23,7,8.5,0
2018-11-04,2018,9,Cleveland Browns,CLE,21,Kansas City Chiefs,KC,37,KC,-7.5,51.5,58,0,37,21,16,KC,1,Away,37,21,16,7.5,1
2018-11-11,2018,10,Kansas City Chiefs,KC,26,Arizona Cardinals,ARI,14,KC,-16.5,49.5,40,0,26,14,12,KC,1,Home,26,14,12,16.5,0
2018-11-19,2018,11,Los Angeles Rams,LAR,54,Kansas City Chiefs,KC,51,LAR,-3,63.5,105,0,54,51,3,KC,0,Away,51,54,-3,-3,0
2018-12-02,2018,13,Oakland Raiders,OAK,33,Kansas City Chiefs,KC,40,KC,-14,53.5,73,0,40,33,7,KC,1,Away,40,33,7,14,0
2018-12-09,2018,14,Kansas City Chiefs,KC,27,Baltimore Ravens,BAL,24,KC,-6.5,48.5,51,0,27,24,3,KC,1,Home,27,24,3,6.5,0
2018-12-13,2018,15,Kansas City Chiefs,KC,28,Los Angeles Chargers,LAC,29,KC,-3.5,54,57,0,28,29,-1,KC,1,Home,28,29,-1,3.5,0
2018-12-23,2018,16,Seattle Seahawks,SEA,38,Kansas City Chiefs,KC,31,KC,-1,54.5,69,0,31,38,-7,KC,1,Away,31,38,-7,1,0
2018-12-30,2018,17,Kansas City Chiefs,KC,35,Oakland Raiders,OAK,3,KC,-14.5,52.5,38,0,35,3,32,KC,1,Home,35,3,32,14.5,1
2019-09-08,2019,1,Jacksonville Jaguars,JAX,26,Kansas City Chiefs,KC,40,KC,-3.5,49,66,0,40,26,14,KC,1,Away,40,26,14,3.5,1
2019-09-15,2019,2,Oakland Raiders,OAK,10,Kansas City Chiefs,KC,28,KC,-7,53,38,0,28,10,18,KC,1,Away,28,10,18,7,1
2019-09-22,2019,3,Kansas City Chiefs,KC,33,Baltimore Ravens,BAL,28,KC,-5,52,61,0,33,28,5,KC,1,Home,33,28,5,5,0
2019-09-29,2019,4,Detroit Lions,DET,30,Kansas City Chiefs,KC,34,KC,-7,54.5,64,0,34,30,4,KC,1,Away,34,30,4,7,0
2019-10-06,2019,5,Kansas City Chiefs,KC,13,Indianapolis Colts,IND,19,KC,-10.5,55.5,32,0,13,19,-6,KC,1,Home,13,19,-6,10.5,0
2019-10-13,2019,6,Kansas City Chiefs,KC,24,Houston Texans,HOU,31,KC,-3.5,54.5,55,0,24,31,-7,KC,1,Home,24,31,-7,3.5,0
2019-10-17,2019,7,Denver Broncos,DEN,6,Kansas City Chiefs,KC,30,KC,-3,49.5,36,0,30,6,24,KC,1,Away,30,6,24,3,1
2019-10-27,2019,8,Kansas City Chiefs,KC,24,Green Bay Packers,GB,31,GB,-5,47.5,55,0,31,24,7,KC,0,Home,24,31,-7,-5,0
2019-11-03,2019,9,Kansas City Chiefs,KC,26,Minnesota Vikings,MIN,23,MIN,-5.5,45.5,49,0,23,26,-3,KC,0,Home,26,23,3,-5.5,1
2019-11-10,2019,10,Tennessee Titans,TEN,35,Kansas City Chiefs,KC,32,KC,-6,49,67,0,32,35,-3,KC,1,Away,32,35,-3,6,0
2019-12-01,2019,13,Kansas City Chiefs,KC,40,Oakland Raiders,OAK,9,KC,-10.5,49.5,49,0,40,9,31,KC,1,Home,40,9,31,10.5,1
2019-12-08,2019,14,New England Patriots,NE,16,Kansas City Chiefs,KC,23,NE,-3,48.5,39,0,16,23,-7,KC,0,Away,23,16,7,-3,1
2019-12-15,2019,15,Kansas City Chiefs,KC,23,Denver Broncos,DEN,3,KC,-9,43,26,0,23,3,20,KC,1,Home,23,3,20,9,1
2019-12-22,2019,16,Chicago Bears,CHI,3,Kansas City Chiefs,KC,26,KC,-7,45.5,29,0,26,3,23,KC,1,Away,26,3,23,7,1
2019-12-29,2019,17,Kansas City Chiefs,KC,31,Los Angeles Chargers,LAC,21,KC,-9.5,46,52,0,31,21,10,KC,1,Home,31,21,10,9.5,1
2000-09-03,2000,1,Miami Dolphins,MIA,23,Seattle Seahawks,SEA,0,MIA,-2,36,23,0,23,0,23,MIA,1,Home,23,0,23,2,1
2000-09-10,2000,2,Minnesota Vikings,MIN,13,Miami Dolphins,MIA,7,MIN,-3,42.5,20,0,13,7,6,MIA,0,Away,7,13,-6,-3,0
2000-09-17,2000,3,Miami Dolphins,MIA,19,Baltimore Ravens,BAL,6,BAL,-1.5,34.5,25,0,6,19,-13,MIA,0,Home,19,6,13,-1.5,1
2000-09-24,2000,4,Miami Dolphins,MIA,10,New England Patriots,NE,3,MIA,-4.5,34.5,13,0,10,3,7,MIA,1,Home,10,3,7,4.5,1
2000-10-01,2000,5,Cincinnati Bengals,CIN,16,Miami Dolphins,MIA,31,MIA,-7,33,47,0,31,16,15,MIA,1,Away,31,16,15,7,1
2000-10-08,2000,6,Miami Dolphins,MIA,22,Buffalo Bills,BUF,13,MIA,-2,34.5,35,0,22,13,9,MIA,1,Home,22,13,9,2,1
2000-10-23,2000,8,New York Jets,NYJ,40,Miami Dolphins,MIA,37,NYJ,-3,35,77,0,40,37,3,MIA,0,Away,37,40,-3,-3,0
2000-10-29,2000,9,Miami Dolphins,MIA,28,Green Bay Packers,GB,20,MIA,-4.5,38.5,48,0,28,20,8,MIA,1,Home,28,20,8,4.5,1
2000-11-05,2000,10,Detroit Lions,DET,8,Miami Dolphins,MIA,23,DET,-2.5,39,31,0,8,23,-15,MIA,0,Away,23,8,15,-2.5,1
2000-11-12,2000,11,San Diego Chargers,LAC,7,Miami Dolphins,MIA,17,MIA,-5,33.5,24,0,17,7,10,MIA,1,Away,17,7,10,5,1
2000-11-19,2000,12,Miami Dolphins,MIA,3,New York Jets,NYJ,20,MIA,-3.5,38.5,23,0,3,20,-17,MIA,1,Home,3,20,-17,3.5,0
2000-11-26,2000,13,Indianapolis Colts,IND,14,Miami Dolphins,MIA,17,IND,-5.5,44.5,31,0,14,17,-3,MIA,0,Away,17,14,3,-5.5,1
2000-12-03,2000,14,Buffalo Bills,BUF,6,Miami Dolphins,MIA,33,BUF,-3.5,36,39,0,6,33,-27,MIA,0,Away,33,6,27,-3.5,1
2000-12-10,2000,15,Miami Dolphins,MIA,13,Tampa Bay Buccaneers,TB,16,MIA,-2.5,34.5,29,0,13,16,-3,MIA,1,Home,13,16,-3,2.5,0
2000-12-17,2000,16,Miami Dolphins,MIA,13,Indianapolis Colts,IND,20,MIA,-3,42,33,0,13,20,-7,MIA,1,Home,13,20,-7,3,0
2000-12-24,2000,17,New England Patriots,NE,24,Miami Dolphins,MIA,27,MIA,-4,35,51,0,27,24,3,MIA,1,Away,27,24,3,4,0
2001-09-09,2001,1,Tennessee Titans,TEN,23,Miami Dolphins,MIA,31,TEN,-6.5,34,54,0,23,31,-8,MIA,0,Away,31,23,8,-6.5,1
2001-09-23,2001,2,Miami Dolphins,MIA,18,Oakland Raiders,OAK,15,MIA,-1.5,40,33,0,18,15,3,MIA,1,Home,18,15,3,1.5,1
2001-09-30,2001,3,St. Louis Rams,LAR,42,Miami Dolphins,MIA,10,LAR,-6,44,52,0,42,10,32,MIA,0,Away,10,42,-32,-6,0
2001-10-07,2001,4,Miami Dolphins,MIA,30,New England Patriots,NE,10,MIA,-9.5,35,40,0,30,10,20,MIA,1,Home,30,10,20,9.5,1
2001-10-14,2001,5,New York Jets,NYJ,21,Miami Dolphins,MIA,17,MIA,-3,38,38,0,17,21,-4,MIA,1,Away,17,21,-4,3,0
2001-10-28,2001,7,Seattle Seahawks,SEA,20,Miami Dolphins,MIA,24,MIA,-2.5,36.5,44,0,24,20,4,MIA,1,Away,24,20,4,2.5,1
2001-11-04,2001,8,Miami Dolphins,MIA,23,Carolina Panthers,CAR,6,MIA,-10,34.5,29,0,23,6,17,MIA,1,Home,23,6,17,10,1
2001-11-11,2001,9,Indianapolis Colts,IND,24,Miami Dolphins,MIA,27,IND,-3,44,51,0,24,27,-3,MIA,0,Away,27,24,3,-3,1
2001-11-18,2001,10,Miami Dolphins,MIA,0,New York Jets,NYJ,24,MIA,-5.5,37.5,24,0,0,24,-24,MIA,1,Home,0,24,-24,5.5,0
2001-11-25,2001,11,Buffalo Bills,BUF,27,Miami Dolphins,MIA,34,MIA,-5,36,61,0,34,27,7,MIA,1,Away,34,27,7,5,1
2001-12-02,2001,12,Miami Dolphins,MIA,21,Denver Broncos,DEN,10,MIA,-3,39.5,31,0,21,10,11,MIA,1,Home,21,10,11,3,1
2001-12-10,2001,13,Miami Dolphins,MIA,41,Indianapolis Colts,IND,6,MIA,-5,45,47,0,41,6,35,MIA,1,Home,41,6,35,5,1
2001-12-16,2001,14,San Francisco 49ers,SF,21,Miami Dolphins,MIA,0,SF,-3.5,43,21,0,21,0,21,MIA,0,Away,0,21,-21,-3.5,0
2001-12-22,2001,15,New England Patriots,NE,20,Miami Dolphins,MIA,13,NE,-3,37,33,0,20,13,7,MIA,0,Away,13,20,-7,-3,0
2001-12-30,2001,16,Miami Dolphins,MIA,21,Atlanta Falcons,ATL,14,MIA,-7,38.5,35,0,21,14,7,MIA,1,Home,21,14,7,7,0
2002-01-06,2001,17,Miami Dolphins,MIA,34,Buffalo Bills,BUF,7,MIA,-6.5,36.5,41,0,34,7,27,MIA,1,Home,34,7,27,6.5,1
2002-09-08,2002,1,Miami Dolphins,MIA,49,Detroit Lions,DET,21,MIA,-9.5,35.5,70,0,49,21,28,MIA,1,Home,49,21,28,9.5,1
2002-09-15,2002,2,Indianapolis Colts,IND,13,Miami Dolphins,MIA,21,PICK,0,47,34,0,21,13,8,MIA,0,Away,21,13,8,0,1
2002-09-22,2002,3,Miami Dolphins,MIA,30,New York Jets,NYJ,3,MIA,-6,40.5,33,0,30,3,27,MIA,1,Home,30,3,27,6,1
2002-09-29,2002,4,Kansas City Chiefs,KC,48,Miami Dolphins,MIA,30,MIA,-3,44.5,78,0,30,48,-18,MIA,1,Away,30,48,-18,3,0
2002-10-06,2002,5,Miami Dolphins,MIA,26,New England Patriots,NE,13,MIA,-3,43.5,39,0,26,13,13,MIA,1,Home,26,13,13,3,1
2002-10-13,2002,6,Denver Broncos,DEN,22,Miami Dolphins,MIA,24,DEN,-3.5,41,46,0,22,24,-2,MIA,0,Away,24,22,2,-3.5,1
2002-10-20,2002,7,Miami Dolphins,MIA,10,Buffalo Bills,BUF,23,MIA,-6,45.5,33,0,10,23,-13,MIA,1,Home,10,23,-13,6,0
2002-11-04,2002,9,Green Bay Packers,GB,24,Miami Dolphins,MIA,10,GB,-4.5,41.5,34,0,24,10,14,MIA,0,Away,10,24,-14,-4.5,0
2002-11-10,2002,10,New York Jets,NYJ,13,Miami Dolphins,MIA,10,NYJ,-2.5,39.5,23,0,13,10,3,MIA,0,Away,10,13,-3,-2.5,0
2002-11-17,2002,11,Miami Dolphins,MIA,26,Baltimore Ravens,BAL,7,MIA,-5,34.5,33,0,26,7,19,MIA,1,Home,26,7,19,5,1
2002-11-24,2002,12,Miami Dolphins,MIA,30,San Diego Chargers,LAC,3,MIA,-4,36.5,33,0,30,3,27,MIA,1,Home,30,3,27,4,1
2002-12-01,2002,13,Buffalo Bills,BUF,38,Miami Dolphins,MIA,21,MIA,-2,37,59,0,21,38,-17,MIA,1,Away,21,38,-17,2,0
2002-12-09,2002,14,Miami Dolphins,MIA,27,Chicago Bears,CHI,9,MIA,-10.5,37,36,0,27,9,18,MIA,1,Home,27,9,18,10.5,1
2002-12-15,2002,15,Miami Dolphins,MIA,23,Oakland Raiders,OAK,17,MIA,-1.5,43.5,40,0,23,17,6,MIA,1,Home,23,17,6,1.5,1
2002-12-21,2002,16,Minnesota Vikings,MIN,20,Miami Dolphins,MIA,17,MIA,-3,45,37,0,17,20,-3,MIA,1,Away,17,20,-3,3,0
2002-12-29,2002,17,New England Patriots,NE,27,Miami Dolphins,MIA,24,MIA,-2,38,51,0,24,27,-3,MIA,1,Away,24,27,-3,2,0
2003-09-07,2003,1,Miami Dolphins,MIA,20,Houston Texans,HOU,21,MIA,-14,34.5,41,0,20,21,-1,MIA,1,Home,20,21,-1,14,0
2003-09-14,2003,2,New York Jets,NYJ,10,Miami Dolphins,MIA,21,MIA,-3,37,31,0,21,10,11,MIA,1,Away,21,10,11,3,1
2003-09-21,2003,3,Miami Dolphins,MIA,17,Buffalo Bills,BUF,7,MIA,-3,40.5,24,0,17,7,10,MIA,1,Home,17,7,10,3,1
2003-10-05,2003,5,New York Giants,NYG,10,Miami Dolphins,MIA,23,NYG,-1.5,38,33,0,10,23,-13,MIA,0,Away,23,10,13,-1.5,1
2003-10-12,2003,6,Jacksonville Jaguars,JAX,10,Miami Dolphins,MIA,24,MIA,-3.5,38,34,0,24,10,14,MIA,1,Away,24,10,14,3.5,1
2003-10-19,2003,7,Miami Dolphins,MIA,13,New England Patriots,NE,19,MIA,-6.5,37,32,0,13,19,-6,MIA,1,Home,13,19,-6,6.5,0
2003-11-02,2003,9,Miami Dolphins,MIA,17,Indianapolis Colts,IND,23,MIA,-3,39.5,40,0,17,23,-6,MIA,1,Home,17,23,-6,3,0
2003-11-09,2003,10,Tennessee Titans,TEN,31,Miami Dolphins,MIA,7,TEN,-5.5,39.5,38,0,31,7,24,MIA,0,Away,7,31,-24,-5.5,0
2003-11-16,2003,11,Miami Dolphins,MIA,9,Baltimore Ravens,BAL,6,MIA,-5,33,15,0,9,6,3,MIA,1,Home,9,6,3,5,0
2003-11-23,2003,12,Miami Dolphins,MIA,24,Washington Redskins,WAS,23,MIA,-7,35,47,0,24,23,1,MIA,1,Home,24,23,1,7,0
2003-11-27,2003,13,Dallas Cowboys,DAL,21,Miami Dolphins,MIA,40,DAL,-3,34.5,61,0,21,40,-19,MIA,0,Away,40,21,19,-3,1
2003-12-07,2003,14,New England Patriots,NE,12,Miami Dolphins,MIA,0,NE,-3,33.5,12,0,12,0,12,MIA,0,Away,0,12,-12,-3,0
2003-12-15,2003,15,Miami Dolphins,MIA,27,Philadelphia Eagles,PHI,34,MIA,-3,37,61,0,27,34,-7,MIA,1,Home,27,34,-7,3,0
2003-12-21,2003,16,Buffalo Bills,BUF,3,Miami Dolphins,MIA,20,BUF,-3,33,23,0,3,20,-17,MIA,0,Away,20,3,17,-3,1
2003-12-28,2003,17,Miami Dolphins,MIA,23,New York Jets,NYJ,21,MIA,-3.5,37.5,44,0,23,21,2,MIA,1,Home,23,21,2,3.5,0
2004-09-11,2004,1,Miami Dolphins,MIA,7,Tennessee Titans,TEN,17,TEN,-3,38,24,0,17,7,10,MIA,0,Home,7,17,-10,-3,0
2004-09-19,2004,2,Cincinnati Bengals,CIN,16,Miami Dolphins,MIA,13,CIN,-5.5,40,29,0,16,13,3,MIA,0,Away,13,16,-3,-5.5,1
2004-09-26,2004,3,Miami Dolphins,MIA,3,Pittsburgh Steelers,PIT,13,MIA,-2.5,31,16,0,3,13,-10,MIA,1,Home,3,13,-10,2.5,0
2004-10-03,2004,4,Miami Dolphins,MIA,9,New York Jets,NYJ,17,NYJ,-5.5,36,26,0,17,9,8,MIA,0,Home,9,17,-8,-5.5,0
2004-10-10,2004,5,New England Patriots,NE,24,Miami Dolphins,MIA,10,NE,-11,34,34,0,24,10,14,MIA,0,Away,10,24,-14,-11,0
2004-10-17,2004,6,Buffalo Bills,BUF,20,Miami Dolphins,MIA,13,BUF,-4.5,30,33,0,20,13,7,MIA,0,Away,13,20,-7,-4.5,0
2004-10-24,2004,7,Miami Dolphins,MIA,31,St. Louis Rams,LAR,14,LAR,-5,37.5,45,0,14,31,-17,MIA,0,Home,31,14,17,-5,1
2004-11-01,2004,8,New York Jets,NYJ,41,Miami Dolphins,MIA,14,NYJ,-7,35.5,55,0,41,14,27,MIA,0,Away,14,41,-27,-7,0
2004-11-07,2004,9,Miami Dolphins,MIA,23,Arizona Cardinals,ARI,24,MIA,-3,34.5,47,0,23,24,-1,MIA,1,Home,23,24,-1,3,0
2004-11-21,2004,11,Seattle Seahawks,SEA,24,Miami Dolphins,MIA,17,SEA,-9.5,37,41,0,24,17,7,MIA,0,Away,17,24,-7,-9.5,1
2004-11-28,2004,12,San Francisco 49ers,SF,17,Miami Dolphins,MIA,24,PICK,0,37.5,41,0,24,17,7,MIA,0,Away,24,17,7,0,1
2004-12-05,2004,13,Miami Dolphins,MIA,32,Buffalo Bills,BUF,42,BUF,-5,34,74,0,42,32,10,MIA,0,Home,32,42,-10,-5,0
2004-12-12,2004,14,Denver Broncos,DEN,20,Miami Dolphins,MIA,17,DEN,-11.5,41,37,0,20,17,3,MIA,0,Away,17,20,-3,-11.5,1
2004-12-20,2004,15,Miami Dolphins,MIA,29,New England Patriots,NE,28,NE,-10,44,57,0,28,29,-1,MIA,0,Home,29,28,1,-10,1
2004-12-26,2004,16,Miami Dolphins,MIA,10,Cleveland Browns,CLE,7,MIA,-9,40.5,17,0,10,7,3,MIA,1,Home,10,7,3,9,0
2005-01-02,2004,17,Baltimore Ravens,BAL,30,Miami Dolphins,MIA,23,BAL,-11,33,53,0,30,23,7,MIA,0,Away,23,30,-7,-11,1
2005-09-11,2005,1,Miami Dolphins,MIA,34,Denver Broncos,DEN,10,DEN,-4.5,38.5,44,0,10,34,-24,MIA,0,Home,34,10,24,-4.5,1
2005-09-18,2005,2,New York Jets,NYJ,17,Miami Dolphins,MIA,7,NYJ,-6,37,24,0,17,7,10,MIA,0,Away,7,17,-10,-6,0
2005-09-25,2005,3,Miami Dolphins,MIA,27,Carolina Panthers,CAR,24,CAR,-3.5,37.5,51,0,24,27,-3,MIA,0,Home,27,24,3,-3.5,1
2005-10-09,2005,5,Buffalo Bills,BUF,20,Miami Dolphins,MIA,14,BUF,-2.5,33,34,0,20,14,6,MIA,0,Away,14,20,-6,-2.5,0
2005-10-16,2005,6,Tampa Bay Buccaneers,TB,27,Miami Dolphins,MIA,13,TB,-4.5,33,40,0,27,13,14,MIA,0,Away,13,27,-14,-4.5,0
2005-10-21,2005,7,Miami Dolphins,MIA,20,Kansas City Chiefs,KC,30,KC,-1,42.5,50,0,30,20,10,MIA,0,Home,20,30,-10,-1,0
2005-10-30,2005,8,New Orleans Saints,NO,6,Miami Dolphins,MIA,21,NO,-2,41,27,0,6,21,-15,MIA,0,Away,21,6,15,-2,1
2005-11-06,2005,9,Miami Dolphins,MIA,10,Atlanta Falcons,ATL,17,ATL,-2,39.5,27,0,17,10,7,MIA,0,Home,10,17,-7,-2,0
2005-11-13,2005,10,Miami Dolphins,MIA,16,New England Patriots,NE,23,NE,-2.5,40,39,0,23,16,7,MIA,0,Home,16,23,-7,-2.5,0
2005-11-20,2005,11,Cleveland Browns,CLE,22,Miami Dolphins,MIA,0,CLE,-2.5,34.5,22,0,22,0,22,MIA,0,Away,0,22,-22,-2.5,0
2005-11-27,2005,12,Oakland Raiders,OAK,21,Miami Dolphins,MIA,33,OAK,-7,42.5,54,0,21,33,-12,MIA,0,Away,33,21,12,-7,1
2005-12-04,2005,13,Miami Dolphins,MIA,24,Buffalo Bills,BUF,23,MIA,-3,35.5,47,0,24,23,1,MIA,1,Home,24,23,1,3,0
2005-12-11,2005,14,San Diego Chargers,LAC,21,Miami Dolphins,MIA,23,LAC,-13.5,45,44,0,21,23,-2,MIA,0,Away,23,21,2,-13.5,1
2005-12-18,2005,15,Miami Dolphins,MIA,24,New York Jets,NYJ,20,MIA,-7.5,35.5,44,0,24,20,4,MIA,1,Home,24,20,4,7.5,0
2005-12-24,2005,16,Miami Dolphins,MIA,24,Tennessee Titans,TEN,10,MIA,-5.5,43,34,0,24,10,14,MIA,1,Home,24,10,14,5.5,1
2006-01-01,2005,17,New England Patriots,NE,26,Miami Dolphins,MIA,28,NE,-3,37,54,0,26,28,-2,MIA,0,Away,28,26,2,-3,1
2006-09-07,2006,1,Pittsburgh Steelers,PIT,28,Miami Dolphins,MIA,17,PIT,-1.5,34.5,45,0,28,17,11,MIA,0,Away,17,28,-11,-1.5,0
2006-09-17,2006,2,Miami Dolphins,MIA,6,Buffalo Bills,BUF,16,MIA,-6.5,37,22,0,6,16,-10,MIA,1,Home,6,16,-10,6.5,0
2006-09-24,2006,3,Miami Dolphins,MIA,13,Tennessee Titans,TEN,10,MIA,-10.5,36,23,0,13,10,3,MIA,1,Home,13,10,3,10.5,0
2006-10-01,2006,4,Houston Texans,HOU,17,Miami Dolphins,MIA,15,MIA,-4,40,32,0,15,17,-2,MIA,1,Away,15,17,-2,4,0
2006-10-08,2006,5,New England Patriots,NE,20,Miami Dolphins,MIA,10,NE,-9.5,36.5,30,0,20,10,10,MIA,0,Away,10,20,-10,-9.5,0
2006-10-15,2006,6,New York Jets,NYJ,20,Miami Dolphins,MIA,17,NYJ,-2.5,36.5,37,0,20,17,3,MIA,0,Away,17,20,-3,-2.5,0
2006-10-22,2006,7,Miami Dolphins,MIA,24,Green Bay Packers,GB,34,MIA,-5.5,40,58,0,24,34,-10,MIA,1,Home,24,34,-10,5.5,0
2006-11-05,2006,9,Chicago Bears,CHI,13,Miami Dolphins,MIA,31,CHI,-13.5,37.5,44,0,13,31,-18,MIA,0,Away,31,13,18,-13.5,1
2006-11-12,2006,10,Miami Dolphins,MIA,13,Kansas City Chiefs,KC,10,MIA,-2,40.5,23,0,13,10,3,MIA,1,Home,13,10,3,2,1
2006-11-19,2006,11,Miami Dolphins,MIA,24,Minnesota Vikings,MIN,20,MIA,-3,33.5,44,0,24,20,4,MIA,1,Home,24,20,4,3,1
2006-11-23,2006,12,Detroit Lions,DET,10,Miami Dolphins,MIA,27,MIA,-2.5,40.5,37,0,27,10,17,MIA,1,Away,27,10,17,2.5,1
2006-12-03,2006,13,Miami Dolphins,MIA,10,Jacksonville Jaguars,JAX,24,PICK,0,35.5,34,0,24,10,14,MIA,0,Home,10,24,-14,0,0
2006-12-10,2006,14,Miami Dolphins,MIA,21,New England Patriots,NE,0,NE,-3,37,21,0,0,21,-21,MIA,0,Home,21,0,21,-3,1
2006-12-17,2006,15,Buffalo Bills,BUF,21,Miami Dolphins,MIA,0,BUF,-1,34.5,21,0,21,0,21,MIA,0,Away,0,21,-21,-1,0
2006-12-25,2006,16,Miami Dolphins,MIA,10,New York Jets,NYJ,13,MIA,-3,36.5,23,0,10,13,-3,MIA,1,Home,10,13,-3,3,0
2006-12-31,2006,17,Indianapolis Colts,IND,27,Miami Dolphins,MIA,22,IND,-9,43.5,49,0,27,22,5,MIA,0,Away,22,27,-5,-9,1
2007-09-09,2007,1,Washington Redskins,WAS,16,Miami Dolphins,MIA,13,WAS,-3,34.5,29,0,16,13,3,MIA,0,Away,13,16,-3,-3,0
2007-09-16,2007,2,Miami Dolphins,MIA,20,Dallas Cowboys,DAL,37,DAL,-3.5,40.5,57,0,37,20,17,MIA,0,Home,20,37,-17,-3.5,0
2007-09-23,2007,3,New York Jets,NYJ,31,Miami Dolphins,MIA,28,NYJ,-3,36.5,59,0,31,28,3,MIA,0,Away,28,31,-3,-3,0
2007-09-30,2007,4,Miami Dolphins,MIA,17,Oakland Raiders,OAK,35,MIA,-3.5,40,52,0,17,35,-18,MIA,1,Home,17,35,-18,3.5,0
2007-10-07,2007,5,Houston Texans,HOU,22,Miami Dolphins,MIA,19,HOU,-5.5,43.5,41,0,22,19,3,MIA,0,Away,19,22,-3,-5.5,1
2007-10-14,2007,6,Cleveland Browns,CLE,41,Miami Dolphins,MIA,31,CLE,-4,45,72,0,41,31,10,MIA,0,Away,31,41,-10,-4,0
2007-10-21,2007,7,Miami Dolphins,MIA,28,New England Patriots,NE,49,NE,-15.5,49.5,77,0,49,28,21,MIA,0,Home,28,49,-21,-15.5,0
2007-11-11,2007,10,Miami Dolphins,MIA,10,Buffalo Bills,BUF,13,BUF,-2.5,40.5,23,0,13,10,3,MIA,0,Home,10,13,-3,-2.5,0
2007-11-18,2007,11,Philadelphia Eagles,PHI,17,Miami Dolphins,MIA,7,PHI,-9.5,40,24,0,17,7,10,MIA,0,Away,7,17,-10,-9.5,0
2007-11-26,2007,12,Pittsburgh Steelers,PIT,3,Miami Dolphins,MIA,0,PIT,-16,38.5,3,0,3,0,3,MIA,0,Away,0,3,-3,-16,1
2007-12-02,2007,13,Miami Dolphins,MIA,13,New York Jets,NYJ,40,MIA,-1,37.5,53,0,13,40,-27,MIA,1,Home,13,40,-27,1,0
2007-12-09,2007,14,Buffalo Bills,BUF,38,Miami Dolphins,MIA,17,BUF,-7,34,55,0,38,17,21,MIA,0,Away,17,38,-21,-7,0
2007-12-16,2007,15,Miami Dolphins,MIA,22,Baltimore Ravens,BAL,16,BAL,-3,37.5,38,0,16,22,-6,MIA,0,Home,22,16,6,-3,1
2007-12-23,2007,16,New England Patriots,NE,28,Miami Dolphins,MIA,7,NE,-22.5,45.5,35,0,28,7,21,MIA,0,Away,7,28,-21,-22.5,1
2007-12-30,2007,17,Miami Dolphins,MIA,25,Cincinnati Bengals,CIN,38,CIN,-3,45,63,0,38,25,13,MIA,0,Home,25,38,-13,-3,0
2008-09-07,2008,1,Miami Dolphins,MIA,14,New York Jets,NYJ,20,NYJ,-3,36,34,0,20,14,6,MIA,0,Home,14,20,-6,-3,0
2008-09-14,2008,2,Arizona Cardinals,ARI,31,Miami Dolphins,MIA,10,ARI,-6.5,40.5,41,0,31,10,21,MIA,0,Away,10,31,-21,-6.5,0
2008-09-21,2008,3,New England Patriots,NE,13,Miami Dolphins,MIA,38,NE,-12.5,37,51,0,13,38,-25,MIA,0,Away,38,13,25,-12.5,1
2008-10-05,2008,5,Miami Dolphins,MIA,17,San Diego Chargers,LAC,10,LAC,-6,44.5,27,0,10,17,-7,MIA,0,Home,17,10,7,-6,1
2008-10-12,2008,6,Houston Texans,HOU,29,Miami Dolphins,MIA,28,HOU,-3,44.5,57,0,29,28,1,MIA,0,Away,28,29,-1,-3,1
2008-10-19,2008,7,Miami Dolphins,MIA,13,Baltimore Ravens,BAL,27,MIA,-3,35,40,0,13,27,-14,MIA,1,Home,13,27,-14,3,0
2008-10-26,2008,8,Miami Dolphins,MIA,25,Buffalo Bills,BUF,16,MIA,-1,41.5,41,0,25,16,9,MIA,1,Home,25,16,9,1,1
2008-11-02,2008,9,Denver Broncos,DEN,17,Miami Dolphins,MIA,26,DEN,-4,50,43,0,17,26,-9,MIA,0,Away,26,17,9,-4,1
2008-11-09,2008,10,Miami Dolphins,MIA,21,Seattle Seahawks,SEA,19,MIA,-7.5,42,40,0,21,19,2,MIA,1,Home,21,19,2,7.5,0
2008-11-16,2008,11,Miami Dolphins,MIA,17,Oakland Raiders,OAK,15,MIA,-10,37.5,32,0,17,15,2,MIA,1,Home,17,15,2,10,0
2008-11-23,2008,12,Miami Dolphins,MIA,28,New England Patriots,NE,48,NE,-2,42.5,76,0,48,28,20,MIA,0,Home,28,48,-20,-2,0
2008-11-30,2008,13,St. Louis Rams,LAR,12,Miami Dolphins,MIA,16,MIA,-7,44.5,28,0,16,12,4,MIA,1,Away,16,12,4,7,0
2008-12-14,2008,15,Miami Dolphins,MIA,14,San Francisco 49ers,SF,9,MIA,-5.5,41,23,0,14,9,5,MIA,1,Home,14,9,5,5.5,0
2008-12-21,2008,16,Kansas City Chiefs,KC,31,Miami Dolphins,MIA,38,MIA,-3.5,37.5,69,0,38,31,7,MIA,1,Away,38,31,7,3.5,1
2008-12-28,2008,17,New York Jets,NYJ,17,Miami Dolphins,MIA,24,NYJ,-2.5,43,41,0,17,24,-7,MIA,0,Away,24,17,7,-2.5,1
2009-09-13,2009,1,Atlanta Falcons,ATL,19,Miami Dolphins,MIA,7,ATL,-4,44.5,26,0,19,7,12,MIA,0,Away,7,19,-12,-4,0
2009-09-21,2009,2,Miami Dolphins,MIA,23,Indianapolis Colts,IND,27,IND,-3,41,50,0,27,23,4,MIA,0,Home,23,27,-4,-3,0
2009-09-27,2009,3,San Diego Chargers,LAC,23,Miami Dolphins,MIA,13,LAC,-5.5,45.5,36,0,23,13,10,MIA,0,Away,13,23,-10,-5.5,0
2009-10-04,2009,4,Miami Dolphins,MIA,38,Buffalo Bills,BUF,10,MIA,-1.5,37.5,48,0,38,10,28,MIA,1,Home,38,10,28,1.5,1
2009-10-12,2009,5,Miami Dolphins,MIA,31,New York Jets,NYJ,27,NYJ,-3,36.5,58,0,27,31,-4,MIA,0,Home,31,27,4,-3,1
2009-10-25,2009,7,Miami Dolphins,MIA,34,New Orleans Saints,NO,46,NO,-6.5,48,80,0,46,34,12,MIA,0,Home,34,46,-12,-6.5,0
2009-11-01,2009,8,New York Jets,NYJ,25,Miami Dolphins,MIA,30,NYJ,-3.5,40.5,55,0,25,30,-5,MIA,0,Away,30,25,5,-3.5,1
2009-11-08,2009,9,New England Patriots,NE,27,Miami Dolphins,MIA,17,NE,-10.5,46.5,44,0,27,17,10,MIA,0,Away,17,27,-10,-10.5,1
2009-11-15,2009,10,Miami Dolphins,MIA,25,Tampa Bay Buccaneers,TB,23,MIA,-10,43.5,48,0,25,23,2,MIA,1,Home,25,23,2,10,0
2009-11-19,2009,11,Carolina Panthers,CAR,17,Miami Dolphins,MIA,24,CAR,-3.5,42,41,0,17,24,-7,MIA,0,Away,24,17,7,-3.5,1
2009-11-29,2009,12,Buffalo Bills,BUF,31,Miami Dolphins,MIA,14,MIA,-3.5,38.5,45,0,14,31,-17,MIA,1,Away,14,31,-17,3.5,0
2009-12-06,2009,13,Miami Dolphins,MIA,22,New England Patriots,NE,21,NE,-5,46.5,43,0,21,22,-1,MIA,0,Home,22,21,1,-5,1
2009-12-13,2009,14,Jacksonville Jaguars,JAX,10,Miami Dolphins,MIA,14,JAX,-2,43,24,0,10,14,-4,MIA,0,Away,14,10,4,-2,1
2009-12-20,2009,15,Tennessee Titans,TEN,27,Miami Dolphins,MIA,24,TEN,-4.5,43,51,0,27,24,3,MIA,0,Away,24,27,-3,-4.5,1
2009-12-27,2009,16,Miami Dolphins,MIA,20,Houston Texans,HOU,27,MIA,-2,47,47,0,20,27,-7,MIA,1,Home,20,27,-7,2,0
2010-01-03,2009,17,Miami Dolphins,MIA,24,Pittsburgh Steelers,PIT,30,PIT,-3,46,54,0,30,24,6,MIA,0,Home,24,30,-6,-3,0
2010-09-12,2010,1,Buffalo Bills,BUF,10,Miami Dolphins,MIA,15,MIA,-3,39,25,0,15,10,5,MIA,1,Away,15,10,5,3,1
2010-09-19,2010,2,Minnesota Vikings,MIN,10,Miami Dolphins,MIA,14,MIN,-6,41,24,0,10,14,-4,MIA,0,Away,14,10,4,-6,1
2010-09-26,2010,3,Miami Dolphins,MIA,23,New York Jets,NYJ,31,MIA,-2.5,36,54,0,23,31,-8,MIA,1,Home,23,31,-8,2.5,0
2010-10-04,2010,4,Miami Dolphins,MIA,14,New England Patriots,NE,41,NE,-1,48,55,0,41,14,27,MIA,0,Home,14,41,-27,-1,0
2010-10-17,2010,6,Green Bay Packers,GB,20,Miami Dolphins,MIA,23,GB,-3,44,43,0,20,23,-3,MIA,0,Away,23,20,3,-3,1
2010-10-24,2010,7,Miami Dolphins,MIA,22,Pittsburgh Steelers,PIT,23,PIT,-3,40.5,45,0,23,22,1,MIA,0,Home,22,23,-1,-3,1
2010-10-31,2010,8,Cincinnati Bengals,CIN,14,Miami Dolphins,MIA,22,CIN,-1,44,36,0,14,22,-8,MIA,0,Away,22,14,8,-1,1
2010-11-07,2010,9,Baltimore Ravens,BAL,26,Miami Dolphins,MIA,10,BAL,-5,41,36,0,26,10,16,MIA,0,Away,10,26,-16,-5,0
2010-11-14,2010,10,Miami Dolphins,MIA,29,Tennessee Titans,TEN,17,MIA,-1,43,46,0,29,17,12,MIA,1,Home,29,17,12,1,1
2010-11-18,2010,11,Miami Dolphins,MIA,0,Chicago Bears,CHI,16,MIA,-2,40,16,0,0,16,-16,MIA,1,Home,0,16,-16,2,0
2010-11-28,2010,12,Oakland Raiders,OAK,17,Miami Dolphins,MIA,33,OAK,-3,38,50,0,17,33,-16,MIA,0,Away,33,17,16,-3,1
2010-12-05,2010,13,Miami Dolphins,MIA,10,Cleveland Browns,CLE,13,MIA,-6,43.5,23,0,10,13,-3,MIA,1,Home,10,13,-3,6,0
2010-12-12,2010,14,New York Jets,NYJ,6,Miami Dolphins,MIA,10,NYJ,-5.5,38,16,0,6,10,-4,MIA,0,Away,10,6,4,-5.5,1
2010-12-19,2010,15,Miami Dolphins,MIA,14,Buffalo Bills,BUF,17,MIA,-5.5,40,31,0,14,17,-3,MIA,1,Home,14,17,-3,5.5,0
2010-12-26,2010,16,Miami Dolphins,MIA,27,Detroit Lions,DET,34,MIA,-3.5,41,61,0,27,34,-7,MIA,1,Home,27,34,-7,3.5,0
2011-01-02,2010,17,New England Patriots,NE,38,Miami Dolphins,MIA,7,NE,-6,44,45,0,38,7,31,MIA,0,Away,7,38,-31,-6,0
2011-09-12,2011,1,Miami Dolphins,MIA,24,New England Patriots,NE,38,NE,-7.5,47,62,0,38,24,14,MIA,0,Home,24,38,-14,-7.5,0
2011-09-18,2011,2,Miami Dolphins,MIA,13,Houston Texans,HOU,23,HOU,-3,47.5,36,0,23,13,10,MIA,0,Home,13,23,-10,-3,0
2011-09-25,2011,3,Cleveland Browns,CLE,17,Miami Dolphins,MIA,16,MIA,-2,42.5,33,0,16,17,-1,MIA,1,Away,16,17,-1,2,0
2011-10-02,2011,4,San Diego Chargers,LAC,26,Miami Dolphins,MIA,16,LAC,-7,45,42,0,26,16,10,MIA,0,Away,16,26,-10,-7,0
2011-10-17,2011,6,New York Jets,NYJ,24,Miami Dolphins,MIA,6,NYJ,-7.5,41.5,30,0,24,6,18,MIA,0,Away,6,24,-18,-7.5,0
2011-10-23,2011,7,Miami Dolphins,MIA,15,Denver Broncos,DEN,18,DEN,-1,41.5,33,0,18,15,3,MIA,0,Home,15,18,-3,-1,0
2011-10-30,2011,8,New York Giants,NYG,20,Miami Dolphins,MIA,17,NYG,-10,43.5,37,0,20,17,3,MIA,0,Away,17,20,-3,-10,1
2011-11-06,2011,9,Kansas City Chiefs,KC,3,Miami Dolphins,MIA,31,KC,-4,40.5,34,0,3,31,-28,MIA,0,Away,31,3,28,-4,1
2011-11-13,2011,10,Miami Dolphins,MIA,20,Washington Redskins,WAS,9,MIA,-4,38,29,0,20,9,11,MIA,1,Home,20,9,11,4,1
2011-11-20,2011,11,Miami Dolphins,MIA,35,Buffalo Bills,BUF,8,MIA,-3,44,43,0,35,8,27,MIA,1,Home,35,8,27,3,1
2011-11-24,2011,12,Dallas Cowboys,DAL,20,Miami Dolphins,MIA,19,DAL,-7,46,39,0,20,19,1,MIA,0,Away,19,20,-1,-7,1
2011-12-04,2011,13,Miami Dolphins,MIA,34,Oakland Raiders,OAK,14,MIA,-3,43,48,0,34,14,20,MIA,1,Home,34,14,20,3,1
2011-12-11,2011,14,Miami Dolphins,MIA,10,Philadelphia Eagles,PHI,26,MIA,-3,44.5,36,0,10,26,-16,MIA,1,Home,10,26,-16,3,0
2011-12-18,2011,15,Buffalo Bills,BUF,23,Miami Dolphins,MIA,30,BUF,-1.5,40.5,53,0,23,30,-7,MIA,0,Away,30,23,7,-1.5,1
2011-12-24,2011,16,New England Patriots,NE,27,Miami Dolphins,MIA,24,NE,-7.5,49.5,51,0,27,24,3,MIA,0,Away,24,27,-3,-7.5,1
2012-01-01,2011,17,Miami Dolphins,MIA,19,New York Jets,NYJ,17,MIA,-2,39,36,0,19,17,2,MIA,1,Home,19,17,2,2,0
2012-09-09,2012,1,Houston Texans,HOU,30,Miami Dolphins,MIA,10,HOU,-13.5,41.5,40,0,30,10,20,MIA,0,Away,10,30,-20,-13.5,0
2012-09-16,2012,2,Miami Dolphins,MIA,35,Oakland Raiders,OAK,13,OAK,-2,41,48,0,13,35,-22,MIA,0,Home,35,13,22,-2,1
2012-09-23,2012,3,Miami Dolphins,MIA,20,New York Jets,NYJ,23,NYJ,-3,40.5,43,0,23,20,3,MIA,0,Home,20,23,-3,-3,0
2012-09-30,2012,4,Arizona Cardinals,ARI,24,Miami Dolphins,MIA,21,ARI,-4,39.5,45,0,24,21,3,MIA,0,Away,21,24,-3,-4,1
2012-10-07,2012,5,Cincinnati Bengals,CIN,13,Miami Dolphins,MIA,17,CIN,-3,45,30,0,13,17,-4,MIA,0,Away,17,13,4,-3,1
2012-10-14,2012,6,Miami Dolphins,MIA,17,St. Louis Rams,LAR,14,MIA,-5,38,31,0,17,14,3,MIA,1,Home,17,14,3,5,0
2012-10-28,2012,8,New York Jets,NYJ,9,Miami Dolphins,MIA,30,NYJ,-1,39,39,0,9,30,-21,MIA,0,Away,30,9,21,-1,1
2012-11-04,2012,9,Indianapolis Colts,IND,23,Miami Dolphins,MIA,20,MIA,-2,43.5,43,0,20,23,-3,MIA,1,Away,20,23,-3,2,0
2012-11-11,2012,10,Miami Dolphins,MIA,3,Tennessee Titans,TEN,37,MIA,-7,44,40,0,3,37,-34,MIA,1,Home,3,37,-34,7,0
2012-11-15,2012,11,Buffalo Bills,BUF,19,Miami Dolphins,MIA,14,BUF,-2.5,46,33,0,19,14,5,MIA,0,Away,14,19,-5,-2.5,0
2012-11-25,2012,12,Miami Dolphins,MIA,24,Seattle Seahawks,SEA,21,SEA,-3,38,45,0,21,24,-3,MIA,0,Home,24,21,3,-3,1
2012-12-02,2012,13,Miami Dolphins,MIA,16,New England Patriots,NE,23,NE,-9,51.5,39,0,23,16,7,MIA,0,Home,16,23,-7,-9,1
2012-12-09,2012,14,San Francisco 49ers,SF,27,Miami Dolphins,MIA,13,SF,-10.5,38.5,40,0,27,13,14,MIA,0,Away,13,27,-14,-10.5,0
2012-12-16,2012,15,Miami Dolphins,MIA,24,Jacksonville Jaguars,JAX,3,MIA,-7.5,38,27,0,24,3,21,MIA,1,Home,24,3,21,7.5,1
2012-12-23,2012,16,Miami Dolphins,MIA,24,Buffalo Bills,BUF,10,MIA,-5,43,34,0,24,10,14,MIA,1,Home,24,10,14,5,1
2012-12-30,2012,17,New England Patriots,NE,28,Miami Dolphins,MIA,0,NE,-10,46.5,28,0,28,0,28,MIA,0,Away,0,28,-28,-10,0
2013-09-08,2013,1,Cleveland Browns,CLE,10,Miami Dolphins,MIA,23,CLE,-2.5,40.5,33,0,10,23,-13,MIA,0,Away,23,10,13,-2.5,1
2013-09-15,2013,2,Indianapolis Colts,IND,20,Miami Dolphins,MIA,24,IND,-3,44,44,0,20,24,-4,MIA,0,Away,24,20,4,-3,1
2013-09-22,2013,3,Miami Dolphins,MIA,27,Atlanta Falcons,ATL,23,MIA,-2.5,46,50,0,27,23,4,MIA,1,Home,27,23,4,2.5,1
2013-09-30,2013,4,New Orleans Saints,NO,38,Miami Dolphins,MIA,17,NO,-7.5,49,55,0,38,17,21,MIA,0,Away,17,38,-21,-7.5,0
2013-10-06,2013,5,Miami Dolphins,MIA,23,Baltimore Ravens,BAL,26,MIA,-2.5,43,49,0,23,26,-3,MIA,1,Home,23,26,-3,2.5,0
2013-10-20,2013,7,Miami Dolphins,MIA,21,Buffalo Bills,BUF,23,MIA,-6.5,44.5,44,0,21,23,-2,MIA,1,Home,21,23,-2,6.5,0
2013-10-27,2013,8,New England Patriots,NE,27,Miami Dolphins,MIA,17,NE,-5.5,45,44,0,27,17,10,MIA,0,Away,17,27,-10,-5.5,0
2013-10-31,2013,9,Miami Dolphins,MIA,22,Cincinnati Bengals,CIN,20,CIN,-3,42,42,0,20,22,-2,MIA,0,Home,22,20,2,-3,1
2013-11-11,2013,10,Tampa Bay Buccaneers,TB,22,Miami Dolphins,MIA,19,MIA,-2.5,39.5,41,0,19,22,-3,MIA,1,Away,19,22,-3,2.5,0
2013-11-17,2013,11,Miami Dolphins,MIA,20,San Diego Chargers,LAC,16,LAC,-3,44.5,36,0,16,20,-4,MIA,0,Home,20,16,4,-3,1
2013-11-24,2013,12,Miami Dolphins,MIA,16,Carolina Panthers,CAR,20,CAR,-4,40.5,36,0,20,16,4,MIA,0,Home,16,20,-4,-4,0
2013-12-01,2013,13,New York Jets,NYJ,3,Miami Dolphins,MIA,23,NYJ,-2,40.5,26,0,3,23,-20,MIA,0,Away,23,3,20,-2,1
2013-12-08,2013,14,Pittsburgh Steelers,PIT,28,Miami Dolphins,MIA,34,PIT,-3,41,62,0,28,34,-6,MIA,0,Away,34,28,6,-3,1
2013-12-15,2013,15,Miami Dolphins,MIA,24,New England Patriots,NE,20,MIA,-2.5,46.5,44,0,24,20,4,MIA,1,Home,24,20,4,2.5,1
2013-12-22,2013,16,Buffalo Bills,BUF,19,Miami Dolphins,MIA,0,MIA,-1.5,42.5,19,0,0,19,-19,MIA,1,Away,0,19,-19,1.5,0
2013-12-29,2013,17,Miami Dolphins,MIA,7,New York Jets,NYJ,20,MIA,-7,41,27,0,7,20,-13,MIA,1,Home,7,20,-13,7,0
2014-09-07,2014,1,Miami Dolphins,MIA,33,New England Patriots,NE,20,NE,-3.5,46.5,53,0,20,33,-13,MIA,0,Home,33,20,13,-3.5,1
2014-09-14,2014,2,Buffalo Bills,BUF,29,Miami Dolphins,MIA,10,BUF,-1,43,39,0,29,10,19,MIA,0,Away,10,29,-19,-1,0
2014-09-21,2014,3,Miami Dolphins,MIA,15,Kansas City Chiefs,KC,34,MIA,-6,42.5,49,0,15,34,-19,MIA,1,Home,15,34,-19,6,0
2014-10-12,2014,6,Miami Dolphins,MIA,24,Green Bay Packers,GB,27,GB,-1.5,47,51,0,27,24,3,MIA,0,Home,24,27,-3,-1.5,0
2014-10-19,2014,7,Chicago Bears,CHI,14,Miami Dolphins,MIA,27,CHI,-3,48,41,0,14,27,-13,MIA,0,Away,27,14,13,-3,1
2014-10-26,2014,8,Jacksonville Jaguars,JAX,13,Miami Dolphins,MIA,27,MIA,-7,42,40,0,27,13,14,MIA,1,Away,27,13,14,7,1
2014-11-02,2014,9,Miami Dolphins,MIA,37,San Diego Chargers,LAC,0,MIA,-3,45,37,0,37,0,37,MIA,1,Home,37,0,37,3,1
2014-11-09,2014,10,Detroit Lions,DET,20,Miami Dolphins,MIA,16,DET,-3,43,36,0,20,16,4,MIA,0,Away,16,20,-4,-3,0
2014-11-13,2014,11,Miami Dolphins,MIA,22,Buffalo Bills,BUF,9,MIA,-4,41,31,0,22,9,13,MIA,1,Home,22,9,13,4,1
2014-11-23,2014,12,Denver Broncos,DEN,39,Miami Dolphins,MIA,36,DEN,-6.5,47.5,75,0,39,36,3,MIA,0,Away,36,39,-3,-6.5,1
2014-12-01,2014,13,New York Jets,NYJ,13,Miami Dolphins,MIA,16,MIA,-6.5,41.5,29,0,16,13,3,MIA,1,Away,16,13,3,6.5,0
2014-12-07,2014,14,Miami Dolphins,MIA,13,Baltimore Ravens,BAL,28,MIA,-3,45,41,0,13,28,-15,MIA,1,Home,13,28,-15,3,0
2014-12-14,2014,15,New England Patriots,NE,41,Miami Dolphins,MIA,13,NE,-9.5,48,54,0,41,13,28,MIA,0,Away,13,41,-28,-9.5,0
2014-12-21,2014,16,Miami Dolphins,MIA,37,Minnesota Vikings,MIN,35,MIA,-4.5,42.5,72,0,37,35,2,MIA,1,Home,37,35,2,4.5,0
2014-12-28,2014,17,Miami Dolphins,MIA,24,New York Jets,NYJ,37,MIA,-7,41,61,0,24,37,-13,MIA,1,Home,24,37,-13,7,0
2015-09-13,2015,1,Washington Redskins,WAS,10,Miami Dolphins,MIA,17,MIA,-4,45.5,27,0,17,10,7,MIA,1,Away,17,10,7,4,1
2015-09-20,2015,2,Jacksonville Jaguars,JAX,23,Miami Dolphins,MIA,20,MIA,-6,42,43,0,20,23,-3,MIA,1,Away,20,23,-3,6,0
2015-09-27,2015,3,Miami Dolphins,MIA,14,Buffalo Bills,BUF,41,MIA,-1,43.5,55,0,14,41,-27,MIA,1,Home,14,41,-27,1,0
2015-10-18,2015,6,Tennessee Titans,TEN,10,Miami Dolphins,MIA,38,TEN,-2.5,43.5,48,0,10,38,-28,MIA,0,Away,38,10,28,-2.5,1
2015-10-25,2015,7,Miami Dolphins,MIA,44,Houston Texans,HOU,26,MIA,-4.5,45.5,70,0,44,26,18,MIA,1,Home,44,26,18,4.5,1
2015-10-29,2015,8,New England Patriots,NE,36,Miami Dolphins,MIA,7,NE,-8,51.5,43,0,36,7,29,MIA,0,Away,7,36,-29,-8,0
2015-11-08,2015,9,Buffalo Bills,BUF,33,Miami Dolphins,MIA,17,BUF,-4,44,50,0,33,17,16,MIA,0,Away,17,33,-16,-4,0
2015-11-15,2015,10,Philadelphia Eagles,PHI,19,Miami Dolphins,MIA,20,PHI,-6,49.5,39,0,19,20,-1,MIA,0,Away,20,19,1,-6,1
2015-11-22,2015,11,Miami Dolphins,MIA,14,Dallas Cowboys,DAL,24,DAL,-2,45,38,0,24,14,10,MIA,0,Home,14,24,-10,-2,0
2015-11-29,2015,12,New York Jets,NYJ,38,Miami Dolphins,MIA,20,NYJ,-4.5,43.5,58,0,38,20,18,MIA,0,Away,20,38,-18,-4.5,0
2015-12-06,2015,13,Miami Dolphins,MIA,15,Baltimore Ravens,BAL,13,MIA,-3.5,43,28,0,15,13,2,MIA,1,Home,15,13,2,3.5,0
2015-12-14,2015,14,Miami Dolphins,MIA,24,New York Giants,NYG,31,NYG,-2,48,55,0,31,24,7,MIA,0,Home,24,31,-7,-2,0
2015-12-20,2015,15,San Diego Chargers,LAC,30,Miami Dolphins,MIA,14,LAC,-1,47,44,0,30,14,16,MIA,0,Away,14,30,-16,-1,0
2015-12-27,2015,16,Miami Dolphins,MIA,12,Indianapolis Colts,IND,18,MIA,-2.5,44,30,0,12,18,-6,MIA,1,Home,12,18,-6,2.5,0
2016-01-03,2015,17,Miami Dolphins,MIA,20,New England Patriots,NE,10,NE,-10,46.5,30,0,10,20,-10,MIA,0,Home,20,10,10,-10,1
2016-09-11,2016,1,Seattle Seahawks,SEA,12,Miami Dolphins,MIA,10,SEA,-10.5,44,22,0,12,10,2,MIA,0,Away,10,12,-2,-10.5,1
2016-09-18,2016,2,New England Patriots,NE,31,Miami Dolphins,MIA,24,NE,-5.5,42,55,0,31,24,7,MIA,0,Away,24,31,-7,-5.5,0
2016-09-25,2016,3,Miami Dolphins,MIA,30,Cleveland Browns,CLE,24,MIA,-10,42.5,54,0,30,24,6,MIA,1,Home,30,24,6,10,0
2016-09-29,2016,4,Cincinnati Bengals,CIN,22,Miami Dolphins,MIA,7,CIN,-7.5,46.5,29,0,22,7,15,MIA,0,Away,7,22,-15,-7.5,0
2016-10-09,2016,5,Miami Dolphins,MIA,17,Tennessee Titans,TEN,30,MIA,-2.5,44.5,47,0,17,30,-13,MIA,1,Home,17,30,-13,2.5,0
2016-10-16,2016,6,Miami Dolphins,MIA,30,Pittsburgh Steelers,PIT,15,PIT,-7.5,49.5,45,0,15,30,-15,MIA,0,Home,30,15,15,-7.5,1
2016-10-23,2016,7,Miami Dolphins,MIA,28,Buffalo Bills,BUF,25,BUF,-2.5,46,53,0,25,28,-3,MIA,0,Home,28,25,3,-2.5,1
2016-11-06,2016,9,Miami Dolphins,MIA,27,New York Jets,NYJ,23,MIA,-3.5,45,50,0,27,23,4,MIA,1,Home,27,23,4,3.5,1
2016-11-13,2016,10,San Diego Chargers,LAC,24,Miami Dolphins,MIA,31,LAC,-4.5,49,55,0,24,31,-7,MIA,0,Away,31,24,7,-4.5,1
2016-11-20,2016,11,Los Angeles Rams,LAR,10,Miami Dolphins,MIA,14,MIA,-1,38.5,24,0,14,10,4,MIA,1,Away,14,10,4,1,1
2016-11-27,2016,12,Miami Dolphins,MIA,31,San Francisco 49ers,SF,24,MIA,-7,45,55,0,31,24,7,MIA,1,Home,31,24,7,7,0
2016-12-04,2016,13,Baltimore Ravens,BAL,38,Miami Dolphins,MIA,6,BAL,-3.5,41.5,44,0,38,6,32,MIA,0,Away,6,38,-32,-3.5,0
2016-12-11,2016,14,Miami Dolphins,MIA,26,Arizona Cardinals,ARI,23,ARI,-2,44,49,0,23,26,-3,MIA,0,Home,26,23,3,-2,1
2016-12-17,2016,15,New York Jets,NYJ,13,Miami Dolphins,MIA,34,MIA,-2.5,40,47,0,34,13,21,MIA,1,Away,34,13,21,2.5,1
2016-12-24,2016,16,Buffalo Bills,BUF,31,Miami Dolphins,MIA,34,BUF,-4.5,44.5,65,0,31,34,-3,MIA,0,Away,34,31,3,-4.5,1
2017-01-01,2016,17,Miami Dolphins,MIA,14,New England Patriots,NE,35,NE,-7.5,47,49,0,35,14,21,MIA,0,Home,14,35,-21,-7.5,0
2017-09-17,2017,2,Los Angeles Chargers,LAC,17,Miami Dolphins,MIA,19,LAC,-4.5,45,36,0,17,19,-2,MIA,0,Away,19,17,2,-4.5,1
2017-09-24,2017,3,New York Jets,NYJ,20,Miami Dolphins,MIA,6,MIA,-5.5,43,26,0,6,20,-14,MIA,1,Away,6,20,-14,5.5,0
2017-10-08,2017,5,Miami Dolphins,MIA,16,Tennessee Titans,TEN,10,TEN,-3,43.5,26,0,10,16,-6,MIA,0,Home,16,10,6,-3,1
2017-10-15,2017,6,Atlanta Falcons,ATL,17,Miami Dolphins,MIA,20,ATL,-13.5,45.5,37,0,17,20,-3,MIA,0,Away,20,17,3,-13.5,1
2017-10-22,2017,7,Miami Dolphins,MIA,31,New York Jets,NYJ,28,MIA,-3,39.5,59,0,31,28,3,MIA,1,Home,31,28,3,3,0
2017-10-26,2017,8,Baltimore Ravens,BAL,40,Miami Dolphins,MIA,0,BAL,-3,37.5,40,0,40,0,40,MIA,0,Away,0,40,-40,-3,0
2017-11-05,2017,9,Miami Dolphins,MIA,24,Oakland Raiders,OAK,27,OAK,-3,44.5,51,0,27,24,3,MIA,0,Home,24,27,-3,-3,0
2017-11-13,2017,10,Carolina Panthers,CAR,45,Miami Dolphins,MIA,21,CAR,-8,38.5,66,0,45,21,24,MIA,0,Away,21,45,-24,-8,0
2017-11-19,2017,11,Miami Dolphins,MIA,20,Tampa Bay Buccaneers,TB,30,TB,-1,42,50,0,30,20,10,MIA,0,Home,20,30,-10,-1,0
2017-11-26,2017,12,New England Patriots,NE,35,Miami Dolphins,MIA,17,NE,-16.5,47.5,52,0,35,17,18,MIA,0,Away,17,35,-18,-16.5,0
2017-12-03,2017,13,Miami Dolphins,MIA,35,Denver Broncos,DEN,9,DEN,-1.5,39.5,44,0,9,35,-26,MIA,0,Home,35,9,26,-1.5,1
2017-12-11,2017,14,Miami Dolphins,MIA,27,New England Patriots,NE,20,NE,-10.5,48,47,0,20,27,-7,MIA,0,Home,27,20,7,-10.5,1
2017-12-17,2017,15,Buffalo Bills,BUF,24,Miami Dolphins,MIA,16,BUF,-3.5,39.5,40,0,24,16,8,MIA,0,Away,16,24,-8,-3.5,0
2017-12-24,2017,16,Kansas City Chiefs,KC,29,Miami Dolphins,MIA,13,KC,-11,43.5,42,0,29,13,16,MIA,0,Away,13,29,-16,-11,0
2017-12-31,2017,17,Miami Dolphins,MIA,16,Buffalo Bills,BUF,22,BUF,-2.5,41.5,38,0,22,16,6,MIA,0,Home,16,22,-6,-2.5,0
2018-09-09,2018,1,Miami Dolphins,MIA,27,Tennessee Titans,TEN,20,TEN,-1,43.5,47,0,20,27,-7,MIA,0,Home,27,20,7,-1,1
2018-09-16,2018,2,New York Jets,NYJ,12,Miami Dolphins,MIA,20,NYJ,-3,43,32,0,12,20,-8,MIA,0,Away,20,12,8,-3,1
2018-09-23,2018,3,Miami Dolphins,MIA,28,Oakland Raiders,OAK,20,MIA,-3,46,48,0,28,20,8,MIA,1,Home,28,20,8,3,1
2018-09-30,2018,4,New England Patriots,NE,38,Miami Dolphins,MIA,7,NE,-6.5,50.5,45,0,38,7,31,MIA,0,Away,7,38,-31,-6.5,0
2018-10-07,2018,5,Cincinnati Bengals,CIN,27,Miami Dolphins,MIA,17,CIN,-6.5,47.5,44,0,27,17,10,MIA,0,Away,17,27,-10,-6.5,0
2018-10-14,2018,6,Miami Dolphins,MIA,31,Chicago Bears,CHI,28,CHI,-7.5,40.5,59,0,28,31,-3,MIA,0,Home,31,28,3,-7.5,1
2018-10-21,2018,7,Miami Dolphins,MIA,21,Detroit Lions,DET,32,DET,-3,47,53,0,32,21,11,MIA,0,Home,21,32,-11,-3,0
2018-10-25,2018,8,Houston Texans,HOU,42,Miami Dolphins,MIA,23,HOU,-7.5,45,65,0,42,23,19,MIA,0,Away,23,42,-19,-7.5,0
2018-11-04,2018,9,Miami Dolphins,MIA,13,New York Jets,NYJ,6,MIA,-3,43,19,0,13,6,7,MIA,1,Home,13,6,7,3,1
2018-11-11,2018,10,Green Bay Packers,GB,31,Miami Dolphins,MIA,12,GB,-11,48.5,43,0,31,12,19,MIA,0,Away,12,31,-19,-11,0
2018-11-25,2018,12,Indianapolis Colts,IND,27,Miami Dolphins,MIA,24,IND,-9,52.5,51,0,27,24,3,MIA,0,Away,24,27,-3,-9,1
2018-12-02,2018,13,Miami Dolphins,MIA,21,Buffalo Bills,BUF,17,MIA,-3.5,40,38,0,21,17,4,MIA,1,Home,21,17,4,3.5,1
2018-12-09,2018,14,Miami Dolphins,MIA,34,New England Patriots,NE,33,NE,-9.5,49.5,67,0,33,34,-1,MIA,0,Home,34,33,1,-9.5,1
2018-12-16,2018,15,Minnesota Vikings,MIN,41,Miami Dolphins,MIA,17,MIN,-7.5,45,58,0,41,17,24,MIA,0,Away,17,41,-24,-7.5,0
2018-12-23,2018,16,Miami Dolphins,MIA,7,Jacksonville Jaguars,JAX,17,MIA,-3,39.5,24,0,7,17,-10,MIA,1,Home,7,17,-10,3,0
2018-12-30,2018,17,Buffalo Bills,BUF,42,Miami Dolphins,MIA,17,BUF,-5.5,39.5,59,0,42,17,25,MIA,0,Away,17,42,-25,-5.5,0
2019-09-08,2019,1,Miami Dolphins,MIA,10,Baltimore Ravens,BAL,59,BAL,-7,40.5,69,0,59,10,49,MIA,0,Home,10,59,-49,-7,0
2019-09-15,2019,2,Miami Dolphins,MIA,0,New England Patriots,NE,43,NE,-18,48.5,43,0,43,0,43,MIA,0,Home,0,43,-43,-18,0
2019-09-22,2019,3,Dallas Cowboys,DAL,31,Miami Dolphins,MIA,6,DAL,-21.5,46.5,37,0,31,6,25,MIA,0,Away,6,31,-25,-21.5,0
2019-09-29,2019,4,Miami Dolphins,MIA,10,Los Angeles Chargers,LAC,30,LAC,-15,43.5,40,0,30,10,20,MIA,0,Home,10,30,-20,-15,0
2019-10-13,2019,6,Miami Dolphins,MIA,16,Washington Redskins,WAS,17,WAS,-5.5,42.5,33,0,17,16,1,MIA,0,Home,16,17,-1,-5.5,1
2019-10-20,2019,7,Buffalo Bills,BUF,31,Miami Dolphins,MIA,21,BUF,-17,42.5,52,0,31,21,10,MIA,0,Away,21,31,-10,-17,1
2019-10-28,2019,8,Pittsburgh Steelers,PIT,27,Miami Dolphins,MIA,14,PIT,-14,44,41,0,27,14,13,MIA,0,Away,14,27,-13,-14,1
2019-11-03,2019,9,Miami Dolphins,MIA,26,New York Jets,NYJ,18,NYJ,-3,42.5,44,0,18,26,-8,MIA,0,Home,26,18,8,-3,1
2019-11-10,2019,10,Indianapolis Colts,IND,12,Miami Dolphins,MIA,16,IND,-11,44,28,0,12,16,-4,MIA,0,Away,16,12,4,-11,1
2019-11-17,2019,11,Miami Dolphins,MIA,20,Buffalo Bills,BUF,37,BUF,-7,41,57,0,37,20,17,MIA,0,Home,20,37,-17,-7,0
2019-11-24,2019,12,Cleveland Browns,CLE,41,Miami Dolphins,MIA,24,CLE,-11,46,65,0,41,24,17,MIA,0,Away,24,41,-17,-11,0
2019-12-01,2019,13,Miami Dolphins,MIA,37,Philadelphia Eagles,PHI,31,PHI,-10,44.5,68,0,31,37,-6,MIA,0,Home,37,31,6,-10,1
2019-12-08,2019,14,New York Jets,NYJ,22,Miami Dolphins,MIA,21,NYJ,-5,47,43,0,22,21,1,MIA,0,Away,21,22,-1,-5,1
2019-12-15,2019,15,New York Giants,NYG,36,Miami Dolphins,MIA,20,NYG,-3.5,46.5,56,0,36,20,16,MIA,0,Away,20,36,-16,-3.5,0
2019-12-22,2019,16,Miami Dolphins,MIA,38,Cincinnati Bengals,CIN,35,CIN,-1.5,45,73,0,35,38,-3,MIA,0,Home,38,35,3,-1.5,1
2019-12-29,2019,17,New England Patriots,NE,24,Miami Dolphins,MIA,27,NE,-17,45.5,51,0,24,27,-3,MIA,0,Away,27,24,3,-17,1
2000-09-03,2000,1,Minnesota Vikings,MIN,30,Chicago Bears,CHI,27,MIN,-4.5,46.5,57,0,30,27,3,MIN,1,Home,30,27,3,4.5,0
2000-09-10,2000,2,Minnesota Vikings,MIN,13,Miami Dolphins,MIA,7,MIN,-3,42.5,20,0,13,7,6,MIN,1,Home,13,7,6,3,1
2000-09-17,2000,3,New England Patriots,NE,13,Minnesota Vikings,MIN,21,NE,-1.5,42.5,34,0,13,21,-8,MIN,0,Away,21,13,8,-1.5,1
2000-10-01,2000,5,Detroit Lions,DET,24,Minnesota Vikings,MIN,31,DET,-1,42.5,55,0,24,31,-7,MIN,0,Away,31,24,7,-1,1
2000-10-09,2000,6,Minnesota Vikings,MIN,30,Tampa Bay Buccaneers,TB,23,MIN,-1,39,53,0,30,23,7,MIN,1,Home,30,23,7,1,1
2000-10-15,2000,7,Chicago Bears,CHI,16,Minnesota Vikings,MIN,28,MIN,-6,44,44,0,28,16,12,MIN,1,Away,28,16,12,6,1
2000-10-22,2000,8,Minnesota Vikings,MIN,31,Buffalo Bills,BUF,27,MIN,-6.5,44.5,58,0,31,27,4,MIN,1,Home,31,27,4,6.5,0
2000-10-29,2000,9,Tampa Bay Buccaneers,TB,41,Minnesota Vikings,MIN,13,TB,-3,41,54,0,41,13,28,MIN,0,Away,13,41,-28,-3,0
2000-11-06,2000,10,Green Bay Packers,GB,26,Minnesota Vikings,MIN,20,MIN,-3.5,47.5,46,0,20,26,-6,MIN,1,Away,20,26,-6,3.5,0
2000-11-12,2000,11,Minnesota Vikings,MIN,31,Arizona Cardinals,ARI,14,MIN,-12.5,46,45,0,31,14,17,MIN,1,Home,31,14,17,12.5,1
2000-11-19,2000,12,Minnesota Vikings,MIN,31,Carolina Panthers,CAR,17,MIN,-9.5,46.5,48,0,31,17,14,MIN,1,Home,31,17,14,9.5,1
2000-11-23,2000,13,Dallas Cowboys,DAL,15,Minnesota Vikings,MIN,27,MIN,-7,48,42,0,27,15,12,MIN,1,Away,27,15,12,7,1
2000-11-30,2000,14,Minnesota Vikings,MIN,24,Detroit Lions,DET,17,MIN,-9,48.5,41,0,24,17,7,MIN,1,Home,24,17,7,9,0
2000-12-10,2000,15,St. Louis Rams,LAR,40,Minnesota Vikings,MIN,29,LAR,-3.5,56.5,69,0,40,29,11,MIN,0,Away,29,40,-11,-3.5,0
2000-12-17,2000,16,Minnesota Vikings,MIN,28,Green Bay Packers,GB,33,MIN,-7.5,49,61,0,28,33,-5,MIN,1,Home,28,33,-5,7.5,0
2000-12-24,2000,17,Indianapolis Colts,IND,31,Minnesota Vikings,MIN,10,IND,-3,53.5,41,0,31,10,21,MIN,0,Away,10,31,-21,-3,0
2001-09-09,2001,1,Minnesota Vikings,MIN,13,Carolina Panthers,CAR,24,MIN,-10,45,37,0,13,24,-11,MIN,1,Home,13,24,-11,10,0
2001-09-23,2001,2,Chicago Bears,CHI,17,Minnesota Vikings,MIN,10,MIN,-3,43.5,27,0,10,17,-7,MIN,1,Away,10,17,-7,3,0
2001-09-30,2001,3,Minnesota Vikings,MIN,20,Tampa Bay Buccaneers,TB,16,TB,-2.5,39,36,0,16,20,-4,MIN,0,Home,20,16,4,-2.5,1
2001-10-07,2001,4,New Orleans Saints,NO,28,Minnesota Vikings,MIN,15,NO,-3.5,44,43,0,28,15,13,MIN,0,Away,15,28,-13,-3.5,0
2001-10-14,2001,5,Minnesota Vikings,MIN,31,Detroit Lions,DET,26,MIN,-10,44,57,0,31,26,5,MIN,1,Home,31,26,5,10,0
2001-10-21,2001,6,Minnesota Vikings,MIN,35,Green Bay Packers,GB,13,GB,-3,47.5,48,0,13,35,-22,MIN,0,Home,35,13,22,-3,1
2001-10-28,2001,7,Tampa Bay Buccaneers,TB,41,Minnesota Vikings,MIN,14,TB,-3,38.5,55,0,41,14,27,MIN,0,Away,14,41,-27,-3,0
2001-11-11,2001,9,Philadelphia Eagles,PHI,48,Minnesota Vikings,MIN,17,PHI,-4.5,41,65,0,48,17,31,MIN,0,Away,17,48,-31,-4.5,0
2001-11-19,2001,10,Minnesota Vikings,MIN,28,New York Giants,NYG,16,MIN,-2,44,44,0,28,16,12,MIN,1,Home,28,16,12,2,1
2001-11-25,2001,11,Minnesota Vikings,MIN,6,Chicago Bears,CHI,13,MIN,-3,45,19,0,6,13,-7,MIN,1,Home,6,13,-7,3,0
2001-12-02,2001,12,Pittsburgh Steelers,PIT,21,Minnesota Vikings,MIN,16,PIT,-7,41,37,0,21,16,5,MIN,0,Away,16,21,-5,-7,1
2001-12-09,2001,13,Minnesota Vikings,MIN,42,Tennessee Titans,TEN,24,TEN,-2.5,42.5,66,0,24,42,-18,MIN,0,Home,42,24,18,-2.5,1
2001-12-16,2001,14,Detroit Lions,DET,27,Minnesota Vikings,MIN,24,MIN,-3,46.5,51,0,24,27,-3,MIN,1,Away,24,27,-3,3,0
2001-12-23,2001,15,Minnesota Vikings,MIN,3,Jacksonville Jaguars,JAX,33,MIN,-2.5,45.5,36,0,3,33,-30,MIN,1,Home,3,33,-30,2.5,0
2001-12-30,2001,16,Green Bay Packers,GB,24,Minnesota Vikings,MIN,13,GB,-12,40,37,0,24,13,11,MIN,0,Away,13,24,-11,-12,1
2002-01-07,2001,17,Baltimore Ravens,BAL,19,Minnesota Vikings,MIN,3,BAL,-10,37.5,22,0,19,3,16,MIN,0,Away,3,19,-16,-10,0
2002-09-08,2002,1,Chicago Bears,CHI,27,Minnesota Vikings,MIN,23,CHI,-4.5,41,50,0,27,23,4,MIN,0,Away,23,27,-4,-4.5,1
2002-09-15,2002,2,Minnesota Vikings,MIN,39,Buffalo Bills,BUF,45,MIN,-3.5,49,84,0,39,45,-6,MIN,1,Home,39,45,-6,3.5,0
2002-09-22,2002,3,Minnesota Vikings,MIN,14,Carolina Panthers,CAR,21,MIN,-6.5,44.5,35,0,14,21,-7,MIN,1,Home,14,21,-7,6.5,0
2002-09-29,2002,4,Seattle Seahawks,SEA,48,Minnesota Vikings,MIN,23,SEA,-3,44,71,0,48,23,25,MIN,0,Away,23,48,-25,-3,0
2002-10-13,2002,6,Minnesota Vikings,MIN,31,Detroit Lions,DET,24,MIN,-4.5,49,55,0,31,24,7,MIN,1,Home,31,24,7,4.5,1
2002-10-20,2002,7,New York Jets,NYJ,20,Minnesota Vikings,MIN,7,NYJ,-3,49,27,0,20,7,13,MIN,0,Away,7,20,-13,-3,0
2002-10-27,2002,8,Minnesota Vikings,MIN,25,Chicago Bears,CHI,7,MIN,-2,46,32,0,25,7,18,MIN,1,Home,25,7,18,2,1
2002-11-03,2002,9,Tampa Bay Buccaneers,TB,38,Minnesota Vikings,MIN,24,TB,-7.5,37,62,0,38,24,14,MIN,0,Away,24,38,-14,-7.5,0
2002-11-10,2002,10,Minnesota Vikings,MIN,20,New York Giants,NYG,27,NYG,-1.5,45,47,0,27,20,7,MIN,0,Home,20,27,-7,-1.5,0
2002-11-17,2002,11,Minnesota Vikings,MIN,31,Green Bay Packers,GB,21,GB,-6.5,50.5,52,0,21,31,-10,MIN,0,Home,31,21,10,-6.5,1
2002-11-24,2002,12,New England Patriots,NE,24,Minnesota Vikings,MIN,17,NE,-8,47,41,0,24,17,7,MIN,0,Away,17,24,-7,-8,1
2002-12-01,2002,13,Minnesota Vikings,MIN,24,Atlanta Falcons,ATL,30,ATL,-3.5,47.5,54,0,30,24,6,MIN,0,Home,24,30,-6,-3.5,0
2002-12-08,2002,14,Green Bay Packers,GB,26,Minnesota Vikings,MIN,22,GB,-9.5,43.5,48,0,26,22,4,MIN,0,Away,22,26,-4,-9.5,1
2002-12-15,2002,15,New Orleans Saints,NO,31,Minnesota Vikings,MIN,32,NO,-7,51,63,0,31,32,-1,MIN,0,Away,32,31,1,-7,1
2002-12-21,2002,16,Minnesota Vikings,MIN,20,Miami Dolphins,MIA,17,MIA,-3,45,37,0,17,20,-3,MIN,0,Home,20,17,3,-3,1
2002-12-29,2002,17,Detroit Lions,DET,36,Minnesota Vikings,MIN,38,MIN,-3.5,47,74,0,38,36,2,MIN,1,Away,38,36,2,3.5,0
2003-09-07,2003,1,Green Bay Packers,GB,25,Minnesota Vikings,MIN,30,GB,-4,47,55,0,25,30,-5,MIN,0,Away,30,25,5,-4,1
2003-09-14,2003,2,Minnesota Vikings,MIN,24,Chicago Bears,CHI,13,MIN,-9,44.5,37,0,24,13,11,MIN,1,Home,24,13,11,9,1
2003-09-21,2003,3,Detroit Lions,DET,13,Minnesota Vikings,MIN,23,MIN,-4,47.5,36,0,23,13,10,MIN,1,Away,23,13,10,4,1
2003-09-28,2003,4,Minnesota Vikings,MIN,35,San Francisco 49ers,SF,7,PICK,0,43,42,0,7,35,-28,MIN,0,Home,35,7,28,0,1
2003-10-05,2003,5,Atlanta Falcons,ATL,26,Minnesota Vikings,MIN,39,MIN,-4.5,43.5,65,0,39,26,13,MIN,1,Away,39,26,13,4.5,1
2003-10-19,2003,7,Minnesota Vikings,MIN,28,Denver Broncos,DEN,20,MIN,-4,44,48,0,28,20,8,MIN,1,Home,28,20,8,4,1
2003-10-26,2003,8,Minnesota Vikings,MIN,17,New York Giants,NYG,29,MIN,-5.5,44.5,46,0,17,29,-12,MIN,1,Home,17,29,-12,5.5,0
2003-11-02,2003,9,Minnesota Vikings,MIN,27,Green Bay Packers,GB,30,MIN,-5.5,49,57,0,27,30,-3,MIN,1,Home,27,30,-3,5.5,0
2003-11-09,2003,10,San Diego Chargers,LAC,42,Minnesota Vikings,MIN,28,MIN,-5.5,45,70,0,28,42,-14,MIN,1,Away,28,42,-14,5.5,0
2003-11-16,2003,11,Oakland Raiders,OAK,28,Minnesota Vikings,MIN,18,MIN,-4.5,46,46,0,18,28,-10,MIN,1,Away,18,28,-10,4.5,0
2003-11-23,2003,12,Minnesota Vikings,MIN,24,Detroit Lions,DET,14,MIN,-10.5,47.5,38,0,24,14,10,MIN,1,Home,24,14,10,10.5,0
2003-11-30,2003,13,St. Louis Rams,LAR,48,Minnesota Vikings,MIN,17,LAR,-6,51,65,0,48,17,31,MIN,0,Away,17,48,-31,-6,0
2003-12-07,2003,14,Minnesota Vikings,MIN,34,Seattle Seahawks,SEA,7,SEA,-1,52.5,41,0,7,34,-27,MIN,0,Home,34,7,27,-1,1
2003-12-14,2003,15,Chicago Bears,CHI,13,Minnesota Vikings,MIN,10,MIN,-3,39.5,23,0,10,13,-3,MIN,1,Away,10,13,-3,3,0
2003-12-20,2003,16,Minnesota Vikings,MIN,45,Kansas City Chiefs,KC,20,KC,-3,54,65,0,20,45,-25,MIN,0,Home,45,20,25,-3,1
2003-12-28,2003,17,Arizona Cardinals,ARI,18,Minnesota Vikings,MIN,17,MIN,-7.5,45.5,35,0,17,18,-1,MIN,1,Away,17,18,-1,7.5,0
2004-09-12,2004,1,Minnesota Vikings,MIN,35,Dallas Cowboys,DAL,17,MIN,-6.5,44,52,0,35,17,18,MIN,1,Home,35,17,18,6.5,1
2004-09-20,2004,2,Philadelphia Eagles,PHI,27,Minnesota Vikings,MIN,16,PHI,-3,51,43,0,27,16,11,MIN,0,Away,16,27,-11,-3,0
2004-09-26,2004,3,Minnesota Vikings,MIN,27,Chicago Bears,CHI,22,MIN,-12,45,49,0,27,22,5,MIN,1,Home,27,22,5,12,0
2004-10-10,2004,5,Houston Texans,HOU,28,Minnesota Vikings,MIN,34,MIN,-3.5,50,62,0,34,28,6,MIN,1,Away,34,28,6,3.5,1
2004-10-17,2004,6,New Orleans Saints,NO,31,Minnesota Vikings,MIN,38,MIN,-3.5,53,69,0,38,31,7,MIN,1,Away,38,31,7,3.5,1
2004-10-24,2004,7,Minnesota Vikings,MIN,20,Tennessee Titans,TEN,3,MIN,-6,53,23,0,20,3,17,MIN,1,Home,20,3,17,6,1
2004-10-31,2004,8,Minnesota Vikings,MIN,13,New York Giants,NYG,34,MIN,-6.5,48.5,47,0,13,34,-21,MIN,1,Home,13,34,-21,6.5,0
2004-11-08,2004,9,Indianapolis Colts,IND,31,Minnesota Vikings,MIN,28,IND,-7,58,59,0,31,28,3,MIN,0,Away,28,31,-3,-7,1
2004-11-14,2004,10,Green Bay Packers,GB,34,Minnesota Vikings,MIN,31,GB,-4.5,50,65,0,34,31,3,MIN,0,Away,31,34,-3,-4.5,1
2004-11-21,2004,11,Minnesota Vikings,MIN,22,Detroit Lions,DET,19,MIN,-8,48,41,0,22,19,3,MIN,1,Home,22,19,3,8,0
2004-11-28,2004,12,Minnesota Vikings,MIN,27,Jacksonville Jaguars,JAX,16,MIN,-6,45.5,43,0,27,16,11,MIN,1,Home,27,16,11,6,1
2004-12-05,2004,13,Chicago Bears,CHI,24,Minnesota Vikings,MIN,14,MIN,-7,40.5,38,0,14,24,-10,MIN,1,Away,14,24,-10,7,0
2004-12-12,2004,14,Minnesota Vikings,MIN,23,Seattle Seahawks,SEA,27,MIN,-6.5,54,50,0,23,27,-4,MIN,1,Home,23,27,-4,6.5,0
2004-12-19,2004,15,Detroit Lions,DET,27,Minnesota Vikings,MIN,28,MIN,-3,48.5,55,0,28,27,1,MIN,1,Away,28,27,1,3,0
2004-12-24,2004,16,Minnesota Vikings,MIN,31,Green Bay Packers,GB,34,MIN,-3.5,56,65,0,31,34,-3,MIN,1,Home,31,34,-3,3.5,0
2005-01-02,2004,17,Washington Redskins,WAS,21,Minnesota Vikings,MIN,18,MIN,-4,41,39,0,18,21,-3,MIN,1,Away,18,21,-3,4,0
2005-09-11,2005,1,Minnesota Vikings,MIN,13,Tampa Bay Buccaneers,TB,24,MIN,-6,43.5,37,0,13,24,-11,MIN,1,Home,13,24,-11,6,0
2005-09-18,2005,2,Cincinnati Bengals,CIN,37,Minnesota Vikings,MIN,8,CIN,-3,47,45,0,37,8,29,MIN,0,Away,8,37,-29,-3,0
2005-09-25,2005,3,Minnesota Vikings,MIN,33,New Orleans Saints,NO,16,MIN,-3.5,44.5,49,0,33,16,17,MIN,1,Home,33,16,17,3.5,1
2005-10-02,2005,4,Atlanta Falcons,ATL,30,Minnesota Vikings,MIN,10,ATL,-6,44.5,40,0,30,10,20,MIN,0,Away,10,30,-20,-6,0
2005-10-16,2005,6,Chicago Bears,CHI,28,Minnesota Vikings,MIN,3,CHI,-2,37.5,31,0,28,3,25,MIN,0,Away,3,28,-25,-2,0
2005-10-23,2005,7,Minnesota Vikings,MIN,23,Green Bay Packers,GB,20,MIN,-2,46,43,0,23,20,3,MIN,1,Home,23,20,3,2,1
2005-10-30,2005,8,Carolina Panthers,CAR,38,Minnesota Vikings,MIN,13,CAR,-8,44,51,0,38,13,25,MIN,0,Away,13,38,-25,-8,0
2005-11-06,2005,9,Minnesota Vikings,MIN,27,Detroit Lions,DET,14,DET,-1.5,37.5,41,0,14,27,-13,MIN,0,Home,27,14,13,-1.5,1
2005-11-13,2005,10,New York Giants,NYG,21,Minnesota Vikings,MIN,24,NYG,-10,45,45,0,21,24,-3,MIN,0,Away,24,21,3,-10,1
2005-11-21,2005,11,Green Bay Packers,GB,17,Minnesota Vikings,MIN,20,GB,-3.5,45,37,0,17,20,-3,MIN,0,Away,20,17,3,-3.5,1
2005-11-27,2005,12,Minnesota Vikings,MIN,24,Cleveland Browns,CLE,12,MIN,-3.5,40,36,0,24,12,12,MIN,1,Home,24,12,12,3.5,1
2005-12-04,2005,13,Detroit Lions,DET,16,Minnesota Vikings,MIN,21,MIN,-3,38,37,0,21,16,5,MIN,1,Away,21,16,5,3,1
2005-12-11,2005,14,Minnesota Vikings,MIN,27,St. Louis Rams,LAR,13,MIN,-7,45.5,40,0,27,13,14,MIN,1,Home,27,13,14,7,1
2005-12-18,2005,15,Minnesota Vikings,MIN,3,Pittsburgh Steelers,PIT,18,PIT,-3,41.5,21,0,18,3,15,MIN,0,Home,3,18,-15,-3,0
2005-12-25,2005,16,Baltimore Ravens,BAL,30,Minnesota Vikings,MIN,23,BAL,-2.5,34,53,0,30,23,7,MIN,0,Away,23,30,-7,-2.5,0
2006-01-01,2005,17,Minnesota Vikings,MIN,34,Chicago Bears,CHI,10,MIN,-3,35,44,0,34,10,24,MIN,1,Home,34,10,24,3,1
2006-09-11,2006,1,Washington Redskins,WAS,16,Minnesota Vikings,MIN,19,WAS,-4,35.5,35,0,16,19,-3,MIN,0,Away,19,16,3,-4,1
2006-09-17,2006,2,Minnesota Vikings,MIN,16,Carolina Panthers,CAR,13,MIN,-2,37.5,29,0,16,13,3,MIN,1,Home,16,13,3,2,1
2006-09-24,2006,3,Minnesota Vikings,MIN,16,Chicago Bears,CHI,19,CHI,-3.5,35,35,0,19,16,3,MIN,0,Home,16,19,-3,-3.5,1
2006-10-01,2006,4,Buffalo Bills,BUF,17,Minnesota Vikings,MIN,12,BUF,-1,34.5,29,0,17,12,5,MIN,0,Away,12,17,-5,-1,0
2006-10-08,2006,5,Minnesota Vikings,MIN,26,Detroit Lions,DET,17,MIN,-6,41,43,0,26,17,9,MIN,1,Home,26,17,9,6,1
2006-10-22,2006,7,Seattle Seahawks,SEA,13,Minnesota Vikings,MIN,31,SEA,-7,40.5,44,0,13,31,-18,MIN,0,Away,31,13,18,-7,1
2006-10-30,2006,8,Minnesota Vikings,MIN,7,New England Patriots,NE,31,NE,-2.5,39.5,38,0,31,7,24,MIN,0,Home,7,31,-24,-2.5,0
2006-11-05,2006,9,San Francisco 49ers,SF,9,Minnesota Vikings,MIN,3,MIN,-4,43,12,0,3,9,-6,MIN,1,Away,3,9,-6,4,0
2006-11-12,2006,10,Minnesota Vikings,MIN,17,Green Bay Packers,GB,23,MIN,-5,40.5,40,0,17,23,-6,MIN,1,Home,17,23,-6,5,0
2006-11-19,2006,11,Miami Dolphins,MIA,24,Minnesota Vikings,MIN,20,MIA,-3,33.5,44,0,24,20,4,MIN,0,Away,20,24,-4,-3,0
2006-11-26,2006,12,Minnesota Vikings,MIN,31,Arizona Cardinals,ARI,26,MIN,-6,39,57,0,31,26,5,MIN,1,Home,31,26,5,6,0
2006-12-03,2006,13,Chicago Bears,CHI,23,Minnesota Vikings,MIN,13,CHI,-9,34.5,36,0,23,13,10,MIN,0,Away,13,23,-10,-9,0
2006-12-10,2006,14,Detroit Lions,DET,20,Minnesota Vikings,MIN,30,DET,-1,40,50,0,20,30,-10,MIN,0,Away,30,20,10,-1,1
2006-12-17,2006,15,Minnesota Vikings,MIN,13,New York Jets,NYJ,26,MIN,-3,40.5,39,0,13,26,-13,MIN,1,Home,13,26,-13,3,0
2006-12-21,2006,16,Green Bay Packers,GB,9,Minnesota Vikings,MIN,7,GB,-4,38.5,16,0,9,7,2,MIN,0,Away,7,9,-2,-4,1
2006-12-31,2006,17,Minnesota Vikings,MIN,21,St. Louis Rams,LAR,41,LAR,-2.5,44,62,0,41,21,20,MIN,0,Home,21,41,-20,-2.5,0
2007-09-09,2007,1,Minnesota Vikings,MIN,24,Atlanta Falcons,ATL,3,MIN,-3,35.5,27,0,24,3,21,MIN,1,Home,24,3,21,3,1
2007-09-16,2007,2,Detroit Lions,DET,20,Minnesota Vikings,MIN,17,DET,-3,42.5,37,0,20,17,3,MIN,0,Away,17,20,-3,-3,0
2007-09-23,2007,3,Kansas City Chiefs,KC,13,Minnesota Vikings,MIN,10,KC,-3,34,23,0,13,10,3,MIN,0,Away,10,13,-3,-3,0
2007-09-30,2007,4,Minnesota Vikings,MIN,16,Green Bay Packers,GB,23,GB,-1,38,39,0,23,16,7,MIN,0,Home,16,23,-7,-1,0
2007-10-14,2007,6,Chicago Bears,CHI,31,Minnesota Vikings,MIN,34,CHI,-4.5,35.5,65,0,31,34,-3,MIN,0,Away,34,31,3,-4.5,1
2007-10-21,2007,7,Dallas Cowboys,DAL,24,Minnesota Vikings,MIN,14,DAL,-9.5,46.5,38,0,24,14,10,MIN,0,Away,14,24,-10,-9.5,0
2007-10-28,2007,8,Minnesota Vikings,MIN,16,Philadelphia Eagles,PHI,23,PHI,-1,37.5,39,0,23,16,7,MIN,0,Home,16,23,-7,-1,0
2007-11-04,2007,9,Minnesota Vikings,MIN,35,San Diego Chargers,LAC,17,LAC,-7,42,52,0,17,35,-18,MIN,0,Home,35,17,18,-7,1
2007-11-11,2007,10,Green Bay Packers,GB,34,Minnesota Vikings,MIN,0,GB,-6,40.5,34,0,34,0,34,MIN,0,Away,0,34,-34,-6,0
2007-11-18,2007,11,Minnesota Vikings,MIN,29,Oakland Raiders,OAK,22,MIN,-4.5,35.5,51,0,29,22,7,MIN,1,Home,29,22,7,4.5,1
2007-11-25,2007,12,New York Giants,NYG,17,Minnesota Vikings,MIN,41,NYG,-7.5,40,58,0,17,41,-24,MIN,0,Away,41,17,24,-7.5,1
2007-12-02,2007,13,Minnesota Vikings,MIN,42,Detroit Lions,DET,10,MIN,-4.5,44.5,52,0,42,10,32,MIN,1,Home,42,10,32,4.5,1
2007-12-09,2007,14,San Francisco 49ers,SF,7,Minnesota Vikings,MIN,27,MIN,-8.5,39.5,34,0,27,7,20,MIN,1,Away,27,7,20,8.5,1
2007-12-17,2007,15,Minnesota Vikings,MIN,20,Chicago Bears,CHI,13,MIN,-10.5,43.5,33,0,20,13,7,MIN,1,Home,20,13,7,10.5,0
2007-12-23,2007,16,Minnesota Vikings,MIN,21,Washington Redskins,WAS,32,MIN,-6.5,40.5,53,0,21,32,-11,MIN,1,Home,21,32,-11,6.5,0
2007-12-30,2007,17,Denver Broncos,DEN,22,Minnesota Vikings,MIN,19,MIN,-3,40.5,41,0,19,22,-3,MIN,1,Away,19,22,-3,3,0
2008-09-08,2008,1,Green Bay Packers,GB,24,Minnesota Vikings,MIN,19,GB,-2.5,37.5,43,0,24,19,5,MIN,0,Away,19,24,-5,-2.5,0
2008-09-14,2008,2,Minnesota Vikings,MIN,15,Indianapolis Colts,IND,18,IND,-1,43.5,33,0,18,15,3,MIN,0,Home,15,18,-3,-1,0
2008-09-21,2008,3,Minnesota Vikings,MIN,20,Carolina Panthers,CAR,10,MIN,-3,37.5,30,0,20,10,10,MIN,1,Home,20,10,10,3,1
2008-09-28,2008,4,Tennessee Titans,TEN,30,Minnesota Vikings,MIN,17,TEN,-3,35,47,0,30,17,13,MIN,0,Away,17,30,-13,-3,0
2008-10-06,2008,5,New Orleans Saints,NO,27,Minnesota Vikings,MIN,30,NO,-3,47,57,0,27,30,-3,MIN,0,Away,30,27,3,-3,1
2008-10-12,2008,6,Minnesota Vikings,MIN,12,Detroit Lions,DET,10,MIN,-13,45.5,22,0,12,10,2,MIN,1,Home,12,10,2,13,0
2008-10-19,2008,7,Chicago Bears,CHI,48,Minnesota Vikings,MIN,41,CHI,-3,38,89,0,48,41,7,MIN,0,Away,41,48,-7,-3,0
2008-11-02,2008,9,Minnesota Vikings,MIN,28,Houston Texans,HOU,21,MIN,-5.5,47,49,0,28,21,7,MIN,1,Home,28,21,7,5.5,1
2008-11-09,2008,10,Minnesota Vikings,MIN,28,Green Bay Packers,GB,27,MIN,-2.5,44.5,55,0,28,27,1,MIN,1,Home,28,27,1,2.5,0
2008-11-16,2008,11,Tampa Bay Buccaneers,TB,19,Minnesota Vikings,MIN,13,TB,-5.5,38.5,32,0,19,13,6,MIN,0,Away,13,19,-6,-5.5,0
2008-11-23,2008,12,Jacksonville Jaguars,JAX,12,Minnesota Vikings,MIN,30,JAX,-2.5,41.5,42,0,12,30,-18,MIN,0,Away,30,12,18,-2.5,1
2008-11-30,2008,13,Minnesota Vikings,MIN,34,Chicago Bears,CHI,14,MIN,-5,42.5,48,0,34,14,20,MIN,1,Home,34,14,20,5,1
2008-12-07,2008,14,Detroit Lions,DET,16,Minnesota Vikings,MIN,20,MIN,-10.5,45.5,36,0,20,16,4,MIN,1,Away,20,16,4,10.5,0
2008-12-14,2008,15,Arizona Cardinals,ARI,14,Minnesota Vikings,MIN,35,ARI,-3.5,46.5,49,0,14,35,-21,MIN,0,Away,35,14,21,-3.5,1
2008-12-21,2008,16,Minnesota Vikings,MIN,17,Atlanta Falcons,ATL,24,MIN,-3,43.5,41,0,17,24,-7,MIN,1,Home,17,24,-7,3,0
2008-12-28,2008,17,Minnesota Vikings,MIN,20,New York Giants,NYG,19,MIN,-7,41,39,0,20,19,1,MIN,1,Home,20,19,1,7,0
2009-09-13,2009,1,Cleveland Browns,CLE,20,Minnesota Vikings,MIN,34,MIN,-4.5,40,54,0,34,20,14,MIN,1,Away,34,20,14,4.5,1
2009-09-20,2009,2,Detroit Lions,DET,13,Minnesota Vikings,MIN,27,MIN,-10,45,40,0,27,13,14,MIN,1,Away,27,13,14,10,1
2009-09-27,2009,3,Minnesota Vikings,MIN,27,San Francisco 49ers,SF,24,MIN,-7,39.5,51,0,27,24,3,MIN,1,Home,27,24,3,7,0
2009-10-05,2009,4,Minnesota Vikings,MIN,30,Green Bay Packers,GB,23,MIN,-5,46.5,53,0,30,23,7,MIN,1,Home,30,23,7,5,1
2009-10-11,2009,5,St. Louis Rams,LAR,10,Minnesota Vikings,MIN,38,MIN,-10.5,41,48,0,38,10,28,MIN,1,Away,38,10,28,10.5,1
2009-10-18,2009,6,Minnesota Vikings,MIN,33,Baltimore Ravens,BAL,31,MIN,-3,45.5,64,0,33,31,2,MIN,1,Home,33,31,2,3,0
2009-10-25,2009,7,Pittsburgh Steelers,PIT,27,Minnesota Vikings,MIN,17,PIT,-6,46.5,44,0,27,17,10,MIN,0,Away,17,27,-10,-6,0
2009-11-01,2009,8,Green Bay Packers,GB,26,Minnesota Vikings,MIN,38,GB,-3,47,64,0,26,38,-12,MIN,0,Away,38,26,12,-3,1
2009-11-15,2009,10,Minnesota Vikings,MIN,27,Detroit Lions,DET,10,MIN,-17,47.5,37,0,27,10,17,MIN,1,Home,27,10,17,17,0
2009-11-22,2009,11,Minnesota Vikings,MIN,35,Seattle Seahawks,SEA,9,MIN,-11,47,44,0,35,9,26,MIN,1,Home,35,9,26,11,1
2009-11-29,2009,12,Minnesota Vikings,MIN,36,Chicago Bears,CHI,10,MIN,-10,47,46,0,36,10,26,MIN,1,Home,36,10,26,10,1
2009-12-06,2009,13,Arizona Cardinals,ARI,30,Minnesota Vikings,MIN,17,MIN,-3,49,47,0,17,30,-13,MIN,1,Away,17,30,-13,3,0
2009-12-13,2009,14,Minnesota Vikings,MIN,30,Cincinnati Bengals,CIN,10,MIN,-6,42.5,40,0,30,10,20,MIN,1,Home,30,10,20,6,1
2009-12-20,2009,15,Carolina Panthers,CAR,26,Minnesota Vikings,MIN,7,MIN,-9,43,33,0,7,26,-19,MIN,1,Away,7,26,-19,9,0
2009-12-28,2009,16,Chicago Bears,CHI,36,Minnesota Vikings,MIN,30,MIN,-8.5,42,66,0,30,36,-6,MIN,1,Away,30,36,-6,8.5,0
2010-01-03,2009,17,Minnesota Vikings,MIN,44,New York Giants,NYG,7,MIN,-8,48,51,0,44,7,37,MIN,1,Home,44,7,37,8,1
2010-09-09,2010,1,New Orleans Saints,NO,14,Minnesota Vikings,MIN,9,NO,-5,49.5,23,0,14,9,5,MIN,0,Away,9,14,-5,-5,0
2010-09-19,2010,2,Minnesota Vikings,MIN,10,Miami Dolphins,MIA,14,MIN,-6,41,24,0,10,14,-4,MIN,1,Home,10,14,-4,6,0
2010-09-26,2010,3,Minnesota Vikings,MIN,24,Detroit Lions,DET,10,MIN,-13,43,34,0,24,10,14,MIN,1,Home,24,10,14,13,1
2010-10-11,2010,5,New York Jets,NYJ,29,Minnesota Vikings,MIN,20,NYJ,-4.5,40,49,0,29,20,9,MIN,0,Away,20,29,-9,-4.5,0
2010-10-17,2010,6,Minnesota Vikings,MIN,24,Dallas Cowboys,DAL,21,MIN,-1.5,44,45,0,24,21,3,MIN,1,Home,24,21,3,1.5,1
2010-10-24,2010,7,Green Bay Packers,GB,28,Minnesota Vikings,MIN,24,GB,-2.5,44.5,52,0,28,24,4,MIN,0,Away,24,28,-4,-2.5,0
2010-10-31,2010,8,New England Patriots,NE,28,Minnesota Vikings,MIN,18,NE,-5.5,45,46,0,28,18,10,MIN,0,Away,18,28,-10,-5.5,0
2010-11-07,2010,9,Minnesota Vikings,MIN,27,Arizona Cardinals,ARI,24,MIN,-7.5,42.5,51,0,27,24,3,MIN,1,Home,27,24,3,7.5,0
2010-11-14,2010,10,Chicago Bears,CHI,27,Minnesota Vikings,MIN,13,MIN,-1,41.5,40,0,13,27,-14,MIN,1,Away,13,27,-14,1,0
2010-11-21,2010,11,Minnesota Vikings,MIN,3,Green Bay Packers,GB,31,GB,-3,45,34,0,31,3,28,MIN,0,Home,3,31,-28,-3,0
2010-11-28,2010,12,Washington Redskins,WAS,13,Minnesota Vikings,MIN,17,MIN,-2.5,44,30,0,17,13,4,MIN,1,Away,17,13,4,2.5,1
2010-12-05,2010,13,Minnesota Vikings,MIN,38,Buffalo Bills,BUF,14,MIN,-5,44,52,0,38,14,24,MIN,1,Home,38,14,24,5,1
2010-12-20,2010,15,Minnesota Vikings,MIN,14,Chicago Bears,CHI,40,CHI,-7,33,54,0,40,14,26,MIN,0,Home,14,40,-26,-7,0
2010-12-28,2010,16,Philadelphia Eagles,PHI,14,Minnesota Vikings,MIN,24,PHI,-14.5,44.5,38,0,14,24,-10,MIN,0,Away,24,14,10,-14.5,1
2011-01-02,2010,17,Detroit Lions,DET,20,Minnesota Vikings,MIN,13,DET,-3.5,43.5,33,0,20,13,7,MIN,0,Away,13,20,-7,-3.5,0
2011-09-11,2011,1,San Diego Chargers,LAC,24,Minnesota Vikings,MIN,17,LAC,-8.5,43,41,0,24,17,7,MIN,0,Away,17,24,-7,-8.5,1
2011-09-18,2011,2,Minnesota Vikings,MIN,20,Tampa Bay Buccaneers,TB,24,MIN,-1,41,44,0,20,24,-4,MIN,1,Home,20,24,-4,1,0
2011-09-25,2011,3,Minnesota Vikings,MIN,23,Detroit Lions,DET,26,DET,-3,45,49,0,26,23,3,MIN,0,Home,23,26,-3,-3,0
2011-10-02,2011,4,Kansas City Chiefs,KC,22,Minnesota Vikings,MIN,17,MIN,-3,40,39,0,17,22,-5,MIN,1,Away,17,22,-5,3,0
2011-10-09,2011,5,Minnesota Vikings,MIN,34,Arizona Cardinals,ARI,10,MIN,-3.5,45,44,0,34,10,24,MIN,1,Home,34,10,24,3.5,1
2011-10-16,2011,6,Chicago Bears,CHI,39,Minnesota Vikings,MIN,10,CHI,-2.5,42,49,0,39,10,29,MIN,0,Away,10,39,-29,-2.5,0
2011-10-23,2011,7,Minnesota Vikings,MIN,27,Green Bay Packers,GB,33,GB,-11,47,60,0,33,27,6,MIN,0,Home,27,33,-6,-11,1
2011-10-30,2011,8,Carolina Panthers,CAR,21,Minnesota Vikings,MIN,24,CAR,-3,47,45,0,21,24,-3,MIN,0,Away,24,21,3,-3,1
2011-11-14,2011,10,Green Bay Packers,GB,45,Minnesota Vikings,MIN,7,GB,-13,50,52,0,45,7,38,MIN,0,Away,7,45,-38,-13,0
2011-11-20,2011,11,Minnesota Vikings,MIN,21,Oakland Raiders,OAK,27,MIN,-2,46.5,48,0,21,27,-6,MIN,1,Home,21,27,-6,2,0
2011-11-27,2011,12,Atlanta Falcons,ATL,24,Minnesota Vikings,MIN,14,ATL,-10,44,38,0,24,14,10,MIN,0,Away,14,24,-10,-10,0
2011-12-04,2011,13,Minnesota Vikings,MIN,32,Denver Broncos,DEN,35,MIN,-1.5,37.5,67,0,32,35,-3,MIN,1,Home,32,35,-3,1.5,0
2011-12-11,2011,14,Detroit Lions,DET,34,Minnesota Vikings,MIN,28,DET,-10,47,62,0,34,28,6,MIN,0,Away,28,34,-6,-10,1
2011-12-18,2011,15,Minnesota Vikings,MIN,20,New Orleans Saints,NO,42,NO,-7.5,53.5,62,0,42,20,22,MIN,0,Home,20,42,-22,-7.5,0
2011-12-24,2011,16,Washington Redskins,WAS,26,Minnesota Vikings,MIN,33,WAS,-6,43,59,0,26,33,-7,MIN,0,Away,33,26,7,-6,1
2012-01-01,2011,17,Minnesota Vikings,MIN,13,Chicago Bears,CHI,17,MIN,-2.5,42,30,0,13,17,-4,MIN,1,Home,13,17,-4,2.5,0
2012-09-09,2012,1,Minnesota Vikings,MIN,26,Jacksonville Jaguars,JAX,23,MIN,-3.5,38,49,0,26,23,3,MIN,1,Home,26,23,3,3.5,0
2012-09-16,2012,2,Indianapolis Colts,IND,23,Minnesota Vikings,MIN,20,MIN,-3,45.5,43,0,20,23,-3,MIN,1,Away,20,23,-3,3,0
2012-09-23,2012,3,Minnesota Vikings,MIN,24,San Francisco 49ers,SF,13,SF,-7,42.5,37,0,13,24,-11,MIN,0,Home,24,13,11,-7,1
2012-09-30,2012,4,Detroit Lions,DET,13,Minnesota Vikings,MIN,20,DET,-4,48.5,33,0,13,20,-7,MIN,0,Away,20,13,7,-4,1
2012-10-07,2012,5,Minnesota Vikings,MIN,30,Tennessee Titans,TEN,7,MIN,-6,44,37,0,30,7,23,MIN,1,Home,30,7,23,6,1
2012-10-14,2012,6,Washington Redskins,WAS,38,Minnesota Vikings,MIN,26,MIN,-2,44,64,0,26,38,-12,MIN,1,Away,26,38,-12,2,0
2012-10-21,2012,7,Minnesota Vikings,MIN,21,Arizona Cardinals,ARI,14,MIN,-6.5,39.5,35,0,21,14,7,MIN,1,Home,21,14,7,6.5,1
2012-10-25,2012,8,Minnesota Vikings,MIN,17,Tampa Bay Buccaneers,TB,36,MIN,-5.5,43,53,0,17,36,-19,MIN,1,Home,17,36,-19,5.5,0
2012-11-04,2012,9,Seattle Seahawks,SEA,30,Minnesota Vikings,MIN,20,SEA,-4,38.5,50,0,30,20,10,MIN,0,Away,20,30,-10,-4,0
2012-11-11,2012,10,Minnesota Vikings,MIN,34,Detroit Lions,DET,24,DET,-3,45.5,58,0,24,34,-10,MIN,0,Home,34,24,10,-3,1
2012-11-25,2012,12,Chicago Bears,CHI,28,Minnesota Vikings,MIN,10,CHI,-6.5,39,38,0,28,10,18,MIN,0,Away,10,28,-18,-6.5,0
2012-12-02,2012,13,Green Bay Packers,GB,23,Minnesota Vikings,MIN,14,GB,-7.5,47,37,0,23,14,9,MIN,0,Away,14,23,-9,-7.5,0
2012-12-09,2012,14,Minnesota Vikings,MIN,21,Chicago Bears,CHI,14,CHI,-1.5,40.5,35,0,14,21,-7,MIN,0,Home,21,14,7,-1.5,1
2012-12-16,2012,15,St. Louis Rams,LAR,22,Minnesota Vikings,MIN,36,LAR,-2.5,39.5,58,0,22,36,-14,MIN,0,Away,36,22,14,-2.5,1
2012-12-23,2012,16,Houston Texans,HOU,6,Minnesota Vikings,MIN,23,HOU,-7.5,43.5,29,0,6,23,-17,MIN,0,Away,23,6,17,-7.5,1
2012-12-30,2012,17,Minnesota Vikings,MIN,37,Green Bay Packers,GB,34,GB,-3,46,71,0,34,37,-3,MIN,0,Home,37,34,3,-3,1
2013-09-08,2013,1,Detroit Lions,DET,34,Minnesota Vikings,MIN,24,DET,-4.5,47.5,58,0,34,24,10,MIN,0,Away,24,34,-10,-4.5,0
2013-09-15,2013,2,Chicago Bears,CHI,31,Minnesota Vikings,MIN,30,CHI,-6.5,42,61,0,31,30,1,MIN,0,Away,30,31,-1,-6.5,1
2013-09-22,2013,3,Minnesota Vikings,MIN,27,Cleveland Browns,CLE,31,MIN,-7,40.5,58,0,27,31,-4,MIN,1,Home,27,31,-4,7,0
2013-10-13,2013,6,Minnesota Vikings,MIN,10,Carolina Panthers,CAR,35,MIN,-2.5,44.5,45,0,10,35,-25,MIN,1,Home,10,35,-25,2.5,0
2013-10-21,2013,7,New York Giants,NYG,23,Minnesota Vikings,MIN,7,NYG,-3.5,47,30,0,23,7,16,MIN,0,Away,7,23,-16,-3.5,0
2013-10-27,2013,8,Minnesota Vikings,MIN,31,Green Bay Packers,GB,44,GB,-7.5,47,75,0,44,31,13,MIN,0,Home,31,44,-13,-7.5,0
2013-11-03,2013,9,Dallas Cowboys,DAL,27,Minnesota Vikings,MIN,23,DAL,-8.5,50.5,50,0,27,23,4,MIN,0,Away,23,27,-4,-8.5,1
2013-11-07,2013,10,Minnesota Vikings,MIN,34,Washington Redskins,WAS,27,WAS,-1,48,61,0,27,34,-7,MIN,0,Home,34,27,7,-1,1
2013-11-17,2013,11,Seattle Seahawks,SEA,41,Minnesota Vikings,MIN,20,SEA,-13,45,61,0,41,20,21,MIN,0,Away,20,41,-21,-13,0
2013-11-24,2013,12,Green Bay Packers,GB,26,Minnesota Vikings,MIN,26,GB,-5.5,44.5,52,0,26,26,0,MIN,0,Away,26,26,0,-5.5,1
2013-12-01,2013,13,Minnesota Vikings,MIN,23,Chicago Bears,CHI,20,MIN,-1,50.5,43,0,23,20,3,MIN,1,Home,23,20,3,1,1
2013-12-08,2013,14,Baltimore Ravens,BAL,29,Minnesota Vikings,MIN,26,BAL,-6,41.5,55,0,29,26,3,MIN,0,Away,26,29,-3,-6,1
2013-12-15,2013,15,Minnesota Vikings,MIN,48,Philadelphia Eagles,PHI,30,PHI,-7,53,78,0,30,48,-18,MIN,0,Home,48,30,18,-7,1
2013-12-22,2013,16,Cincinnati Bengals,CIN,42,Minnesota Vikings,MIN,14,CIN,-7.5,47.5,56,0,42,14,28,MIN,0,Away,14,42,-28,-7.5,0
2013-12-29,2013,17,Minnesota Vikings,MIN,14,Detroit Lions,DET,13,DET,-2.5,49.5,27,0,13,14,-1,MIN,0,Home,14,13,1,-2.5,1
2014-09-07,2014,1,St. Louis Rams,LAR,6,Minnesota Vikings,MIN,34,LAR,-3,43,40,0,6,34,-28,MIN,0,Away,34,6,28,-3,1
2014-09-14,2014,2,Minnesota Vikings,MIN,7,New England Patriots,NE,30,NE,-3.5,49,37,0,30,7,23,MIN,0,Home,7,30,-23,-3.5,0
2014-09-21,2014,3,New Orleans Saints,NO,20,Minnesota Vikings,MIN,9,NO,-10,49.5,29,0,20,9,11,MIN,0,Away,9,20,-11,-10,0
2014-09-28,2014,4,Minnesota Vikings,MIN,41,Atlanta Falcons,ATL,28,ATL,-5.5,47.5,69,0,28,41,-13,MIN,0,Home,41,28,13,-5.5,1
2014-10-02,2014,5,Green Bay Packers,GB,42,Minnesota Vikings,MIN,10,GB,-8.5,46.5,52,0,42,10,32,MIN,0,Away,10,42,-32,-8.5,0
2014-10-12,2014,6,Minnesota Vikings,MIN,3,Detroit Lions,DET,17,MIN,-1,43,20,0,3,17,-14,MIN,1,Home,3,17,-14,1,0
2014-10-19,2014,7,Buffalo Bills,BUF,17,Minnesota Vikings,MIN,16,BUF,-7,43,33,0,17,16,1,MIN,0,Away,16,17,-1,-7,1
2014-10-26,2014,8,Tampa Bay Buccaneers,TB,13,Minnesota Vikings,MIN,19,TB,-1,43,32,0,13,19,-6,MIN,0,Away,19,13,6,-1,1
2014-11-02,2014,9,Minnesota Vikings,MIN,29,Washington Redskins,WAS,26,WAS,-1,44,55,0,26,29,-3,MIN,0,Home,29,26,3,-1,1
2014-11-16,2014,11,Chicago Bears,CHI,21,Minnesota Vikings,MIN,13,CHI,-2.5,46.5,34,0,21,13,8,MIN,0,Away,13,21,-8,-2.5,0
2014-11-23,2014,12,Minnesota Vikings,MIN,21,Green Bay Packers,GB,24,GB,-7.5,49.5,45,0,24,21,3,MIN,0,Home,21,24,-3,-7.5,1
2014-11-30,2014,13,Minnesota Vikings,MIN,31,Carolina Panthers,CAR,13,MIN,-2.5,41.5,44,0,31,13,18,MIN,1,Home,31,13,18,2.5,1
2014-12-07,2014,14,Minnesota Vikings,MIN,30,New York Jets,NYJ,24,MIN,-4.5,40,54,0,30,24,6,MIN,1,Home,30,24,6,4.5,1
2014-12-14,2014,15,Detroit Lions,DET,16,Minnesota Vikings,MIN,14,DET,-8,42,30,0,16,14,2,MIN,0,Away,14,16,-2,-8,1
2014-12-21,2014,16,Miami Dolphins,MIA,37,Minnesota Vikings,MIN,35,MIA,-4.5,42.5,72,0,37,35,2,MIN,0,Away,35,37,-2,-4.5,1
2014-12-28,2014,17,Minnesota Vikings,MIN,13,Chicago Bears,CHI,9,MIN,-7,47.5,22,0,13,9,4,MIN,1,Home,13,9,4,7,0
2015-09-14,2015,1,San Francisco 49ers,SF,20,Minnesota Vikings,MIN,3,MIN,-2.5,42.5,23,0,3,20,-17,MIN,1,Away,3,20,-17,2.5,0
2015-09-20,2015,2,Minnesota Vikings,MIN,26,Detroit Lions,DET,16,MIN,-2.5,44,42,0,26,16,10,MIN,1,Home,26,16,10,2.5,1
2015-09-27,2015,3,Minnesota Vikings,MIN,31,San Diego Chargers,LAC,14,MIN,-2,45.5,45,0,31,14,17,MIN,1,Home,31,14,17,2,1
2015-10-04,2015,4,Denver Broncos,DEN,23,Minnesota Vikings,MIN,20,DEN,-7,43.5,43,0,23,20,3,MIN,0,Away,20,23,-3,-7,1
2015-10-18,2015,6,Minnesota Vikings,MIN,16,Kansas City Chiefs,KC,10,MIN,-3.5,43,26,0,16,10,6,MIN,1,Home,16,10,6,3.5,1
2015-10-25,2015,7,Detroit Lions,DET,19,Minnesota Vikings,MIN,28,DET,-1,45,47,0,19,28,-9,MIN,0,Away,28,19,9,-1,1
2015-11-01,2015,8,Chicago Bears,CHI,20,Minnesota Vikings,MIN,23,MIN,-1.5,44,43,0,23,20,3,MIN,1,Away,23,20,3,1.5,1
2015-11-08,2015,9,Minnesota Vikings,MIN,21,St. Louis Rams,LAR,18,MIN,-1,40,39,0,21,18,3,MIN,1,Home,21,18,3,1,1
2015-11-15,2015,10,Oakland Raiders,OAK,14,Minnesota Vikings,MIN,30,OAK,-3,44,44,0,14,30,-16,MIN,0,Away,30,14,16,-3,1
2015-11-22,2015,11,Minnesota Vikings,MIN,13,Green Bay Packers,GB,30,PICK,0,45,43,0,30,13,17,MIN,0,Home,13,30,-17,0,0
2015-11-29,2015,12,Atlanta Falcons,ATL,10,Minnesota Vikings,MIN,20,ATL,-2,45,30,0,10,20,-10,MIN,0,Away,20,10,10,-2,1
2015-12-06,2015,13,Minnesota Vikings,MIN,7,Seattle Seahawks,SEA,38,SEA,-2.5,43,45,0,38,7,31,MIN,0,Home,7,38,-31,-2.5,0
2015-12-10,2015,14,Arizona Cardinals,ARI,23,Minnesota Vikings,MIN,20,ARI,-10,46.5,43,0,23,20,3,MIN,0,Away,20,23,-3,-10,1
2015-12-20,2015,15,Minnesota Vikings,MIN,38,Chicago Bears,CHI,17,MIN,-4,44,55,0,38,17,21,MIN,1,Home,38,17,21,4,1
2015-12-27,2015,16,Minnesota Vikings,MIN,49,New York Giants,NYG,17,MIN,-7,44.5,66,0,49,17,32,MIN,1,Home,49,17,32,7,1
2016-01-03,2015,17,Green Bay Packers,GB,13,Minnesota Vikings,MIN,20,GB,-3,44,33,0,13,20,-7,MIN,0,Away,20,13,7,-3,1
2016-09-11,2016,1,Tennessee Titans,TEN,16,Minnesota Vikings,MIN,25,MIN,-2.5,40,41,0,25,16,9,MIN,1,Away,25,16,9,2.5,1
2016-09-18,2016,2,Minnesota Vikings,MIN,17,Green Bay Packers,GB,14,GB,-2,43,31,0,14,17,-3,MIN,0,Home,17,14,3,-2,1
2016-09-25,2016,3,Carolina Panthers,CAR,10,Minnesota Vikings,MIN,22,CAR,-6.5,42.5,32,0,10,22,-12,MIN,0,Away,22,10,12,-6.5,1
2016-10-03,2016,4,Minnesota Vikings,MIN,24,New York Giants,NYG,10,MIN,-3.5,42.5,34,0,24,10,14,MIN,1,Home,24,10,14,3.5,1
2016-10-09,2016,5,Minnesota Vikings,MIN,31,Houston Texans,HOU,13,MIN,-6,39,44,0,31,13,18,MIN,1,Home,31,13,18,6,1
2016-10-23,2016,7,Philadelphia Eagles,PHI,21,Minnesota Vikings,MIN,10,MIN,-3,39,31,0,10,21,-11,MIN,1,Away,10,21,-11,3,0
2016-10-31,2016,8,Chicago Bears,CHI,20,Minnesota Vikings,MIN,10,MIN,-4.5,39.5,30,0,10,20,-10,MIN,1,Away,10,20,-10,4.5,0
2016-11-06,2016,9,Minnesota Vikings,MIN,16,Detroit Lions,DET,22,MIN,-4.5,42.5,38,0,16,22,-6,MIN,1,Home,16,22,-6,4.5,0
2016-11-13,2016,10,Washington Redskins,WAS,26,Minnesota Vikings,MIN,20,WAS,-2.5,41.5,46,0,26,20,6,MIN,0,Away,20,26,-6,-2.5,0
2016-11-20,2016,11,Minnesota Vikings,MIN,30,Arizona Cardinals,ARI,24,MIN,-2,40,54,0,30,24,6,MIN,1,Home,30,24,6,2,1
2016-11-24,2016,12,Detroit Lions,DET,16,Minnesota Vikings,MIN,13,DET,-1.5,42,29,0,16,13,3,MIN,0,Away,13,16,-3,-1.5,0
2016-12-01,2016,13,Minnesota Vikings,MIN,15,Dallas Cowboys,DAL,17,DAL,-3,43.5,32,0,17,15,2,MIN,0,Home,15,17,-2,-3,1
2016-12-11,2016,14,Jacksonville Jaguars,JAX,16,Minnesota Vikings,MIN,25,MIN,-3.5,38,41,0,25,16,9,MIN,1,Away,25,16,9,3.5,1
2016-12-18,2016,15,Minnesota Vikings,MIN,6,Indianapolis Colts,IND,34,MIN,-5,44.5,40,0,6,34,-28,MIN,1,Home,6,34,-28,5,0
2016-12-24,2016,16,Green Bay Packers,GB,38,Minnesota Vikings,MIN,25,GB,-6,44.5,63,0,38,25,13,MIN,0,Away,25,38,-13,-6,0
2017-01-01,2016,17,Minnesota Vikings,MIN,38,Chicago Bears,CHI,10,MIN,-6,44,48,0,38,10,28,MIN,1,Home,38,10,28,6,1
2017-09-11,2017,1,Minnesota Vikings,MIN,29,New Orleans Saints,NO,19,MIN,-3.5,48,48,0,29,19,10,MIN,1,Home,29,19,10,3.5,1
2017-09-17,2017,2,Pittsburgh Steelers,PIT,26,Minnesota Vikings,MIN,9,PIT,-6,45.5,35,0,26,9,17,MIN,0,Away,9,26,-17,-6,0
2017-09-24,2017,3,Minnesota Vikings,MIN,34,Tampa Bay Buccaneers,TB,17,TB,-1.5,41,51,0,17,34,-17,MIN,0,Home,34,17,17,-1.5,1
2017-10-01,2017,4,Minnesota Vikings,MIN,7,Detroit Lions,DET,14,MIN,-2,42.5,21,0,7,14,-7,MIN,1,Home,7,14,-7,2,0
2017-10-09,2017,5,Chicago Bears,CHI,17,Minnesota Vikings,MIN,20,MIN,-3,40,37,0,20,17,3,MIN,1,Away,20,17,3,3,0
2017-10-15,2017,6,Minnesota Vikings,MIN,23,Green Bay Packers,GB,10,GB,-3,44.5,33,0,10,23,-13,MIN,0,Home,23,10,13,-3,1
2017-10-22,2017,7,Minnesota Vikings,MIN,24,Baltimore Ravens,BAL,16,MIN,-4,38,40,0,24,16,8,MIN,1,Home,24,16,8,4,1
2017-11-12,2017,10,Washington Redskins,WAS,30,Minnesota Vikings,MIN,38,MIN,-1,43,68,0,38,30,8,MIN,1,Away,38,30,8,1,1
2017-11-19,2017,11,Minnesota Vikings,MIN,24,Los Angeles Rams,LAR,7,MIN,-2.5,45.5,31,0,24,7,17,MIN,1,Home,24,7,17,2.5,1
2017-11-23,2017,12,Detroit Lions,DET,23,Minnesota Vikings,MIN,30,MIN,-3,44.5,53,0,30,23,7,MIN,1,Away,30,23,7,3,1
2017-12-03,2017,13,Atlanta Falcons,ATL,9,Minnesota Vikings,MIN,14,ATL,-3,47,23,0,9,14,-5,MIN,0,Away,14,9,5,-3,1
2017-12-10,2017,14,Carolina Panthers,CAR,31,Minnesota Vikings,MIN,24,MIN,-2.5,40.5,55,0,24,31,-7,MIN,1,Away,24,31,-7,2.5,0
2017-12-17,2017,15,Minnesota Vikings,MIN,34,Cincinnati Bengals,CIN,7,MIN,-12.5,42.5,41,0,34,7,27,MIN,1,Home,34,7,27,12.5,1
2017-12-23,2017,16,Green Bay Packers,GB,0,Minnesota Vikings,MIN,16,MIN,-8.5,41,16,0,16,0,16,MIN,1,Away,16,0,16,8.5,1
2017-12-31,2017,17,Minnesota Vikings,MIN,23,Chicago Bears,CHI,10,MIN,-13.5,38.5,33,0,23,10,13,MIN,1,Home,23,10,13,13.5,0
2018-09-09,2018,1,Minnesota Vikings,MIN,24,San Francisco 49ers,SF,16,MIN,-6,46.5,40,0,24,16,8,MIN,1,Home,24,16,8,6,1
2018-09-16,2018,2,Green Bay Packers,GB,29,Minnesota Vikings,MIN,29,MIN,-2,45,58,0,29,29,0,MIN,1,Away,29,29,0,2,0
2018-09-23,2018,3,Minnesota Vikings,MIN,6,Buffalo Bills,BUF,27,MIN,-16.5,41,33,0,6,27,-21,MIN,1,Home,6,27,-21,16.5,0
2018-09-27,2018,4,Los Angeles Rams,LAR,38,Minnesota Vikings,MIN,31,LAR,-7.5,48.5,69,0,38,31,7,MIN,0,Away,31,38,-7,-7.5,1
2018-10-07,2018,5,Philadelphia Eagles,PHI,21,Minnesota Vikings,MIN,23,PHI,-3.5,48,44,0,21,23,-2,MIN,0,Away,23,21,2,-3.5,1
2018-10-14,2018,6,Minnesota Vikings,MIN,27,Arizona Cardinals,ARI,17,MIN,-10,43.5,44,0,27,17,10,MIN,1,Home,27,17,10,10,0
2018-10-21,2018,7,New York Jets,NYJ,17,Minnesota Vikings,MIN,37,MIN,-3.5,45,54,0,37,17,20,MIN,1,Away,37,17,20,3.5,1
2018-10-28,2018,8,Minnesota Vikings,MIN,20,New Orleans Saints,NO,30,MIN,-2.5,53.5,50,0,20,30,-10,MIN,1,Home,20,30,-10,2.5,0
2018-11-04,2018,9,Minnesota Vikings,MIN,24,Detroit Lions,DET,9,MIN,-4.5,47.5,33,0,24,9,15,MIN,1,Home,24,9,15,4.5,1
2018-11-18,2018,11,Chicago Bears,CHI,25,Minnesota Vikings,MIN,20,CHI,-2.5,44,45,0,25,20,5,MIN,0,Away,20,25,-5,-2.5,0
2018-11-25,2018,12,Minnesota Vikings,MIN,24,Green Bay Packers,GB,17,MIN,-3.5,48,41,0,24,17,7,MIN,1,Home,24,17,7,3.5,1
2018-12-02,2018,13,New England Patriots,NE,24,Minnesota Vikings,MIN,10,NE,-6,49.5,34,0,24,10,14,MIN,0,Away,10,24,-14,-6,0
2018-12-10,2018,14,Seattle Seahawks,SEA,21,Minnesota Vikings,MIN,7,SEA,-3,45.5,28,0,21,7,14,MIN,0,Away,7,21,-14,-3,0
2018-12-16,2018,15,Minnesota Vikings,MIN,41,Miami Dolphins,MIA,17,MIN,-7.5,45,58,0,41,17,24,MIN,1,Home,41,17,24,7.5,1
2018-12-23,2018,16,Detroit Lions,DET,9,Minnesota Vikings,MIN,27,MIN,-6.5,42.5,36,0,27,9,18,MIN,1,Away,27,9,18,6.5,1
2018-12-30,2018,17,Minnesota Vikings,MIN,10,Chicago Bears,CHI,24,MIN,-6,40.5,34,0,10,24,-14,MIN,1,Home,10,24,-14,6,0
2019-09-08,2019,1,Minnesota Vikings,MIN,28,Atlanta Falcons,ATL,12,MIN,-3.5,47,40,0,28,12,16,MIN,1,Home,28,12,16,3.5,1
2019-09-15,2019,2,Green Bay Packers,GB,21,Minnesota Vikings,MIN,16,GB,-3,43,37,0,21,16,5,MIN,0,Away,16,21,-5,-3,0
2019-09-22,2019,3,Minnesota Vikings,MIN,34,Oakland Raiders,OAK,14,MIN,-9,43.5,48,0,34,14,20,MIN,1,Home,34,14,20,9,1
2019-09-29,2019,4,Chicago Bears,CHI,16,Minnesota Vikings,MIN,6,CHI,-1,38.5,22,0,16,6,10,MIN,0,Away,6,16,-10,-1,0
2019-10-06,2019,5,New York Giants,NYG,10,Minnesota Vikings,MIN,28,MIN,-5.5,43.5,38,0,28,10,18,MIN,1,Away,28,10,18,5.5,1
2019-10-13,2019,6,Minnesota Vikings,MIN,38,Philadelphia Eagles,PHI,20,MIN,-3.5,44.5,58,0,38,20,18,MIN,1,Home,38,20,18,3.5,1
2019-10-20,2019,7,Detroit Lions,DET,30,Minnesota Vikings,MIN,42,MIN,-2.5,43.5,72,0,42,30,12,MIN,1,Away,42,30,12,2.5,1
2019-10-24,2019,8,Minnesota Vikings,MIN,19,Washington Redskins,WAS,9,MIN,-16.5,42,28,0,19,9,10,MIN,1,Home,19,9,10,16.5,0
2019-11-03,2019,9,Kansas City Chiefs,KC,26,Minnesota Vikings,MIN,23,MIN,-5.5,45.5,49,0,23,26,-3,MIN,1,Away,23,26,-3,5.5,0
2019-11-10,2019,10,Dallas Cowboys,DAL,24,Minnesota Vikings,MIN,28,DAL,-3,48,52,0,24,28,-4,MIN,0,Away,28,24,4,-3,1
2019-11-17,2019,11,Minnesota Vikings,MIN,27,Denver Broncos,DEN,23,MIN,-10,40,50,0,27,23,4,MIN,1,Home,27,23,4,10,0
2019-12-02,2019,13,Seattle Seahawks,SEA,37,Minnesota Vikings,MIN,30,SEA,-2.5,48.5,67,0,37,30,7,MIN,0,Away,30,37,-7,-2.5,0
2019-12-08,2019,14,Minnesota Vikings,MIN,20,Detroit Lions,DET,7,MIN,-11.5,44,27,0,20,7,13,MIN,1,Home,20,7,13,11.5,1
2019-12-15,2019,15,Los Angeles Chargers,LAC,10,Minnesota Vikings,MIN,39,MIN,-1,45,49,0,39,10,29,MIN,1,Away,39,10,29,1,1
2019-12-23,2019,16,Minnesota Vikings,MIN,10,Green Bay Packers,GB,23,MIN,-4,46.5,33,0,10,23,-13,MIN,1,Home,10,23,-13,4,0
2019-12-29,2019,17,Minnesota Vikings,MIN,19,Chicago Bears,CHI,21,CHI,-4.5,36,40,0,21,19,2,MIN,0,Home,19,21,-2,-4.5,1
2000-09-03,2000,1,New England Patriots,NE,16,Tampa Bay Buccaneers,TB,21,TB,-3,36,37,0,21,16,5,NE,0,Home,16,21,-5,-3,0
2000-09-11,2000,2,New York Jets,NYJ,20,New England Patriots,NE,19,NYJ,-6.5,39.5,39,0,20,19,1,NE,0,Away,19,20,-1,-6.5,1
2000-09-17,2000,3,New England Patriots,NE,13,Minnesota Vikings,MIN,21,NE,-1.5,42.5,34,0,13,21,-8,NE,1,Home,13,21,-8,1.5,0
2000-09-24,2000,4,Miami Dolphins,MIA,10,New England Patriots,NE,3,MIA,-4.5,34.5,13,0,10,3,7,NE,0,Away,3,10,-7,-4.5,0
2000-10-01,2000,5,Denver Broncos,DEN,19,New England Patriots,NE,28,DEN,-8.5,41,47,0,19,28,-9,NE,0,Away,28,19,9,-8.5,1
2000-10-08,2000,6,New England Patriots,NE,24,Indianapolis Colts,IND,16,IND,-3.5,43.5,40,0,16,24,-8,NE,0,Home,24,16,8,-3.5,1
2000-10-15,2000,7,New England Patriots,NE,17,New York Jets,NYJ,34,NE,-3,37,51,0,17,34,-17,NE,1,Home,17,34,-17,3,0
2000-10-22,2000,8,Indianapolis Colts,IND,30,New England Patriots,NE,23,IND,-8.5,47,53,0,30,23,7,NE,0,Away,23,30,-7,-8.5,1
2000-11-05,2000,10,New England Patriots,NE,13,Buffalo Bills,BUF,16,NE,-2,39,29,0,13,16,-3,NE,1,Home,13,16,-3,2,0
2000-11-12,2000,11,Cleveland Browns,CLE,19,New England Patriots,NE,11,NE,-7,32,30,0,11,19,-8,NE,1,Away,11,19,-8,7,0
2000-11-19,2000,12,New England Patriots,NE,16,Cincinnati Bengals,CIN,13,NE,-7,36,29,0,16,13,3,NE,1,Home,16,13,3,7,0
2000-11-23,2000,13,Detroit Lions,DET,34,New England Patriots,NE,9,DET,-6.5,38,43,0,34,9,25,NE,0,Away,9,34,-25,-6.5,0
2000-12-04,2000,14,New England Patriots,NE,30,Kansas City Chiefs,KC,24,NE,-1,41,54,0,30,24,6,NE,1,Home,30,24,6,1,1
2000-12-10,2000,15,Chicago Bears,CHI,24,New England Patriots,NE,17,CHI,-2,36.5,41,0,24,17,7,NE,0,Away,17,24,-7,-2,0
2000-12-17,2000,16,Buffalo Bills,BUF,10,New England Patriots,NE,13,BUF,-4.5,39,23,0,10,13,-3,NE,0,Away,13,10,3,-4.5,1
2000-12-24,2000,17,New England Patriots,NE,24,Miami Dolphins,MIA,27,MIA,-4,35,51,0,27,24,3,NE,0,Home,24,27,-3,-4,1
2001-09-09,2001,1,Cincinnati Bengals,CIN,23,New England Patriots,NE,17,PICK,0,36,40,0,17,23,-6,NE,0,Away,17,23,-6,0,0
2001-09-23,2001,2,New England Patriots,NE,3,New York Jets,NYJ,10,NYJ,-1.5,38.5,13,0,10,3,7,NE,0,Home,3,10,-7,-1.5,0
2001-09-30,2001,3,New England Patriots,NE,44,Indianapolis Colts,IND,13,IND,-11.5,45,57,0,13,44,-31,NE,0,Home,44,13,31,-11.5,1
2001-10-07,2001,4,Miami Dolphins,MIA,30,New England Patriots,NE,10,MIA,-9.5,35,40,0,30,10,20,NE,0,Away,10,30,-20,-9.5,0
2001-10-14,2001,5,New England Patriots,NE,29,San Diego Chargers,LAC,26,LAC,-3,36,55,0,26,29,-3,NE,0,Home,29,26,3,-3,1
2001-10-21,2001,6,Indianapolis Colts,IND,17,New England Patriots,NE,38,IND,-10.5,48,55,0,17,38,-21,NE,0,Away,38,17,21,-10.5,1
2001-10-28,2001,7,Denver Broncos,DEN,31,New England Patriots,NE,20,DEN,-7,43,51,0,31,20,11,NE,0,Away,20,31,-11,-7,0
2001-11-04,2001,8,Atlanta Falcons,ATL,10,New England Patriots,NE,24,ATL,-3,42.5,34,0,10,24,-14,NE,0,Away,24,10,14,-3,1
2001-11-11,2001,9,New England Patriots,NE,21,Buffalo Bills,BUF,11,NE,-6,40,32,0,21,11,10,NE,1,Home,21,11,10,6,1
2001-11-18,2001,10,New England Patriots,NE,17,St. Louis Rams,LAR,24,LAR,-8.5,46.5,41,0,24,17,7,NE,0,Home,17,24,-7,-8.5,1
2001-11-25,2001,11,New England Patriots,NE,34,New Orleans Saints,NO,17,PICK,0,42,51,0,17,34,-17,NE,0,Home,34,17,17,0,1
2001-12-02,2001,12,New York Jets,NYJ,16,New England Patriots,NE,17,NYJ,-3,38,33,0,16,17,-1,NE,0,Away,17,16,1,-3,1
2001-12-09,2001,13,New England Patriots,NE,27,Cleveland Browns,CLE,16,NE,-5,36.5,43,0,27,16,11,NE,1,Home,27,16,11,5,1
2001-12-16,2001,14,Buffalo Bills,BUF,9,New England Patriots,NE,12,NE,-4,38,21,0,12,9,3,NE,1,Away,12,9,3,4,0
2001-12-22,2001,15,New England Patriots,NE,20,Miami Dolphins,MIA,13,NE,-3,37,33,0,20,13,7,NE,1,Home,20,13,7,3,1
2002-01-06,2001,17,Carolina Panthers,CAR,6,New England Patriots,NE,38,NE,-6.5,36,44,0,38,6,32,NE,1,Away,38,6,32,6.5,1
2002-09-09,2002,1,New England Patriots,NE,30,Pittsburgh Steelers,PIT,14,PIT,-2.5,37.5,44,0,14,30,-16,NE,0,Home,30,14,16,-2.5,1
2002-09-15,2002,2,New York Jets,NYJ,7,New England Patriots,NE,44,NYJ,-1,41,51,0,7,44,-37,NE,0,Away,44,7,37,-1,1
2002-09-22,2002,3,New England Patriots,NE,41,Kansas City Chiefs,KC,38,NE,-8.5,43.5,79,0,41,38,3,NE,1,Home,41,38,3,8.5,0
2002-09-29,2002,4,San Diego Chargers,LAC,21,New England Patriots,NE,14,NE,-3,40.5,35,0,14,21,-7,NE,1,Away,14,21,-7,3,0
2002-10-06,2002,5,Miami Dolphins,MIA,26,New England Patriots,NE,13,MIA,-3,43.5,39,0,26,13,13,NE,0,Away,13,26,-13,-3,0
2002-10-13,2002,6,New England Patriots,NE,10,Green Bay Packers,GB,28,NE,-4.5,47,38,0,10,28,-18,NE,1,Home,10,28,-18,4.5,0
2002-10-27,2002,8,New England Patriots,NE,16,Denver Broncos,DEN,24,NE,-3,46,40,0,16,24,-8,NE,1,Home,16,24,-8,3,0
2002-11-03,2002,9,Buffalo Bills,BUF,7,New England Patriots,NE,38,BUF,-3,47.5,45,0,7,38,-31,NE,0,Away,38,7,31,-3,1
2002-11-10,2002,10,Chicago Bears,CHI,30,New England Patriots,NE,33,NE,-5,39,63,0,33,30,3,NE,1,Away,33,30,3,5,0
2002-11-17,2002,11,Oakland Raiders,OAK,27,New England Patriots,NE,20,OAK,-4.5,48,47,0,27,20,7,NE,0,Away,20,27,-7,-4.5,0
2002-11-24,2002,12,New England Patriots,NE,24,Minnesota Vikings,MIN,17,NE,-8,47,41,0,24,17,7,NE,1,Home,24,17,7,8,0
2002-11-28,2002,13,Detroit Lions,DET,12,New England Patriots,NE,20,NE,-6,46,32,0,20,12,8,NE,1,Away,20,12,8,6,1
2002-12-08,2002,14,New England Patriots,NE,27,Buffalo Bills,BUF,17,NE,-3.5,45,44,0,27,17,10,NE,1,Home,27,17,10,3.5,1
2002-12-16,2002,15,Tennessee Titans,TEN,24,New England Patriots,NE,7,TEN,-2.5,43.5,31,0,24,7,17,NE,0,Away,7,24,-17,-2.5,0
2002-12-22,2002,16,New England Patriots,NE,17,New York Jets,NYJ,30,NE,-3.5,41,47,0,17,30,-13,NE,1,Home,17,30,-13,3.5,0
2002-12-29,2002,17,New England Patriots,NE,27,Miami Dolphins,MIA,24,MIA,-2,38,51,0,24,27,-3,NE,0,Home,27,24,3,-2,1
2003-09-07,2003,1,Buffalo Bills,BUF,31,New England Patriots,NE,0,BUF,-1,44.5,31,0,31,0,31,NE,0,Away,0,31,-31,-1,0
2003-09-14,2003,2,Philadelphia Eagles,PHI,10,New England Patriots,NE,31,PHI,-4,38,41,0,10,31,-21,NE,0,Away,31,10,21,-4,1
2003-09-21,2003,3,New England Patriots,NE,23,New York Jets,NYJ,16,NE,-6,38,39,0,23,16,7,NE,1,Home,23,16,7,6,1
2003-09-28,2003,4,Washington Redskins,WAS,20,New England Patriots,NE,17,WAS,-3.5,43,37,0,20,17,3,NE,0,Away,17,20,-3,-3.5,1
2003-10-05,2003,5,New England Patriots,NE,38,Tennessee Titans,TEN,30,NE,-1,40.5,68,0,38,30,8,NE,1,Home,38,30,8,1,1
2003-10-12,2003,6,New England Patriots,NE,17,New York Giants,NYG,6,NE,-2.5,42.5,23,0,17,6,11,NE,1,Home,17,6,11,2.5,1
2003-10-19,2003,7,Miami Dolphins,MIA,13,New England Patriots,NE,19,MIA,-6.5,37,32,0,13,19,-6,NE,0,Away,19,13,6,-6.5,1
2003-10-26,2003,8,New England Patriots,NE,9,Cleveland Browns,CLE,3,NE,-4.5,37.5,12,0,9,3,6,NE,1,Home,9,3,6,4.5,1
2003-11-03,2003,9,Denver Broncos,DEN,26,New England Patriots,NE,30,DEN,-2,36,56,0,26,30,-4,NE,0,Away,30,26,4,-2,1
2003-11-16,2003,11,New England Patriots,NE,12,Dallas Cowboys,DAL,0,NE,-4,35,12,0,12,0,12,NE,1,Home,12,0,12,4,1
2003-11-23,2003,12,Houston Texans,HOU,20,New England Patriots,NE,23,NE,-5,37,43,0,23,20,3,NE,1,Away,23,20,3,5,0
2003-11-30,2003,13,Indianapolis Colts,IND,34,New England Patriots,NE,38,IND,-3.5,43.5,72,0,34,38,-4,NE,0,Away,38,34,4,-3.5,1
2003-12-07,2003,14,New England Patriots,NE,12,Miami Dolphins,MIA,0,NE,-3,33.5,12,0,12,0,12,NE,1,Home,12,0,12,3,1
2003-12-14,2003,15,New England Patriots,NE,27,Jacksonville Jaguars,JAX,13,NE,-6,33,40,0,27,13,14,NE,1,Home,27,13,14,6,1
2003-12-20,2003,16,New York Jets,NYJ,16,New England Patriots,NE,21,NE,-3,35,37,0,21,16,5,NE,1,Away,21,16,5,3,1
2003-12-27,2003,17,New England Patriots,NE,31,Buffalo Bills,BUF,0,NE,-9.5,34.5,31,0,31,0,31,NE,1,Home,31,0,31,9.5,1
2004-09-09,2004,1,New England Patriots,NE,27,Indianapolis Colts,IND,24,NE,-3,44.5,51,0,27,24,3,NE,1,Home,27,24,3,3,0
2004-09-19,2004,2,Arizona Cardinals,ARI,12,New England Patriots,NE,23,NE,-8,41.5,35,0,23,12,11,NE,1,Away,23,12,11,8,1
2004-10-03,2004,4,Buffalo Bills,BUF,17,New England Patriots,NE,31,NE,-5.5,35,48,0,31,17,14,NE,1,Away,31,17,14,5.5,1
2004-10-10,2004,5,New England Patriots,NE,24,Miami Dolphins,MIA,10,NE,-11,34,34,0,24,10,14,NE,1,Home,24,10,14,11,1
2004-10-17,2004,6,New England Patriots,NE,30,Seattle Seahawks,SEA,20,NE,-3.5,42,50,0,30,20,10,NE,1,Home,30,20,10,3.5,1
2004-10-24,2004,7,New England Patriots,NE,13,New York Jets,NYJ,7,NE,-6,43.5,20,0,13,7,6,NE,1,Home,13,7,6,6,0
2004-10-31,2004,8,Pittsburgh Steelers,PIT,34,New England Patriots,NE,20,NE,-3,42,54,0,20,34,-14,NE,1,Away,20,34,-14,3,0
2004-11-07,2004,9,St. Louis Rams,LAR,22,New England Patriots,NE,40,LAR,-2.5,49.5,62,0,22,40,-18,NE,0,Away,40,22,18,-2.5,1
2004-11-14,2004,10,New England Patriots,NE,29,Buffalo Bills,BUF,6,NE,-7,38,35,0,29,6,23,NE,1,Home,29,6,23,7,1
2004-11-22,2004,11,Kansas City Chiefs,KC,19,New England Patriots,NE,27,NE,-3,52,46,0,27,19,8,NE,1,Away,27,19,8,3,1
2004-11-28,2004,12,New England Patriots,NE,24,Baltimore Ravens,BAL,3,NE,-7,34.5,27,0,24,3,21,NE,1,Home,24,3,21,7,1
2004-12-05,2004,13,Cleveland Browns,CLE,15,New England Patriots,NE,42,NE,-11,41,57,0,42,15,27,NE,1,Away,42,15,27,11,1
2004-12-12,2004,14,New England Patriots,NE,35,Cincinnati Bengals,CIN,28,NE,-10.5,47,63,0,35,28,7,NE,1,Home,35,28,7,10.5,0
2004-12-20,2004,15,Miami Dolphins,MIA,29,New England Patriots,NE,28,NE,-10,44,57,0,28,29,-1,NE,1,Away,28,29,-1,10,0
2004-12-26,2004,16,New York Jets,NYJ,7,New England Patriots,NE,23,PICK,0,41.5,30,0,23,7,16,NE,0,Away,23,7,16,0,1
2005-01-02,2004,17,New England Patriots,NE,21,San Francisco 49ers,SF,7,NE,-13,37,28,0,21,7,14,NE,1,Home,21,7,14,13,1
2005-09-08,2005,1,New England Patriots,NE,30,Oakland Raiders,OAK,20,NE,-7.5,50,50,0,30,20,10,NE,1,Home,30,20,10,7.5,1
2005-09-18,2005,2,Carolina Panthers,CAR,27,New England Patriots,NE,17,NE,-3,44,44,0,17,27,-10,NE,1,Away,17,27,-10,3,0
2005-09-25,2005,3,Pittsburgh Steelers,PIT,20,New England Patriots,NE,23,PIT,-3,41.5,43,0,20,23,-3,NE,0,Away,23,20,3,-3,1
2005-10-02,2005,4,New England Patriots,NE,17,San Diego Chargers,LAC,41,NE,-5.5,47,58,0,17,41,-24,NE,1,Home,17,41,-24,5.5,0
2005-10-09,2005,5,Atlanta Falcons,ATL,28,New England Patriots,NE,31,ATL,-2.5,43.5,59,0,28,31,-3,NE,0,Away,31,28,3,-2.5,1
2005-10-16,2005,6,Denver Broncos,DEN,28,New England Patriots,NE,20,DEN,-3,44,48,0,28,20,8,NE,0,Away,20,28,-8,-3,0
2005-10-30,2005,8,New England Patriots,NE,21,Buffalo Bills,BUF,16,NE,-7,43.5,37,0,21,16,5,NE,1,Home,21,16,5,7,0
2005-11-07,2005,9,New England Patriots,NE,21,Indianapolis Colts,IND,40,IND,-3,46.5,61,0,40,21,19,NE,0,Home,21,40,-19,-3,0
2005-11-13,2005,10,Miami Dolphins,MIA,16,New England Patriots,NE,23,NE,-2.5,40,39,0,23,16,7,NE,1,Away,23,16,7,2.5,1
2005-11-20,2005,11,New England Patriots,NE,24,New Orleans Saints,NO,17,NE,-10,45,41,0,24,17,7,NE,1,Home,24,17,7,10,0
2005-11-27,2005,12,Kansas City Chiefs,KC,26,New England Patriots,NE,16,KC,-3,51,42,0,26,16,10,NE,0,Away,16,26,-10,-3,0
2005-12-04,2005,13,New England Patriots,NE,16,New York Jets,NYJ,3,NE,-7.5,42.5,19,0,16,3,13,NE,1,Home,16,3,13,7.5,1
2005-12-11,2005,14,Buffalo Bills,BUF,7,New England Patriots,NE,35,NE,-3.5,38,42,0,35,7,28,NE,1,Away,35,7,28,3.5,1
2005-12-17,2005,15,New England Patriots,NE,28,Tampa Bay Buccaneers,TB,0,NE,-4.5,36,28,0,28,0,28,NE,1,Home,28,0,28,4.5,1
2005-12-26,2005,16,New York Jets,NYJ,21,New England Patriots,NE,31,NE,-4,37.5,52,0,31,21,10,NE,1,Away,31,21,10,4,1
2006-01-01,2005,17,New England Patriots,NE,26,Miami Dolphins,MIA,28,NE,-3,37,54,0,26,28,-2,NE,1,Home,26,28,-2,3,0
2006-09-10,2006,1,New England Patriots,NE,19,Buffalo Bills,BUF,17,NE,-10,41,36,0,19,17,2,NE,1,Home,19,17,2,10,0
2006-09-17,2006,2,New York Jets,NYJ,17,New England Patriots,NE,24,NE,-6,38.5,41,0,24,17,7,NE,1,Away,24,17,7,6,1
2006-09-24,2006,3,New England Patriots,NE,7,Denver Broncos,DEN,17,NE,-6.5,38.5,24,0,7,17,-10,NE,1,Home,7,17,-10,6.5,0
2006-10-01,2006,4,Cincinnati Bengals,CIN,13,New England Patriots,NE,38,CIN,-6,46,51,0,13,38,-25,NE,0,Away,38,13,25,-6,1
2006-10-08,2006,5,New England Patriots,NE,20,Miami Dolphins,MIA,10,NE,-9.5,36.5,30,0,20,10,10,NE,1,Home,20,10,10,9.5,1
2006-10-22,2006,7,Buffalo Bills,BUF,6,New England Patriots,NE,28,NE,-5.5,37,34,0,28,6,22,NE,1,Away,28,6,22,5.5,1
2006-10-30,2006,8,Minnesota Vikings,MIN,7,New England Patriots,NE,31,NE,-2.5,39.5,38,0,31,7,24,NE,1,Away,31,7,24,2.5,1
2006-11-05,2006,9,New England Patriots,NE,20,Indianapolis Colts,IND,27,NE,-2.5,47.5,47,0,20,27,-7,NE,1,Home,20,27,-7,2.5,0
2006-11-12,2006,10,New England Patriots,NE,14,New York Jets,NYJ,17,NE,-10.5,38,31,0,14,17,-3,NE,1,Home,14,17,-3,10.5,0
2006-11-19,2006,11,Green Bay Packers,GB,0,New England Patriots,NE,35,NE,-6,46,35,0,35,0,35,NE,1,Away,35,0,35,6,1
2006-11-26,2006,12,New England Patriots,NE,17,Chicago Bears,CHI,13,NE,-3.5,38,30,0,17,13,4,NE,1,Home,17,13,4,3.5,1
2006-12-03,2006,13,New England Patriots,NE,28,Detroit Lions,DET,21,NE,-13.5,41.5,49,0,28,21,7,NE,1,Home,28,21,7,13.5,0
2006-12-10,2006,14,Miami Dolphins,MIA,21,New England Patriots,NE,0,NE,-3,37,21,0,0,21,-21,NE,1,Away,0,21,-21,3,0
2006-12-17,2006,15,New England Patriots,NE,40,Houston Texans,HOU,7,NE,-12.5,37.5,47,0,40,7,33,NE,1,Home,40,7,33,12.5,1
2006-12-24,2006,16,Jacksonville Jaguars,JAX,21,New England Patriots,NE,24,JAX,-3,37,45,0,21,24,-3,NE,0,Away,24,21,3,-3,1
2006-12-31,2006,17,Tennessee Titans,TEN,23,New England Patriots,NE,40,TEN,-3,41.5,63,0,23,40,-17,NE,0,Away,40,23,17,-3,1
2007-09-09,2007,1,New York Jets,NYJ,14,New England Patriots,NE,38,NE,-6.5,41,52,0,38,14,24,NE,1,Away,38,14,24,6.5,1
2007-09-16,2007,2,New England Patriots,NE,38,San Diego Chargers,LAC,14,NE,-3.5,46,52,0,38,14,24,NE,1,Home,38,14,24,3.5,1
2007-09-23,2007,3,New England Patriots,NE,38,Buffalo Bills,BUF,7,NE,-16.5,41,45,0,38,7,31,NE,1,Home,38,7,31,16.5,1
2007-10-01,2007,4,Cincinnati Bengals,CIN,13,New England Patriots,NE,34,NE,-7.5,54,47,0,34,13,21,NE,1,Away,34,13,21,7.5,1
2007-10-07,2007,5,New England Patriots,NE,34,Cleveland Browns,CLE,17,NE,-15.5,48,51,0,34,17,17,NE,1,Home,34,17,17,15.5,1
2007-10-14,2007,6,Dallas Cowboys,DAL,27,New England Patriots,NE,48,NE,-5,53,75,0,48,27,21,NE,1,Away,48,27,21,5,1
2007-10-21,2007,7,Miami Dolphins,MIA,28,New England Patriots,NE,49,NE,-15.5,49.5,77,0,49,28,21,NE,1,Away,49,28,21,15.5,1
2007-10-28,2007,8,New England Patriots,NE,52,Washington Redskins,WAS,7,NE,-14.5,46.5,59,0,52,7,45,NE,1,Home,52,7,45,14.5,1
2007-11-04,2007,9,Indianapolis Colts,IND,20,New England Patriots,NE,24,NE,-5,56.5,44,0,24,20,4,NE,1,Away,24,20,4,5,0
2007-11-18,2007,11,Buffalo Bills,BUF,10,New England Patriots,NE,56,NE,-16,46.5,66,0,56,10,46,NE,1,Away,56,10,46,16,1
2007-11-25,2007,12,New England Patriots,NE,31,Philadelphia Eagles,PHI,28,NE,-24.5,51.5,59,0,31,28,3,NE,1,Home,31,28,3,24.5,0
2007-12-03,2007,13,Baltimore Ravens,BAL,24,New England Patriots,NE,27,NE,-18.5,46.5,51,0,27,24,3,NE,1,Away,27,24,3,18.5,0
2007-12-09,2007,14,New England Patriots,NE,34,Pittsburgh Steelers,PIT,13,NE,-10.5,49.5,47,0,34,13,21,NE,1,Home,34,13,21,10.5,1
2007-12-16,2007,15,New England Patriots,NE,20,New York Jets,NYJ,10,NE,-20.5,41,30,0,20,10,10,NE,1,Home,20,10,10,20.5,0
2007-12-23,2007,16,New England Patriots,NE,28,Miami Dolphins,MIA,7,NE,-22.5,45.5,35,0,28,7,21,NE,1,Home,28,7,21,22.5,0
2007-12-29,2007,17,New York Giants,NYG,35,New England Patriots,NE,38,NE,-13.5,46.5,73,0,38,35,3,NE,1,Away,38,35,3,13.5,0
2008-09-07,2008,1,New England Patriots,NE,17,Kansas City Chiefs,KC,10,NE,-16,43.5,27,0,17,10,7,NE,1,Home,17,10,7,16,0
2008-09-14,2008,2,New York Jets,NYJ,10,New England Patriots,NE,19,NYJ,-1,37,29,0,10,19,-9,NE,0,Away,19,10,9,-1,1
2008-09-21,2008,3,New England Patriots,NE,13,Miami Dolphins,MIA,38,NE,-12.5,37,51,0,13,38,-25,NE,1,Home,13,38,-25,12.5,0
2008-10-05,2008,5,San Francisco 49ers,SF,21,New England Patriots,NE,30,NE,-3,41,51,0,30,21,9,NE,1,Away,30,21,9,3,1
2008-10-12,2008,6,San Diego Chargers,LAC,30,New England Patriots,NE,10,LAC,-6,44,40,0,30,10,20,NE,0,Away,10,30,-20,-6,0
2008-10-20,2008,7,New England Patriots,NE,41,Denver Broncos,DEN,7,NE,-3,48,48,0,41,7,34,NE,1,Home,41,7,34,3,1
2008-10-26,2008,8,New England Patriots,NE,23,St. Louis Rams,LAR,16,NE,-9,41,39,0,23,16,7,NE,1,Home,23,16,7,9,0
2008-11-02,2008,9,Indianapolis Colts,IND,18,New England Patriots,NE,15,IND,-6.5,44,33,0,18,15,3,NE,0,Away,15,18,-3,-6.5,1
2008-11-09,2008,10,New England Patriots,NE,20,Buffalo Bills,BUF,10,NE,-3.5,41,30,0,20,10,10,NE,1,Home,20,10,10,3.5,1
2008-11-13,2008,11,New England Patriots,NE,31,New York Jets,NYJ,34,NE,-3.5,42.5,65,0,31,34,-3,NE,1,Home,31,34,-3,3.5,0
2008-11-23,2008,12,Miami Dolphins,MIA,28,New England Patriots,NE,48,NE,-2,42.5,76,0,48,28,20,NE,1,Away,48,28,20,2,1
2008-11-30,2008,13,New England Patriots,NE,10,Pittsburgh Steelers,PIT,33,NE,-2.5,40,43,0,10,33,-23,NE,1,Home,10,33,-23,2.5,0
2008-12-07,2008,14,Seattle Seahawks,SEA,21,New England Patriots,NE,24,NE,-7.5,43,45,0,24,21,3,NE,1,Away,24,21,3,7.5,0
2008-12-14,2008,15,Oakland Raiders,OAK,26,New England Patriots,NE,49,NE,-7,39.5,75,0,49,26,23,NE,1,Away,49,26,23,7,1
2008-12-21,2008,16,New England Patriots,NE,47,Arizona Cardinals,ARI,7,NE,-8,41,54,0,47,7,40,NE,1,Home,47,7,40,8,1
2008-12-28,2008,17,Buffalo Bills,BUF,0,New England Patriots,NE,13,NE,-5.5,34.5,13,0,13,0,13,NE,1,Away,13,0,13,5.5,1
2009-09-14,2009,1,New England Patriots,NE,25,Buffalo Bills,BUF,24,NE,-13.5,47.5,49,0,25,24,1,NE,1,Home,25,24,1,13.5,0
2009-09-20,2009,2,New York Jets,NYJ,16,New England Patriots,NE,9,NE,-3.5,45,25,0,9,16,-7,NE,1,Away,9,16,-7,3.5,0
2009-09-27,2009,3,New England Patriots,NE,26,Atlanta Falcons,ATL,10,NE,-4.5,45.5,36,0,26,10,16,NE,1,Home,26,10,16,4.5,1
2009-10-04,2009,4,New England Patriots,NE,27,Baltimore Ravens,BAL,21,NE,-2,45,48,0,27,21,6,NE,1,Home,27,21,6,2,1
2009-10-11,2009,5,Denver Broncos,DEN,20,New England Patriots,NE,17,NE,-3,41.5,37,0,17,20,-3,NE,1,Away,17,20,-3,3,0
2009-10-18,2009,6,New England Patriots,NE,59,Tennessee Titans,TEN,0,NE,-9,37.5,59,0,59,0,59,NE,1,Home,59,0,59,9,1
2009-11-08,2009,9,New England Patriots,NE,27,Miami Dolphins,MIA,17,NE,-10.5,46.5,44,0,27,17,10,NE,1,Home,27,17,10,10.5,0
2009-11-15,2009,10,Indianapolis Colts,IND,35,New England Patriots,NE,34,IND,-1.5,48.5,69,0,35,34,1,NE,0,Away,34,35,-1,-1.5,1
2009-11-22,2009,11,New England Patriots,NE,31,New York Jets,NYJ,14,NE,-11,45,45,0,31,14,17,NE,1,Home,31,14,17,11,1
2009-11-30,2009,12,New Orleans Saints,NO,38,New England Patriots,NE,17,NO,-1.5,56.5,55,0,38,17,21,NE,0,Away,17,38,-21,-1.5,0
2009-12-06,2009,13,Miami Dolphins,MIA,22,New England Patriots,NE,21,NE,-5,46.5,43,0,21,22,-1,NE,1,Away,21,22,-1,5,0
2009-12-13,2009,14,New England Patriots,NE,20,Carolina Panthers,CAR,10,NE,-12.5,43.5,30,0,20,10,10,NE,1,Home,20,10,10,12.5,0
2009-12-20,2009,15,Buffalo Bills,BUF,10,New England Patriots,NE,17,NE,-7,41,27,0,17,10,7,NE,1,Away,17,10,7,7,0
2009-12-27,2009,16,New England Patriots,NE,35,Jacksonville Jaguars,JAX,7,NE,-9,44.5,42,0,35,7,28,NE,1,Home,35,7,28,9,1
2010-01-03,2009,17,Houston Texans,HOU,34,New England Patriots,NE,27,HOU,-7.5,47,61,0,34,27,7,NE,0,Away,27,34,-7,-7.5,1
2010-09-12,2010,1,New England Patriots,NE,38,Cincinnati Bengals,CIN,24,NE,-5.5,45,62,0,38,24,14,NE,1,Home,38,24,14,5.5,1
2010-09-19,2010,2,New York Jets,NYJ,28,New England Patriots,NE,14,NE,-3,39.5,42,0,14,28,-14,NE,1,Away,14,28,-14,3,0
2010-09-26,2010,3,New England Patriots,NE,38,Buffalo Bills,BUF,30,NE,-14.5,43,68,0,38,30,8,NE,1,Home,38,30,8,14.5,0
2010-10-04,2010,4,Miami Dolphins,MIA,14,New England Patriots,NE,41,NE,-1,48,55,0,41,14,27,NE,1,Away,41,14,27,1,1
2010-10-17,2010,6,New England Patriots,NE,23,Baltimore Ravens,BAL,20,NE,-3,44.5,43,0,23,20,3,NE,1,Home,23,20,3,3,0
2010-10-24,2010,7,San Diego Chargers,LAC,20,New England Patriots,NE,23,LAC,-1.5,49.5,43,0,20,23,-3,NE,0,Away,23,20,3,-1.5,1
2010-10-31,2010,8,New England Patriots,NE,28,Minnesota Vikings,MIN,18,NE,-5.5,45,46,0,28,18,10,NE,1,Home,28,18,10,5.5,1
2010-11-07,2010,9,Cleveland Browns,CLE,34,New England Patriots,NE,14,NE,-4,43.5,48,0,14,34,-20,NE,1,Away,14,34,-20,4,0
2010-11-14,2010,10,Pittsburgh Steelers,PIT,26,New England Patriots,NE,39,PIT,-4.5,45,65,0,26,39,-13,NE,0,Away,39,26,13,-4.5,1
2010-11-21,2010,11,New England Patriots,NE,31,Indianapolis Colts,IND,28,NE,-4.5,50,59,0,31,28,3,NE,1,Home,31,28,3,4.5,0
2010-11-25,2010,12,Detroit Lions,DET,24,New England Patriots,NE,45,NE,-7.5,50.5,69,0,45,24,21,NE,1,Away,45,24,21,7.5,1
2010-12-06,2010,13,New England Patriots,NE,45,New York Jets,NYJ,3,NE,-4,44.5,48,0,45,3,42,NE,1,Home,45,3,42,4,1
2010-12-12,2010,14,Chicago Bears,CHI,7,New England Patriots,NE,36,NE,-3,37,43,0,36,7,29,NE,1,Away,36,7,29,3,1
2010-12-19,2010,15,New England Patriots,NE,31,Green Bay Packers,GB,27,NE,-14.5,43.5,58,0,31,27,4,NE,1,Home,31,27,4,14.5,0
2010-12-26,2010,16,Buffalo Bills,BUF,3,New England Patriots,NE,34,NE,-9,45.5,37,0,34,3,31,NE,1,Away,34,3,31,9,1
2011-01-02,2010,17,New England Patriots,NE,38,Miami Dolphins,MIA,7,NE,-6,44,45,0,38,7,31,NE,1,Home,38,7,31,6,1
2011-09-12,2011,1,Miami Dolphins,MIA,24,New England Patriots,NE,38,NE,-7.5,47,62,0,38,24,14,NE,1,Away,38,24,14,7.5,1
2011-09-18,2011,2,New England Patriots,NE,35,San Diego Chargers,LAC,21,NE,-7,53.5,56,0,35,21,14,NE,1,Home,35,21,14,7,1
2011-09-25,2011,3,Buffalo Bills,BUF,34,New England Patriots,NE,31,NE,-7.5,54.5,65,0,31,34,-3,NE,1,Away,31,34,-3,7.5,0
2011-10-02,2011,4,Oakland Raiders,OAK,19,New England Patriots,NE,31,NE,-6.5,55.5,50,0,31,19,12,NE,1,Away,31,19,12,6.5,1
2011-10-09,2011,5,New England Patriots,NE,30,New York Jets,NYJ,21,NE,-7.5,50,51,0,30,21,9,NE,1,Home,30,21,9,7.5,1
2011-10-16,2011,6,New England Patriots,NE,20,Dallas Cowboys,DAL,16,NE,-7,54.5,36,0,20,16,4,NE,1,Home,20,16,4,7,0
2011-10-30,2011,8,Pittsburgh Steelers,PIT,25,New England Patriots,NE,17,NE,-3,52,42,0,17,25,-8,NE,1,Away,17,25,-8,3,0
2011-11-06,2011,9,New England Patriots,NE,20,New York Giants,NYG,24,NE,-9,51,44,0,20,24,-4,NE,1,Home,20,24,-4,9,0
2011-11-13,2011,10,New York Jets,NYJ,16,New England Patriots,NE,37,NYJ,-2.5,47,53,0,16,37,-21,NE,0,Away,37,16,21,-2.5,1
2011-11-21,2011,11,New England Patriots,NE,34,Kansas City Chiefs,KC,3,NE,-17,47,37,0,34,3,31,NE,1,Home,34,3,31,17,1
2011-11-27,2011,12,Philadelphia Eagles,PHI,20,New England Patriots,NE,38,NE,-3.5,50.5,58,0,38,20,18,NE,1,Away,38,20,18,3.5,1
2011-12-04,2011,13,New England Patriots,NE,31,Indianapolis Colts,IND,24,NE,-20.5,48.5,55,0,31,24,7,NE,1,Home,31,24,7,20.5,0
2011-12-11,2011,14,Washington Redskins,WAS,27,New England Patriots,NE,34,NE,-7.5,47,61,0,34,27,7,NE,1,Away,34,27,7,7.5,0
2011-12-18,2011,15,Denver Broncos,DEN,23,New England Patriots,NE,41,NE,-7.5,47.5,64,0,41,23,18,NE,1,Away,41,23,18,7.5,1
2011-12-24,2011,16,New England Patriots,NE,27,Miami Dolphins,MIA,24,NE,-7.5,49.5,51,0,27,24,3,NE,1,Home,27,24,3,7.5,0
2012-01-01,2011,17,New England Patriots,NE,49,Buffalo Bills,BUF,21,NE,-10,50,70,0,49,21,28,NE,1,Home,49,21,28,10,1
2012-09-09,2012,1,Tennessee Titans,TEN,13,New England Patriots,NE,34,NE,-6.5,48,47,0,34,13,21,NE,1,Away,34,13,21,6.5,1
2012-09-16,2012,2,New England Patriots,NE,18,Arizona Cardinals,ARI,20,NE,-13.5,47,38,0,18,20,-2,NE,1,Home,18,20,-2,13.5,0
2012-09-23,2012,3,Baltimore Ravens,BAL,31,New England Patriots,NE,30,BAL,-3,48,61,0,31,30,1,NE,0,Away,30,31,-1,-3,1
2012-09-30,2012,4,Buffalo Bills,BUF,28,New England Patriots,NE,52,NE,-4.5,48.5,80,0,52,28,24,NE,1,Away,52,28,24,4.5,1
2012-10-07,2012,5,New England Patriots,NE,31,Denver Broncos,DEN,21,NE,-6,51.5,52,0,31,21,10,NE,1,Home,31,21,10,6,1
2012-10-14,2012,6,Seattle Seahawks,SEA,24,New England Patriots,NE,23,NE,-4,42.5,47,0,23,24,-1,NE,1,Away,23,24,-1,4,0
2012-10-21,2012,7,New England Patriots,NE,29,New York Jets,NYJ,26,NE,-10.5,47,55,0,29,26,3,NE,1,Home,29,26,3,10.5,0
2012-11-11,2012,10,New England Patriots,NE,37,Buffalo Bills,BUF,31,NE,-13.5,54,68,0,37,31,6,NE,1,Home,37,31,6,13.5,0
2012-11-18,2012,11,New England Patriots,NE,59,Indianapolis Colts,IND,24,NE,-10,55,83,0,59,24,35,NE,1,Home,59,24,35,10,1
2012-11-22,2012,12,New York Jets,NYJ,19,New England Patriots,NE,49,NE,-7,48.5,68,0,49,19,30,NE,1,Away,49,19,30,7,1
2012-12-02,2012,13,Miami Dolphins,MIA,16,New England Patriots,NE,23,NE,-9,51.5,39,0,23,16,7,NE,1,Away,23,16,7,9,0
2012-12-10,2012,14,New England Patriots,NE,42,Houston Texans,HOU,14,NE,-5.5,51,56,0,42,14,28,NE,1,Home,42,14,28,5.5,1
2012-12-16,2012,15,New England Patriots,NE,34,San Francisco 49ers,SF,41,NE,-5,47.5,75,0,34,41,-7,NE,1,Home,34,41,-7,5,0
2012-12-23,2012,16,Jacksonville Jaguars,JAX,16,New England Patriots,NE,23,NE,-14.5,51,39,0,23,16,7,NE,1,Away,23,16,7,14.5,0
2012-12-30,2012,17,New England Patriots,NE,28,Miami Dolphins,MIA,0,NE,-10,46.5,28,0,28,0,28,NE,1,Home,28,0,28,10,1
2013-09-08,2013,1,Buffalo Bills,BUF,21,New England Patriots,NE,23,NE,-10.5,51.5,44,0,23,21,2,NE,1,Away,23,21,2,10.5,0
2013-09-12,2013,2,New England Patriots,NE,13,New York Jets,NYJ,10,NE,-11.5,43.5,23,0,13,10,3,NE,1,Home,13,10,3,11.5,0
2013-09-22,2013,3,New England Patriots,NE,23,Tampa Bay Buccaneers,TB,3,NE,-7.5,45,26,0,23,3,20,NE,1,Home,23,3,20,7.5,1
2013-09-29,2013,4,Atlanta Falcons,ATL,23,New England Patriots,NE,30,ATL,-3,50,53,0,23,30,-7,NE,0,Away,30,23,7,-3,1
2013-10-06,2013,5,Cincinnati Bengals,CIN,13,New England Patriots,NE,6,NE,-1,45.5,19,0,6,13,-7,NE,1,Away,6,13,-7,1,0
2013-10-13,2013,6,New England Patriots,NE,30,New Orleans Saints,NO,27,NE,-2.5,50,57,0,30,27,3,NE,1,Home,30,27,3,2.5,1
2013-10-20,2013,7,New York Jets,NYJ,30,New England Patriots,NE,27,NE,-3,43,57,0,27,30,-3,NE,1,Away,27,30,-3,3,0
2013-10-27,2013,8,New England Patriots,NE,27,Miami Dolphins,MIA,17,NE,-5.5,45,44,0,27,17,10,NE,1,Home,27,17,10,5.5,1
2013-11-03,2013,9,New England Patriots,NE,55,Pittsburgh Steelers,PIT,31,NE,-5.5,43,86,0,55,31,24,NE,1,Home,55,31,24,5.5,1
2013-11-18,2013,11,Carolina Panthers,CAR,24,New England Patriots,NE,20,CAR,-3,45.5,44,0,24,20,4,NE,0,Away,20,24,-4,-3,0
2013-11-24,2013,12,New England Patriots,NE,34,Denver Broncos,DEN,31,DEN,-2.5,53,65,0,31,34,-3,NE,0,Home,34,31,3,-2.5,1
2013-12-01,2013,13,Houston Texans,HOU,31,New England Patriots,NE,34,NE,-6.5,47.5,65,0,34,31,3,NE,1,Away,34,31,3,6.5,0
2013-12-08,2013,14,New England Patriots,NE,27,Cleveland Browns,CLE,26,NE,-9.5,47.5,53,0,27,26,1,NE,1,Home,27,26,1,9.5,0
2013-12-15,2013,15,Miami Dolphins,MIA,24,New England Patriots,NE,20,MIA,-2.5,46.5,44,0,24,20,4,NE,0,Away,20,24,-4,-2.5,0
2013-12-22,2013,16,Baltimore Ravens,BAL,7,New England Patriots,NE,41,BAL,-1.5,44.5,48,0,7,41,-34,NE,0,Away,41,7,34,-1.5,1
2013-12-29,2013,17,New England Patriots,NE,34,Buffalo Bills,BUF,20,NE,-7,46,54,0,34,20,14,NE,1,Home,34,20,14,7,1
2014-09-07,2014,1,Miami Dolphins,MIA,33,New England Patriots,NE,20,NE,-3.5,46.5,53,0,20,33,-13,NE,1,Away,20,33,-13,3.5,0
2014-09-14,2014,2,Minnesota Vikings,MIN,7,New England Patriots,NE,30,NE,-3.5,49,37,0,30,7,23,NE,1,Away,30,7,23,3.5,1
2014-09-21,2014,3,New England Patriots,NE,16,Oakland Raiders,OAK,9,NE,-14,47,25,0,16,9,7,NE,1,Home,16,9,7,14,0
2014-09-29,2014,4,Kansas City Chiefs,KC,41,New England Patriots,NE,14,NE,-3,45.5,55,0,14,41,-27,NE,1,Away,14,41,-27,3,0
2014-10-05,2014,5,New England Patriots,NE,43,Cincinnati Bengals,CIN,17,CIN,-2.5,46.5,60,0,17,43,-26,NE,0,Home,43,17,26,-2.5,1
2014-10-12,2014,6,Buffalo Bills,BUF,22,New England Patriots,NE,37,BUF,-1,44.5,59,0,22,37,-15,NE,0,Away,37,22,15,-1,1
2014-10-16,2014,7,New England Patriots,NE,27,New York Jets,NYJ,25,NE,-9.5,44.5,52,0,27,25,2,NE,1,Home,27,25,2,9.5,0
2014-10-26,2014,8,New England Patriots,NE,51,Chicago Bears,CHI,23,NE,-6,52,74,0,51,23,28,NE,1,Home,51,23,28,6,1
2014-11-02,2014,9,New England Patriots,NE,43,Denver Broncos,DEN,21,DEN,-3,53,64,0,21,43,-22,NE,0,Home,43,21,22,-3,1
2014-11-16,2014,11,Indianapolis Colts,IND,20,New England Patriots,NE,42,IND,-3,59,62,0,20,42,-22,NE,0,Away,42,20,22,-3,1
2014-11-23,2014,12,New England Patriots,NE,34,Detroit Lions,DET,9,NE,-7.5,47.5,43,0,34,9,25,NE,1,Home,34,9,25,7.5,1
2014-11-30,2014,13,Green Bay Packers,GB,26,New England Patriots,NE,21,GB,-3,58,47,0,26,21,5,NE,0,Away,21,26,-5,-3,0
2014-12-07,2014,14,San Diego Chargers,LAC,14,New England Patriots,NE,23,NE,-4,54,37,0,23,14,9,NE,1,Away,23,14,9,4,1
2014-12-14,2014,15,New England Patriots,NE,41,Miami Dolphins,MIA,13,NE,-9.5,48,54,0,41,13,28,NE,1,Home,41,13,28,9.5,1
2014-12-21,2014,16,New York Jets,NYJ,16,New England Patriots,NE,17,NE,-10,47,33,0,17,16,1,NE,1,Away,17,16,1,10,0
2014-12-28,2014,17,New England Patriots,NE,9,Buffalo Bills,BUF,17,NE,-4.5,43.5,26,0,9,17,-8,NE,1,Home,9,17,-8,4.5,0
2015-09-10,2015,1,New England Patriots,NE,28,Pittsburgh Steelers,PIT,21,NE,-7,51,49,0,28,21,7,NE,1,Home,28,21,7,7,0
2015-09-20,2015,2,Buffalo Bills,BUF,32,New England Patriots,NE,40,BUF,-1,44.5,72,0,32,40,-8,NE,0,Away,40,32,8,-1,1
2015-09-27,2015,3,New England Patriots,NE,51,Jacksonville Jaguars,JAX,17,NE,-14,49,68,0,51,17,34,NE,1,Home,51,17,34,14,1
2015-10-11,2015,5,Dallas Cowboys,DAL,6,New England Patriots,NE,30,NE,-8.5,50.5,36,0,30,6,24,NE,1,Away,30,6,24,8.5,1
2015-10-18,2015,6,Indianapolis Colts,IND,27,New England Patriots,NE,34,NE,-9,54,61,0,34,27,7,NE,1,Away,34,27,7,9,0
2015-10-25,2015,7,New England Patriots,NE,30,New York Jets,NYJ,23,NE,-7,47.5,53,0,30,23,7,NE,1,Home,30,23,7,7,0
2015-10-29,2015,8,New England Patriots,NE,36,Miami Dolphins,MIA,7,NE,-8,51.5,43,0,36,7,29,NE,1,Home,36,7,29,8,1
2015-11-08,2015,9,New England Patriots,NE,27,Washington Redskins,WAS,10,NE,-13.5,51.5,37,0,27,10,17,NE,1,Home,27,10,17,13.5,1
2015-11-15,2015,10,New York Giants,NYG,26,New England Patriots,NE,27,NE,-7,52.5,53,0,27,26,1,NE,1,Away,27,26,1,7,0
2015-11-23,2015,11,New England Patriots,NE,20,Buffalo Bills,BUF,13,NE,-7,47.5,33,0,20,13,7,NE,1,Home,20,13,7,7,0
2015-11-29,2015,12,Denver Broncos,DEN,30,New England Patriots,NE,24,NE,-2.5,43,54,0,24,30,-6,NE,1,Away,24,30,-6,2.5,0
2015-12-06,2015,13,New England Patriots,NE,28,Philadelphia Eagles,PHI,35,NE,-9.5,49,63,0,28,35,-7,NE,1,Home,28,35,-7,9.5,0
2015-12-13,2015,14,Houston Texans,HOU,6,New England Patriots,NE,27,NE,-5,46.5,33,0,27,6,21,NE,1,Away,27,6,21,5,1
2015-12-20,2015,15,New England Patriots,NE,33,Tennessee Titans,TEN,16,NE,-14.5,48,49,0,33,16,17,NE,1,Home,33,16,17,14.5,1
2015-12-27,2015,16,New York Jets,NYJ,26,New England Patriots,NE,20,NE,-2.5,45.5,46,0,20,26,-6,NE,1,Away,20,26,-6,2.5,0
2016-01-03,2015,17,Miami Dolphins,MIA,20,New England Patriots,NE,10,NE,-10,46.5,30,0,10,20,-10,NE,1,Away,10,20,-10,10,0
2016-09-11,2016,1,Arizona Cardinals,ARI,21,New England Patriots,NE,23,ARI,-8.5,44,44,0,21,23,-2,NE,0,Away,23,21,2,-8.5,1
2016-09-18,2016,2,New England Patriots,NE,31,Miami Dolphins,MIA,24,NE,-5.5,42,55,0,31,24,7,NE,1,Home,31,24,7,5.5,1
2016-09-22,2016,3,New England Patriots,NE,27,Houston Texans,HOU,0,NE,-1,38.5,27,0,27,0,27,NE,1,Home,27,0,27,1,1
2016-10-02,2016,4,New England Patriots,NE,0,Buffalo Bills,BUF,16,NE,-3.5,41,16,0,0,16,-16,NE,1,Home,0,16,-16,3.5,0
2016-10-09,2016,5,Cleveland Browns,CLE,13,New England Patriots,NE,33,NE,-10,47.5,46,0,33,13,20,NE,1,Away,33,13,20,10,1
2016-10-16,2016,6,New England Patriots,NE,35,Cincinnati Bengals,CIN,17,NE,-7.5,48,52,0,35,17,18,NE,1,Home,35,17,18,7.5,1
2016-10-23,2016,7,Pittsburgh Steelers,PIT,16,New England Patriots,NE,27,NE,-7.5,49,43,0,27,16,11,NE,1,Away,27,16,11,7.5,1
2016-10-30,2016,8,Buffalo Bills,BUF,25,New England Patriots,NE,41,NE,-5.5,48,66,0,41,25,16,NE,1,Away,41,25,16,5.5,1
2016-11-13,2016,10,New England Patriots,NE,24,Seattle Seahawks,SEA,31,NE,-7.5,49.5,55,0,24,31,-7,NE,1,Home,24,31,-7,7.5,0
2016-11-20,2016,11,San Francisco 49ers,SF,17,New England Patriots,NE,30,NE,-11.5,51.5,47,0,30,17,13,NE,1,Away,30,17,13,11.5,1
2016-11-27,2016,12,New York Jets,NYJ,17,New England Patriots,NE,22,NE,-9.5,48.5,39,0,22,17,5,NE,1,Away,22,17,5,9.5,0
2016-12-04,2016,13,New England Patriots,NE,26,Los Angeles Rams,LAR,10,NE,-13.5,45,36,0,26,10,16,NE,1,Home,26,10,16,13.5,1
2016-12-12,2016,14,New England Patriots,NE,30,Baltimore Ravens,BAL,23,NE,-6,45,53,0,30,23,7,NE,1,Home,30,23,7,6,1
2016-12-18,2016,15,Denver Broncos,DEN,3,New England Patriots,NE,16,NE,-3,43,19,0,16,3,13,NE,1,Away,16,3,13,3,1
2016-12-24,2016,16,New England Patriots,NE,41,New York Jets,NYJ,3,NE,-17,45,44,0,41,3,38,NE,1,Home,41,3,38,17,1
2017-01-01,2016,17,Miami Dolphins,MIA,14,New England Patriots,NE,35,NE,-7.5,47,49,0,35,14,21,NE,1,Away,35,14,21,7.5,1
2017-09-07,2017,1,New England Patriots,NE,27,Kansas City Chiefs,KC,42,NE,-9,48.5,69,0,27,42,-15,NE,1,Home,27,42,-15,9,0
2017-09-17,2017,2,New Orleans Saints,NO,20,New England Patriots,NE,36,NE,-7,55,56,0,36,20,16,NE,1,Away,36,20,16,7,1
2017-09-24,2017,3,New England Patriots,NE,36,Houston Texans,HOU,33,NE,-13,44.5,69,0,36,33,3,NE,1,Home,36,33,3,13,0
2017-10-01,2017,4,New England Patriots,NE,30,Carolina Panthers,CAR,33,NE,-9,49,63,0,30,33,-3,NE,1,Home,30,33,-3,9,0
2017-10-05,2017,5,Tampa Bay Buccaneers,TB,14,New England Patriots,NE,19,NE,-5,55.5,33,0,19,14,5,NE,1,Away,19,14,5,5,0
2017-10-15,2017,6,New York Jets,NYJ,17,New England Patriots,NE,24,NE,-9,48.5,41,0,24,17,7,NE,1,Away,24,17,7,9,0
2017-10-22,2017,7,New England Patriots,NE,23,Atlanta Falcons,ATL,7,NE,-3,56.5,30,0,23,7,16,NE,1,Home,23,7,16,3,1
2017-10-29,2017,8,New England Patriots,NE,21,Los Angeles Chargers,LAC,13,NE,-7,48.5,34,0,21,13,8,NE,1,Home,21,13,8,7,1
2017-11-12,2017,10,Denver Broncos,DEN,16,New England Patriots,NE,41,NE,-7,45,57,0,41,16,25,NE,1,Away,41,16,25,7,1
2017-11-26,2017,12,New England Patriots,NE,35,Miami Dolphins,MIA,17,NE,-16.5,47.5,52,0,35,17,18,NE,1,Home,35,17,18,16.5,1
2017-12-03,2017,13,Buffalo Bills,BUF,3,New England Patriots,NE,23,NE,-9,48,26,0,23,3,20,NE,1,Away,23,3,20,9,1
2017-12-11,2017,14,Miami Dolphins,MIA,27,New England Patriots,NE,20,NE,-10.5,48,47,0,20,27,-7,NE,1,Away,20,27,-7,10.5,0
2017-12-17,2017,15,Pittsburgh Steelers,PIT,24,New England Patriots,NE,27,NE,-2.5,52.5,51,0,27,24,3,NE,1,Away,27,24,3,2.5,1
2017-12-24,2017,16,New England Patriots,NE,37,Buffalo Bills,BUF,16,NE,-11,47.5,53,0,37,16,21,NE,1,Home,37,16,21,11,1
2017-12-31,2017,17,New England Patriots,NE,26,New York Jets,NYJ,6,NE,-17,43.5,32,0,26,6,20,NE,1,Home,26,6,20,17,1
2018-09-09,2018,1,New England Patriots,NE,27,Houston Texans,HOU,20,NE,-6,49.5,47,0,27,20,7,NE,1,Home,27,20,7,6,1
2018-09-16,2018,2,Jacksonville Jaguars,JAX,31,New England Patriots,NE,20,NE,-2,44.5,51,0,20,31,-11,NE,1,Away,20,31,-11,2,0
2018-09-23,2018,3,Detroit Lions,DET,26,New England Patriots,NE,10,NE,-7,55,36,0,10,26,-16,NE,1,Away,10,26,-16,7,0
2018-09-30,2018,4,New England Patriots,NE,38,Miami Dolphins,MIA,7,NE,-6.5,50.5,45,0,38,7,31,NE,1,Home,38,7,31,6.5,1
2018-10-04,2018,5,New England Patriots,NE,38,Indianapolis Colts,IND,24,NE,-10.5,49.5,62,0,38,24,14,NE,1,Home,38,24,14,10.5,1
2018-10-14,2018,6,New England Patriots,NE,43,Kansas City Chiefs,KC,40,NE,-3.5,59.5,83,0,43,40,3,NE,1,Home,43,40,3,3.5,0
2018-10-21,2018,7,Chicago Bears,CHI,31,New England Patriots,NE,38,NE,-1,48.5,69,0,38,31,7,NE,1,Away,38,31,7,1,1
2018-10-29,2018,8,Buffalo Bills,BUF,6,New England Patriots,NE,25,NE,-13.5,44.5,31,0,25,6,19,NE,1,Away,25,6,19,13.5,1
2018-11-04,2018,9,New England Patriots,NE,31,Green Bay Packers,GB,17,NE,-5,56,48,0,31,17,14,NE,1,Home,31,17,14,5,1
2018-11-11,2018,10,Tennessee Titans,TEN,34,New England Patriots,NE,10,NE,-6.5,47,44,0,10,34,-24,NE,1,Away,10,34,-24,6.5,0
2018-11-25,2018,12,New York Jets,NYJ,13,New England Patriots,NE,27,NE,-13,46.5,40,0,27,13,14,NE,1,Away,27,13,14,13,1
2018-12-02,2018,13,New England Patriots,NE,24,Minnesota Vikings,MIN,10,NE,-6,49.5,34,0,24,10,14,NE,1,Home,24,10,14,6,1
2018-12-09,2018,14,Miami Dolphins,MIA,34,New England Patriots,NE,33,NE,-9.5,49.5,67,0,33,34,-1,NE,1,Away,33,34,-1,9.5,0
2018-12-16,2018,15,Pittsburgh Steelers,PIT,17,New England Patriots,NE,10,NE,-2.5,56,27,0,10,17,-7,NE,1,Away,10,17,-7,2.5,0
2018-12-23,2018,16,New England Patriots,NE,24,Buffalo Bills,BUF,12,NE,-13.5,45,36,0,24,12,12,NE,1,Home,24,12,12,13.5,0
2018-12-30,2018,17,New England Patriots,NE,38,New York Jets,NYJ,3,NE,-14.5,46.5,41,0,38,3,35,NE,1,Home,38,3,35,14.5,1
2019-09-08,2019,1,New England Patriots,NE,33,Pittsburgh Steelers,PIT,3,NE,-5.5,49,36,0,33,3,30,NE,1,Home,33,3,30,5.5,1
2019-09-15,2019,2,Miami Dolphins,MIA,0,New England Patriots,NE,43,NE,-18,48.5,43,0,43,0,43,NE,1,Away,43,0,43,18,1
2019-09-22,2019,3,New England Patriots,NE,30,New York Jets,NYJ,14,NE,-21,43,44,0,30,14,16,NE,1,Home,30,14,16,21,0
2019-09-29,2019,4,Buffalo Bills,BUF,10,New England Patriots,NE,16,NE,-7,41.5,26,0,16,10,6,NE,1,Away,16,10,6,7,0
2019-10-06,2019,5,Washington Redskins,WAS,7,New England Patriots,NE,33,NE,-16.5,41.5,40,0,33,7,26,NE,1,Away,33,7,26,16.5,1
2019-10-10,2019,6,New England Patriots,NE,35,New York Giants,NYG,14,NE,-16.5,43,49,0,35,14,21,NE,1,Home,35,14,21,16.5,1
2019-10-21,2019,7,New York Jets,NYJ,0,New England Patriots,NE,33,NE,-10,43,33,0,33,0,33,NE,1,Away,33,0,33,10,1
2019-10-27,2019,8,New England Patriots,NE,27,Cleveland Browns,CLE,13,NE,-10,43,40,0,27,13,14,NE,1,Home,27,13,14,10,1
2019-11-03,2019,9,Baltimore Ravens,BAL,37,New England Patriots,NE,20,NE,-3,44.5,57,0,20,37,-17,NE,1,Away,20,37,-17,3,0
2019-11-17,2019,11,Philadelphia Eagles,PHI,10,New England Patriots,NE,17,NE,-4.5,45,27,0,17,10,7,NE,1,Away,17,10,7,4.5,1
2019-11-24,2019,12,New England Patriots,NE,13,Dallas Cowboys,DAL,9,NE,-5.5,44.5,22,0,13,9,4,NE,1,Home,13,9,4,5.5,0
2019-12-01,2019,13,Houston Texans,HOU,28,New England Patriots,NE,22,NE,-3,47,50,0,22,28,-6,NE,1,Away,22,28,-6,3,0
2019-12-08,2019,14,New England Patriots,NE,16,Kansas City Chiefs,KC,23,NE,-3,48.5,39,0,16,23,-7,NE,1,Home,16,23,-7,3,0
2019-12-15,2019,15,Cincinnati Bengals,CIN,13,New England Patriots,NE,34,NE,-10.5,41.5,47,0,34,13,21,NE,1,Away,34,13,21,10.5,1
2019-12-21,2019,16,New England Patriots,NE,24,Buffalo Bills,BUF,17,NE,-6.5,38.5,41,0,24,17,7,NE,1,Home,24,17,7,6.5,1
2019-12-29,2019,17,New England Patriots,NE,24,Miami Dolphins,MIA,27,NE,-17,45.5,51,0,24,27,-3,NE,1,Home,24,27,-3,17,0
2000-09-03,2000,1,New Orleans Saints,NO,10,Detroit Lions,DET,14,PICK,0,40.5,24,0,14,10,4,NO,0,Home,10,14,-4,0,0
2000-09-10,2000,2,San Diego Chargers,LAC,27,New Orleans Saints,NO,28,LAC,-5.5,35.5,55,0,27,28,-1,NO,0,Away,28,27,1,-5.5,1
2000-09-17,2000,3,Seattle Seahawks,SEA,20,New Orleans Saints,NO,10,SEA,-6,40,30,0,20,10,10,NO,0,Away,10,20,-10,-6,0
2000-09-24,2000,4,New Orleans Saints,NO,7,Philadelphia Eagles,PHI,21,NO,-1.5,38,28,0,7,21,-14,NO,1,Home,7,21,-14,1.5,0
2000-10-08,2000,6,Chicago Bears,CHI,10,New Orleans Saints,NO,31,CHI,-5.5,40,41,0,10,31,-21,NO,0,Away,31,10,21,-5.5,1
2000-10-15,2000,7,New Orleans Saints,NO,24,Carolina Panthers,CAR,6,PICK,0,40.5,30,0,6,24,-18,NO,0,Home,24,6,18,0,1
2000-10-22,2000,8,Atlanta Falcons,ATL,19,New Orleans Saints,NO,21,NO,-1.5,40,40,0,21,19,2,NO,1,Away,21,19,2,1.5,1
2000-10-29,2000,9,Arizona Cardinals,ARI,10,New Orleans Saints,NO,21,NO,-6,41,31,0,21,10,11,NO,1,Away,21,10,11,6,1
2000-11-05,2000,10,New Orleans Saints,NO,31,San Francisco 49ers,SF,15,NO,-5.5,48,46,0,31,15,16,NO,1,Home,31,15,16,5.5,1
2000-11-12,2000,11,Carolina Panthers,CAR,10,New Orleans Saints,NO,20,NO,-2,37.5,30,0,20,10,10,NO,1,Away,20,10,10,2,1
2000-11-19,2000,12,New Orleans Saints,NO,22,Oakland Raiders,OAK,31,OAK,-3,43,53,0,31,22,9,NO,0,Home,22,31,-9,-3,0
2000-11-26,2000,13,St. Louis Rams,LAR,24,New Orleans Saints,NO,31,LAR,-13.5,53.5,55,0,24,31,-7,NO,0,Away,31,24,7,-13.5,1
2000-12-03,2000,14,New Orleans Saints,NO,23,Denver Broncos,DEN,38,PICK,0,45,61,0,38,23,15,NO,0,Home,23,38,-15,0,0
2000-12-10,2000,15,San Francisco 49ers,SF,27,New Orleans Saints,NO,31,SF,-3,47.5,58,0,27,31,-4,NO,0,Away,31,27,4,-3,1
2000-12-17,2000,16,New Orleans Saints,NO,23,Atlanta Falcons,ATL,7,NO,-10,41,30,0,23,7,16,NO,1,Home,23,7,16,10,1
2000-12-24,2000,17,New Orleans Saints,NO,21,St. Louis Rams,LAR,26,LAR,-3.5,56,47,0,26,21,5,NO,0,Home,21,26,-5,-3.5,0
2001-09-09,2001,1,Buffalo Bills,BUF,6,New Orleans Saints,NO,24,NO,-1.5,37.5,30,0,24,6,18,NO,1,Away,24,6,18,1.5,1
2001-09-30,2001,3,New York Giants,NYG,21,New Orleans Saints,NO,13,NYG,-3,37,34,0,21,13,8,NO,0,Away,13,21,-8,-3,0
2001-10-07,2001,4,New Orleans Saints,NO,28,Minnesota Vikings,MIN,15,NO,-3.5,44,43,0,28,15,13,NO,1,Home,28,15,13,3.5,1
2001-10-14,2001,5,Carolina Panthers,CAR,25,New Orleans Saints,NO,27,NO,-5,39.5,52,0,27,25,2,NO,1,Away,27,25,2,5,0
2001-10-21,2001,6,New Orleans Saints,NO,13,Atlanta Falcons,ATL,20,NO,-8,42,33,0,13,20,-7,NO,1,Home,13,20,-7,8,0
2001-10-28,2001,7,St. Louis Rams,LAR,31,New Orleans Saints,NO,34,LAR,-12,48.5,65,0,31,34,-3,NO,0,Away,34,31,3,-12,1
2001-11-04,2001,8,New Orleans Saints,NO,9,New York Jets,NYJ,16,NO,-6.5,42.5,25,0,9,16,-7,NO,1,Home,9,16,-7,6.5,0
2001-11-11,2001,9,San Francisco 49ers,SF,28,New Orleans Saints,NO,27,SF,-3,45,55,0,28,27,1,NO,0,Away,27,28,-1,-3,1
2001-11-18,2001,10,New Orleans Saints,NO,34,Indianapolis Colts,IND,20,NO,-5.5,47.5,54,0,34,20,14,NO,1,Home,34,20,14,5.5,1
2001-11-25,2001,11,New England Patriots,NE,34,New Orleans Saints,NO,17,PICK,0,42,51,0,17,34,-17,NO,0,Away,17,34,-17,0,0
2001-12-02,2001,12,New Orleans Saints,NO,27,Carolina Panthers,CAR,23,NO,-10,41,50,0,27,23,4,NO,1,Home,27,23,4,10,0
2001-12-09,2001,13,Atlanta Falcons,ATL,10,New Orleans Saints,NO,28,NO,-3,39,38,0,28,10,18,NO,1,Away,28,10,18,3,1
2001-12-17,2001,14,New Orleans Saints,NO,21,St. Louis Rams,LAR,34,LAR,-6,51,55,0,34,21,13,NO,0,Home,21,34,-13,-6,0
2001-12-23,2001,15,Tampa Bay Buccaneers,TB,48,New Orleans Saints,NO,21,TB,-2.5,38,69,0,48,21,27,NO,0,Away,21,48,-27,-2.5,0
2001-12-30,2001,16,New Orleans Saints,NO,10,Washington Redskins,WAS,40,NO,-5,39.5,50,0,10,40,-30,NO,1,Home,10,40,-30,5,0
2002-01-06,2001,17,New Orleans Saints,NO,0,San Francisco 49ers,SF,38,SF,-2.5,46.5,38,0,38,0,38,NO,0,Home,0,38,-38,-2.5,0
2002-09-08,2002,1,Tampa Bay Buccaneers,TB,20,New Orleans Saints,NO,26,TB,-6,37.5,46,0,20,26,-6,NO,0,Away,26,20,6,-6,1
2002-09-15,2002,2,New Orleans Saints,NO,35,Green Bay Packers,GB,20,GB,-2.5,45.5,55,0,20,35,-15,NO,0,Home,35,20,15,-2.5,1
2002-09-22,2002,3,Chicago Bears,CHI,23,New Orleans Saints,NO,29,NO,-2,40.5,52,0,29,23,6,NO,1,Away,29,23,6,2,1
2002-09-29,2002,4,Detroit Lions,DET,26,New Orleans Saints,NO,21,NO,-9,45,47,0,21,26,-5,NO,1,Away,21,26,-5,9,0
2002-10-06,2002,5,New Orleans Saints,NO,32,Pittsburgh Steelers,PIT,29,NO,-3,43.5,61,0,32,29,3,NO,1,Home,32,29,3,3,0
2002-10-13,2002,6,Washington Redskins,WAS,27,New Orleans Saints,NO,43,NO,-1.5,45.5,70,0,43,27,16,NO,1,Away,43,27,16,1.5,1
2002-10-20,2002,7,New Orleans Saints,NO,35,San Francisco 49ers,SF,27,NO,-1.5,48.5,62,0,35,27,8,NO,1,Home,35,27,8,1.5,1
2002-10-27,2002,8,New Orleans Saints,NO,35,Atlanta Falcons,ATL,37,NO,-3.5,47,72,0,35,37,-2,NO,1,Home,35,37,-2,3.5,0
2002-11-10,2002,10,Carolina Panthers,CAR,24,New Orleans Saints,NO,34,NO,-4,39.5,58,0,34,24,10,NO,1,Away,34,24,10,4,1
2002-11-17,2002,11,Atlanta Falcons,ATL,24,New Orleans Saints,NO,17,ATL,-1.5,51,41,0,24,17,7,NO,0,Away,17,24,-7,-1.5,0
2002-11-24,2002,12,New Orleans Saints,NO,15,Cleveland Browns,CLE,24,NO,-5.5,48.5,39,0,15,24,-9,NO,1,Home,15,24,-9,5.5,0
2002-12-01,2002,13,New Orleans Saints,NO,23,Tampa Bay Buccaneers,TB,20,TB,-1.5,40,43,0,20,23,-3,NO,0,Home,23,20,3,-1.5,1
2002-12-08,2002,14,Baltimore Ravens,BAL,25,New Orleans Saints,NO,37,NO,-2,42.5,62,0,37,25,12,NO,1,Away,37,25,12,2,1
2002-12-15,2002,15,New Orleans Saints,NO,31,Minnesota Vikings,MIN,32,NO,-7,51,63,0,31,32,-1,NO,1,Home,31,32,-1,7,0
2002-12-22,2002,16,Cincinnati Bengals,CIN,20,New Orleans Saints,NO,13,NO,-7,49,33,0,13,20,-7,NO,1,Away,13,20,-7,7,0
2002-12-29,2002,17,New Orleans Saints,NO,6,Carolina Panthers,CAR,10,NO,-6,43.5,16,0,6,10,-4,NO,1,Home,6,10,-4,6,0
2003-09-07,2003,1,Seattle Seahawks,SEA,27,New Orleans Saints,NO,10,SEA,-3,48.5,37,0,27,10,17,NO,0,Away,10,27,-17,-3,0
2003-09-14,2003,2,New Orleans Saints,NO,31,Houston Texans,HOU,10,NO,-8,40.5,41,0,31,10,21,NO,1,Home,31,10,21,8,1
2003-09-21,2003,3,Tennessee Titans,TEN,27,New Orleans Saints,NO,12,TEN,-4.5,43.5,39,0,27,12,15,NO,0,Away,12,27,-15,-4.5,0
2003-09-28,2003,4,New Orleans Saints,NO,21,Indianapolis Colts,IND,55,IND,-1.5,42,76,0,55,21,34,NO,0,Home,21,55,-34,-1.5,0
2003-10-05,2003,5,Carolina Panthers,CAR,19,New Orleans Saints,NO,13,CAR,-7,37.5,32,0,19,13,6,NO,0,Away,13,19,-6,-7,1
2003-10-12,2003,6,New Orleans Saints,NO,20,Chicago Bears,CHI,13,NO,-6.5,43,33,0,20,13,7,NO,1,Home,20,13,7,6.5,1
2003-10-19,2003,7,Atlanta Falcons,ATL,17,New Orleans Saints,NO,45,NO,-3,42,62,0,45,17,28,NO,1,Away,45,17,28,3,1
2003-10-26,2003,8,New Orleans Saints,NO,20,Carolina Panthers,CAR,23,NO,-3,39.5,43,0,20,23,-3,NO,1,Home,20,23,-3,3,0
2003-11-02,2003,9,Tampa Bay Buccaneers,TB,14,New Orleans Saints,NO,17,TB,-8,39,31,0,14,17,-3,NO,0,Away,17,14,3,-8,1
2003-11-16,2003,11,New Orleans Saints,NO,23,Atlanta Falcons,ATL,20,NO,-9,44,43,0,23,20,3,NO,1,Home,23,20,3,9,0
2003-11-23,2003,12,Philadelphia Eagles,PHI,33,New Orleans Saints,NO,20,PHI,-5.5,39.5,53,0,33,20,13,NO,0,Away,20,33,-13,-5.5,0
2003-11-30,2003,13,Washington Redskins,WAS,20,New Orleans Saints,NO,24,NO,-1,42.5,44,0,24,20,4,NO,1,Away,24,20,4,1,1
2003-12-07,2003,14,New Orleans Saints,NO,7,Tampa Bay Buccaneers,TB,14,NO,-3,40.5,21,0,7,14,-7,NO,1,Home,7,14,-7,3,0
2003-12-14,2003,15,New Orleans Saints,NO,45,New York Giants,NYG,7,NO,-7.5,40.5,52,0,45,7,38,NO,1,Home,45,7,38,7.5,1
2003-12-21,2003,16,Jacksonville Jaguars,JAX,20,New Orleans Saints,NO,19,JAX,-3,42,39,0,20,19,1,NO,0,Away,19,20,-1,-3,1
2003-12-28,2003,17,New Orleans Saints,NO,13,Dallas Cowboys,DAL,7,DAL,-1,38,20,0,7,13,-6,NO,0,Home,13,7,6,-1,1
2004-09-12,2004,1,New Orleans Saints,NO,7,Seattle Seahawks,SEA,21,SEA,-2.5,45,28,0,21,7,14,NO,0,Home,7,21,-14,-2.5,0
2004-09-19,2004,2,New Orleans Saints,NO,30,San Francisco 49ers,SF,27,NO,-7.5,42,57,0,30,27,3,NO,1,Home,30,27,3,7.5,0
2004-09-26,2004,3,St. Louis Rams,LAR,25,New Orleans Saints,NO,28,LAR,-6,49,53,0,25,28,-3,NO,0,Away,28,25,3,-6,1
2004-10-03,2004,4,Arizona Cardinals,ARI,34,New Orleans Saints,NO,10,NO,-3.5,40,44,0,10,34,-24,NO,1,Away,10,34,-24,3.5,0
2004-10-10,2004,5,New Orleans Saints,NO,17,Tampa Bay Buccaneers,TB,20,NO,-3,38.5,37,0,17,20,-3,NO,1,Home,17,20,-3,3,0
2004-10-17,2004,6,New Orleans Saints,NO,31,Minnesota Vikings,MIN,38,MIN,-3.5,53,69,0,38,31,7,NO,0,Home,31,38,-7,-3.5,0
2004-10-24,2004,7,Oakland Raiders,OAK,26,New Orleans Saints,NO,31,OAK,-3,45.5,57,0,26,31,-5,NO,0,Away,31,26,5,-3,1
2004-11-07,2004,9,San Diego Chargers,LAC,43,New Orleans Saints,NO,17,LAC,-6.5,49.5,60,0,43,17,26,NO,0,Away,17,43,-26,-6.5,0
2004-11-14,2004,10,New Orleans Saints,NO,27,Kansas City Chiefs,KC,20,KC,-3.5,56.5,47,0,20,27,-7,NO,0,Home,27,20,7,-3.5,1
2004-11-21,2004,11,New Orleans Saints,NO,13,Denver Broncos,DEN,34,DEN,-6,48.5,47,0,34,13,21,NO,0,Home,13,34,-21,-6,0
2004-11-28,2004,12,Atlanta Falcons,ATL,24,New Orleans Saints,NO,21,ATL,-9,47.5,45,0,24,21,3,NO,0,Away,21,24,-3,-9,1
2004-12-05,2004,13,New Orleans Saints,NO,21,Carolina Panthers,CAR,32,CAR,-2,46.5,53,0,32,21,11,NO,0,Home,21,32,-11,-2,0
2004-12-12,2004,14,Dallas Cowboys,DAL,13,New Orleans Saints,NO,27,DAL,-7,49,40,0,13,27,-14,NO,0,Away,27,13,14,-7,1
2004-12-19,2004,15,Tampa Bay Buccaneers,TB,17,New Orleans Saints,NO,21,TB,-7.5,43.5,38,0,17,21,-4,NO,0,Away,21,17,4,-7.5,1
2004-12-26,2004,16,New Orleans Saints,NO,26,Atlanta Falcons,ATL,13,NO,-6.5,44,39,0,26,13,13,NO,1,Home,26,13,13,6.5,1
2005-01-02,2004,17,Carolina Panthers,CAR,18,New Orleans Saints,NO,21,CAR,-7,46,39,0,18,21,-3,NO,0,Away,21,18,3,-7,1
2005-09-11,2005,1,Carolina Panthers,CAR,20,New Orleans Saints,NO,23,CAR,-6.5,45.5,43,0,20,23,-3,NO,0,Away,23,20,3,-6.5,1
2005-09-19,2005,2,New York Giants,NYG,27,New Orleans Saints,NO,10,NYG,-3,43,37,0,27,10,17,NO,0,Away,10,27,-17,-3,0
2005-09-25,2005,3,Minnesota Vikings,MIN,33,New Orleans Saints,NO,16,MIN,-3.5,44.5,49,0,33,16,17,NO,0,Away,16,33,-17,-3.5,0
2005-10-09,2005,5,Green Bay Packers,GB,52,New Orleans Saints,NO,3,GB,-3,41,55,0,52,3,49,NO,0,Away,3,52,-49,-3,0
2005-10-23,2005,7,St. Louis Rams,LAR,28,New Orleans Saints,NO,17,LAR,-5,50,45,0,28,17,11,NO,0,Away,17,28,-11,-5,0
2005-10-30,2005,8,New Orleans Saints,NO,6,Miami Dolphins,MIA,21,NO,-2,41,27,0,6,21,-15,NO,1,Home,6,21,-15,2,0
2005-11-06,2005,9,New Orleans Saints,NO,17,Chicago Bears,CHI,20,CHI,-2.5,34.5,37,0,20,17,3,NO,0,Home,17,20,-3,-2.5,0
2005-11-20,2005,11,New England Patriots,NE,24,New Orleans Saints,NO,17,NE,-10,45,41,0,24,17,7,NO,0,Away,17,24,-7,-10,1
2005-11-27,2005,12,New York Jets,NYJ,19,New Orleans Saints,NO,21,NO,-1,37,40,0,21,19,2,NO,1,Away,21,19,2,1,1
2005-12-04,2005,13,New Orleans Saints,NO,3,Tampa Bay Buccaneers,TB,10,TB,-3.5,39,13,0,10,3,7,NO,0,Home,3,10,-7,-3.5,0
2005-12-12,2005,14,Atlanta Falcons,ATL,36,New Orleans Saints,NO,17,ATL,-10,44,53,0,36,17,19,NO,0,Away,17,36,-19,-10,0
2005-12-18,2005,15,New Orleans Saints,NO,10,Carolina Panthers,CAR,27,CAR,-7,40.5,37,0,27,10,17,NO,0,Home,10,27,-17,-7,0
2006-01-01,2005,17,Tampa Bay Buccaneers,TB,27,New Orleans Saints,NO,13,TB,-13,37.5,40,0,27,13,14,NO,0,Away,13,27,-14,-13,0
2006-09-10,2006,1,Cleveland Browns,CLE,14,New Orleans Saints,NO,19,CLE,-3,36,33,0,14,19,-5,NO,0,Away,19,14,5,-3,1
2006-09-17,2006,2,Green Bay Packers,GB,27,New Orleans Saints,NO,34,NO,-1,40.5,61,0,34,27,7,NO,1,Away,34,27,7,1,1
2006-09-25,2006,3,New Orleans Saints,NO,23,Atlanta Falcons,ATL,3,ATL,-4,45,26,0,3,23,-20,NO,0,Home,23,3,20,-4,1
2006-10-01,2006,4,Carolina Panthers,CAR,21,New Orleans Saints,NO,18,CAR,-7.5,41,39,0,21,18,3,NO,0,Away,18,21,-3,-7.5,1
2006-10-08,2006,5,New Orleans Saints,NO,24,Tampa Bay Buccaneers,TB,21,NO,-7,35,45,0,24,21,3,NO,1,Home,24,21,3,7,0
2006-10-15,2006,6,New Orleans Saints,NO,27,Philadelphia Eagles,PHI,24,PHI,-3,47,51,0,24,27,-3,NO,0,Home,27,24,3,-3,1
2006-10-29,2006,8,New Orleans Saints,NO,22,Baltimore Ravens,BAL,35,NO,-2,37,57,0,22,35,-13,NO,1,Home,22,35,-13,2,0
2006-11-05,2006,9,Tampa Bay Buccaneers,TB,14,New Orleans Saints,NO,31,TB,-1.5,37,45,0,14,31,-17,NO,0,Away,31,14,17,-1.5,1
2006-11-12,2006,10,Pittsburgh Steelers,PIT,38,New Orleans Saints,NO,31,PIT,-6.5,45.5,69,0,38,31,7,NO,0,Away,31,38,-7,-6.5,0
2006-11-19,2006,11,New Orleans Saints,NO,16,Cincinnati Bengals,CIN,31,NO,-3,52.5,47,0,16,31,-15,NO,1,Home,16,31,-15,3,0
2006-11-26,2006,12,Atlanta Falcons,ATL,13,New Orleans Saints,NO,31,ATL,-3,48,44,0,13,31,-18,NO,0,Away,31,13,18,-3,1
2006-12-03,2006,13,New Orleans Saints,NO,34,San Francisco 49ers,SF,10,NO,-7,45.5,44,0,34,10,24,NO,1,Home,34,10,24,7,1
2006-12-10,2006,14,Dallas Cowboys,DAL,17,New Orleans Saints,NO,42,DAL,-6.5,48,59,0,17,42,-25,NO,0,Away,42,17,25,-6.5,1
2006-12-17,2006,15,New Orleans Saints,NO,10,Washington Redskins,WAS,16,NO,-9.5,47,26,0,10,16,-6,NO,1,Home,10,16,-6,9.5,0
2006-12-24,2006,16,New York Giants,NYG,7,New Orleans Saints,NO,30,NYG,-3,47.5,37,0,7,30,-23,NO,0,Away,30,7,23,-3,1
2006-12-31,2006,17,New Orleans Saints,NO,21,Carolina Panthers,CAR,31,CAR,-2,38.5,52,0,31,21,10,NO,0,Home,21,31,-10,-2,0
2007-09-06,2007,1,Indianapolis Colts,IND,41,New Orleans Saints,NO,10,IND,-5.5,53.5,51,0,41,10,31,NO,0,Away,10,41,-31,-5.5,0
2007-09-16,2007,2,Tampa Bay Buccaneers,TB,31,New Orleans Saints,NO,14,NO,-4,41.5,45,0,14,31,-17,NO,1,Away,14,31,-17,4,0
2007-09-24,2007,3,New Orleans Saints,NO,14,Tennessee Titans,TEN,31,NO,-4.5,46.5,45,0,14,31,-17,NO,1,Home,14,31,-17,4.5,0
2007-10-07,2007,5,New Orleans Saints,NO,13,Carolina Panthers,CAR,16,NO,-4,44,29,0,13,16,-3,NO,1,Home,13,16,-3,4,0
2007-10-14,2007,6,Seattle Seahawks,SEA,17,New Orleans Saints,NO,28,SEA,-6.5,43,45,0,17,28,-11,NO,0,Away,28,17,11,-6.5,1
2007-10-21,2007,7,New Orleans Saints,NO,22,Atlanta Falcons,ATL,16,NO,-7.5,42,38,0,22,16,6,NO,1,Home,22,16,6,7.5,0
2007-10-28,2007,8,San Francisco 49ers,SF,10,New Orleans Saints,NO,31,NO,-1.5,40,41,0,31,10,21,NO,1,Away,31,10,21,1.5,1
2007-11-04,2007,9,New Orleans Saints,NO,41,Jacksonville Jaguars,JAX,24,NO,-3,40,65,0,41,24,17,NO,1,Home,41,24,17,3,1
2007-11-11,2007,10,New Orleans Saints,NO,29,St. Louis Rams,LAR,37,NO,-10.5,47,66,0,29,37,-8,NO,1,Home,29,37,-8,10.5,0
2007-11-18,2007,11,Houston Texans,HOU,23,New Orleans Saints,NO,10,HOU,-1,50.5,33,0,23,10,13,NO,0,Away,10,23,-13,-1,0
2007-11-25,2007,12,Carolina Panthers,CAR,6,New Orleans Saints,NO,31,NO,-3,42,37,0,31,6,25,NO,1,Away,31,6,25,3,1
2007-12-02,2007,13,New Orleans Saints,NO,23,Tampa Bay Buccaneers,TB,27,NO,-3,42,50,0,23,27,-4,NO,1,Home,23,27,-4,3,0
2007-12-10,2007,14,Atlanta Falcons,ATL,14,New Orleans Saints,NO,34,NO,-4.5,44,48,0,34,14,20,NO,1,Away,34,14,20,4.5,1
2007-12-16,2007,15,New Orleans Saints,NO,31,Arizona Cardinals,ARI,24,NO,-3.5,49.5,55,0,31,24,7,NO,1,Home,31,24,7,3.5,1
2007-12-23,2007,16,New Orleans Saints,NO,23,Philadelphia Eagles,PHI,38,NO,-3,48,61,0,23,38,-15,NO,1,Home,23,38,-15,3,0
2007-12-30,2007,17,Chicago Bears,CHI,33,New Orleans Saints,NO,25,CHI,-1,42,58,0,33,25,8,NO,0,Away,25,33,-8,-1,0
2008-09-07,2008,1,New Orleans Saints,NO,24,Tampa Bay Buccaneers,TB,20,NO,-3,42.5,44,0,24,20,4,NO,1,Home,24,20,4,3,1
2008-09-14,2008,2,Washington Redskins,WAS,29,New Orleans Saints,NO,24,WAS,-1,43.5,53,0,29,24,5,NO,0,Away,24,29,-5,-1,0
2008-09-21,2008,3,Denver Broncos,DEN,34,New Orleans Saints,NO,32,DEN,-5.5,52,66,0,34,32,2,NO,0,Away,32,34,-2,-5.5,1
2008-09-28,2008,4,New Orleans Saints,NO,31,San Francisco 49ers,SF,17,NO,-4,48.5,48,0,31,17,14,NO,1,Home,31,17,14,4,1
2008-10-06,2008,5,New Orleans Saints,NO,27,Minnesota Vikings,MIN,30,NO,-3,47,57,0,27,30,-3,NO,1,Home,27,30,-3,3,0
2008-10-12,2008,6,New Orleans Saints,NO,34,Oakland Raiders,OAK,3,NO,-7,47.5,37,0,34,3,31,NO,1,Home,34,3,31,7,1
2008-10-19,2008,7,Carolina Panthers,CAR,30,New Orleans Saints,NO,7,CAR,-3,44.5,37,0,30,7,23,NO,0,Away,7,30,-23,-3,0
2008-11-09,2008,10,Atlanta Falcons,ATL,34,New Orleans Saints,NO,20,ATL,-1.5,51,54,0,34,20,14,NO,0,Away,20,34,-14,-1.5,0
2008-11-16,2008,11,Kansas City Chiefs,KC,20,New Orleans Saints,NO,30,NO,-6,51,50,0,30,20,10,NO,1,Away,30,20,10,6,1
2008-11-24,2008,12,New Orleans Saints,NO,51,Green Bay Packers,GB,29,NO,-1,52,80,0,51,29,22,NO,1,Home,51,29,22,1,1
2008-11-30,2008,13,Tampa Bay Buccaneers,TB,23,New Orleans Saints,NO,20,TB,-3.5,43.5,43,0,23,20,3,NO,0,Away,20,23,-3,-3.5,1
2008-12-07,2008,14,New Orleans Saints,NO,29,Atlanta Falcons,ATL,25,NO,-3,51.5,54,0,29,25,4,NO,1,Home,29,25,4,3,1
2008-12-11,2008,15,Chicago Bears,CHI,27,New Orleans Saints,NO,24,CHI,-3,46,51,0,27,24,3,NO,0,Away,24,27,-3,-3,0
2008-12-21,2008,16,Detroit Lions,DET,7,New Orleans Saints,NO,42,NO,-7,50.5,49,0,42,7,35,NO,1,Away,42,7,35,7,1
2008-12-28,2008,17,New Orleans Saints,NO,31,Carolina Panthers,CAR,33,CAR,-1.5,51.5,64,0,33,31,2,NO,0,Home,31,33,-2,-1.5,0
2009-09-13,2009,1,New Orleans Saints,NO,45,Detroit Lions,DET,27,NO,-14,50,72,0,45,27,18,NO,1,Home,45,27,18,14,1
2009-09-20,2009,2,Philadelphia Eagles,PHI,22,New Orleans Saints,NO,48,NO,-2.5,46,70,0,48,22,26,NO,1,Away,48,22,26,2.5,1
2009-09-27,2009,3,Buffalo Bills,BUF,7,New Orleans Saints,NO,27,NO,-5.5,51.5,34,0,27,7,20,NO,1,Away,27,7,20,5.5,1
2009-10-04,2009,4,New Orleans Saints,NO,24,New York Jets,NYJ,10,NO,-7.5,47,34,0,24,10,14,NO,1,Home,24,10,14,7.5,1
2009-10-18,2009,6,New Orleans Saints,NO,48,New York Giants,NYG,27,NO,-3,47.5,75,0,48,27,21,NO,1,Home,48,27,21,3,1
2009-10-25,2009,7,Miami Dolphins,MIA,34,New Orleans Saints,NO,46,NO,-6.5,48,80,0,46,34,12,NO,1,Away,46,34,12,6.5,1
2009-11-02,2009,8,New Orleans Saints,NO,35,Atlanta Falcons,ATL,27,NO,-12,56,62,0,35,27,8,NO,1,Home,35,27,8,12,0
2009-11-08,2009,9,New Orleans Saints,NO,30,Carolina Panthers,CAR,20,NO,-13,51.5,50,0,30,20,10,NO,1,Home,30,20,10,13,0
2009-11-15,2009,10,St. Louis Rams,LAR,23,New Orleans Saints,NO,28,NO,-14.5,51,51,0,28,23,5,NO,1,Away,28,23,5,14.5,0
2009-11-22,2009,11,Tampa Bay Buccaneers,TB,7,New Orleans Saints,NO,38,NO,-10.5,51,45,0,38,7,31,NO,1,Away,38,7,31,10.5,1
2009-11-30,2009,12,New Orleans Saints,NO,38,New England Patriots,NE,17,NO,-1.5,56.5,55,0,38,17,21,NO,1,Home,38,17,21,1.5,1
2009-12-06,2009,13,Washington Redskins,WAS,30,New Orleans Saints,NO,33,NO,-8,47,63,0,33,30,3,NO,1,Away,33,30,3,8,0
2009-12-13,2009,14,Atlanta Falcons,ATL,23,New Orleans Saints,NO,26,NO,-10,50,49,0,26,23,3,NO,1,Away,26,23,3,10,0
2009-12-19,2009,15,New Orleans Saints,NO,17,Dallas Cowboys,DAL,24,NO,-7.5,53.5,41,0,17,24,-7,NO,1,Home,17,24,-7,7.5,0
2009-12-27,2009,16,New Orleans Saints,NO,17,Tampa Bay Buccaneers,TB,20,NO,-14,48.5,37,0,17,20,-3,NO,1,Home,17,20,-3,14,0
2010-01-03,2009,17,Carolina Panthers,CAR,23,New Orleans Saints,NO,10,CAR,-10,41,33,0,23,10,13,NO,0,Away,10,23,-13,-10,0
2010-09-09,2010,1,New Orleans Saints,NO,14,Minnesota Vikings,MIN,9,NO,-5,49.5,23,0,14,9,5,NO,1,Home,14,9,5,5,0
2010-09-20,2010,2,San Francisco 49ers,SF,22,New Orleans Saints,NO,25,NO,-5,43.5,47,0,25,22,3,NO,1,Away,25,22,3,5,0
2010-09-26,2010,3,New Orleans Saints,NO,24,Atlanta Falcons,ATL,27,NO,-3,49.5,51,0,24,27,-3,NO,1,Home,24,27,-3,3,0
2010-10-03,2010,4,New Orleans Saints,NO,16,Carolina Panthers,CAR,14,NO,-12.5,44,30,0,16,14,2,NO,1,Home,16,14,2,12.5,0
2010-10-10,2010,5,Arizona Cardinals,ARI,30,New Orleans Saints,NO,20,NO,-7,45.5,50,0,20,30,-10,NO,1,Away,20,30,-10,7,0
2010-10-17,2010,6,Tampa Bay Buccaneers,TB,6,New Orleans Saints,NO,31,NO,-5.5,44,37,0,31,6,25,NO,1,Away,31,6,25,5.5,1
2010-10-24,2010,7,New Orleans Saints,NO,17,Cleveland Browns,CLE,30,NO,-12.5,44,47,0,17,30,-13,NO,1,Home,17,30,-13,12.5,0
2010-10-31,2010,8,New Orleans Saints,NO,20,Pittsburgh Steelers,PIT,10,NO,-1,45.5,30,0,20,10,10,NO,1,Home,20,10,10,1,1
2010-11-07,2010,9,Carolina Panthers,CAR,3,New Orleans Saints,NO,34,NO,-6.5,40.5,37,0,34,3,31,NO,1,Away,34,3,31,6.5,1
2010-11-21,2010,11,New Orleans Saints,NO,34,Seattle Seahawks,SEA,19,NO,-11,45,53,0,34,19,15,NO,1,Home,34,19,15,11,1
2010-11-25,2010,12,Dallas Cowboys,DAL,27,New Orleans Saints,NO,30,NO,-4.5,49,57,0,30,27,3,NO,1,Away,30,27,3,4.5,0
2010-12-05,2010,13,Cincinnati Bengals,CIN,30,New Orleans Saints,NO,34,NO,-7,45.5,64,0,34,30,4,NO,1,Away,34,30,4,7,0
2010-12-12,2010,14,New Orleans Saints,NO,31,St. Louis Rams,LAR,13,NO,-9,47,44,0,31,13,18,NO,1,Home,31,13,18,9,1
2010-12-19,2010,15,Baltimore Ravens,BAL,30,New Orleans Saints,NO,24,BAL,-2.5,44.5,54,0,30,24,6,NO,0,Away,24,30,-6,-2.5,0
2010-12-27,2010,16,Atlanta Falcons,ATL,14,New Orleans Saints,NO,17,ATL,-2.5,49.5,31,0,14,17,-3,NO,0,Away,17,14,3,-2.5,1
2011-01-02,2010,17,New Orleans Saints,NO,13,Tampa Bay Buccaneers,TB,23,NO,-7,47,36,0,13,23,-10,NO,1,Home,13,23,-10,7,0
2011-09-08,2011,1,Green Bay Packers,GB,42,New Orleans Saints,NO,34,GB,-5,48,76,0,42,34,8,NO,0,Away,34,42,-8,-5,0
2011-09-18,2011,2,New Orleans Saints,NO,30,Chicago Bears,CHI,13,NO,-5,46.5,43,0,30,13,17,NO,1,Home,30,13,17,5,1
2011-09-25,2011,3,New Orleans Saints,NO,40,Houston Texans,HOU,33,NO,-4,51,73,0,40,33,7,NO,1,Home,40,33,7,4,1
2011-10-02,2011,4,Jacksonville Jaguars,JAX,10,New Orleans Saints,NO,23,NO,-9,45,33,0,23,10,13,NO,1,Away,23,10,13,9,1
2011-10-09,2011,5,Carolina Panthers,CAR,27,New Orleans Saints,NO,30,NO,-6.5,51.5,57,0,30,27,3,NO,1,Away,30,27,3,6.5,0
2011-10-16,2011,6,Tampa Bay Buccaneers,TB,26,New Orleans Saints,NO,20,NO,-6.5,49.5,46,0,20,26,-6,NO,1,Away,20,26,-6,6.5,0
2011-10-23,2011,7,New Orleans Saints,NO,62,Indianapolis Colts,IND,7,NO,-14,49,69,0,62,7,55,NO,1,Home,62,7,55,14,1
2011-10-30,2011,8,St. Louis Rams,LAR,31,New Orleans Saints,NO,21,NO,-14,48.5,52,0,21,31,-10,NO,1,Away,21,31,-10,14,0
2011-11-06,2011,9,New Orleans Saints,NO,27,Tampa Bay Buccaneers,TB,16,NO,-9,50.5,43,0,27,16,11,NO,1,Home,27,16,11,9,1
2011-11-13,2011,10,Atlanta Falcons,ATL,23,New Orleans Saints,NO,26,ATL,-1,50,49,0,23,26,-3,NO,0,Away,26,23,3,-1,1
2011-11-28,2011,12,New Orleans Saints,NO,49,New York Giants,NYG,24,NO,-7,51,73,0,49,24,25,NO,1,Home,49,24,25,7,1
2011-12-04,2011,13,New Orleans Saints,NO,31,Detroit Lions,DET,17,NO,-9,54.5,48,0,31,17,14,NO,1,Home,31,17,14,9,1
2011-12-11,2011,14,Tennessee Titans,TEN,17,New Orleans Saints,NO,22,NO,-3.5,48,39,0,22,17,5,NO,1,Away,22,17,5,3.5,1
2011-12-18,2011,15,Minnesota Vikings,MIN,20,New Orleans Saints,NO,42,NO,-7.5,53.5,62,0,42,20,22,NO,1,Away,42,20,22,7.5,1
2011-12-26,2011,16,New Orleans Saints,NO,45,Atlanta Falcons,ATL,16,NO,-7,52.5,61,0,45,16,29,NO,1,Home,45,16,29,7,1
2012-01-01,2011,17,New Orleans Saints,NO,45,Carolina Panthers,CAR,17,NO,-7,55,62,0,45,17,28,NO,1,Home,45,17,28,7,1
2012-09-09,2012,1,New Orleans Saints,NO,32,Washington Redskins,WAS,40,NO,-9,50.5,72,0,32,40,-8,NO,1,Home,32,40,-8,9,0
2012-09-16,2012,2,Carolina Panthers,CAR,35,New Orleans Saints,NO,27,NO,-3,54,62,0,27,35,-8,NO,1,Away,27,35,-8,3,0
2012-09-23,2012,3,New Orleans Saints,NO,24,Kansas City Chiefs,KC,27,NO,-8.5,51.5,51,0,24,27,-3,NO,1,Home,24,27,-3,8.5,0
2012-09-30,2012,4,Green Bay Packers,GB,28,New Orleans Saints,NO,27,GB,-7.5,54,55,0,28,27,1,NO,0,Away,27,28,-1,-7.5,1
2012-10-07,2012,5,New Orleans Saints,NO,31,San Diego Chargers,LAC,24,NO,-3.5,52.5,55,0,31,24,7,NO,1,Home,31,24,7,3.5,1
2012-10-21,2012,7,Tampa Bay Buccaneers,TB,28,New Orleans Saints,NO,35,NO,-1.5,49.5,63,0,35,28,7,NO,1,Away,35,28,7,1.5,1
2012-10-28,2012,8,Denver Broncos,DEN,34,New Orleans Saints,NO,14,DEN,-6.5,55,48,0,34,14,20,NO,0,Away,14,34,-20,-6.5,0
2012-11-05,2012,9,New Orleans Saints,NO,28,Philadelphia Eagles,PHI,13,NO,-3,52,41,0,28,13,15,NO,1,Home,28,13,15,3,1
2012-11-11,2012,10,New Orleans Saints,NO,31,Atlanta Falcons,ATL,27,ATL,-1.5,54,58,0,27,31,-4,NO,0,Home,31,27,4,-1.5,1
2012-11-18,2012,11,Oakland Raiders,OAK,17,New Orleans Saints,NO,38,NO,-6.5,56,55,0,38,17,21,NO,1,Away,38,17,21,6.5,1
2012-11-25,2012,12,New Orleans Saints,NO,21,San Francisco 49ers,SF,31,SF,-1.5,50,52,0,31,21,10,NO,0,Home,21,31,-10,-1.5,0
2012-11-29,2012,13,Atlanta Falcons,ATL,23,New Orleans Saints,NO,13,ATL,-3.5,55,36,0,23,13,10,NO,0,Away,13,23,-10,-3.5,0
2012-12-09,2012,14,New York Giants,NYG,52,New Orleans Saints,NO,27,NYG,-4.5,51.5,79,0,52,27,25,NO,0,Away,27,52,-25,-4.5,0
2012-12-16,2012,15,New Orleans Saints,NO,41,Tampa Bay Buccaneers,TB,0,NO,-3.5,55,41,0,41,0,41,NO,1,Home,41,0,41,3.5,1
2012-12-23,2012,16,Dallas Cowboys,DAL,31,New Orleans Saints,NO,34,DAL,-3,54.5,65,0,31,34,-3,NO,0,Away,34,31,3,-3,1
2012-12-30,2012,17,New Orleans Saints,NO,38,Carolina Panthers,CAR,44,NO,-4,54,82,0,38,44,-6,NO,1,Home,38,44,-6,4,0
2013-09-08,2013,1,New Orleans Saints,NO,23,Atlanta Falcons,ATL,17,NO,-3.5,56,40,0,23,17,6,NO,1,Home,23,17,6,3.5,1
2013-09-15,2013,2,Tampa Bay Buccaneers,TB,14,New Orleans Saints,NO,16,NO,-4,48.5,30,0,16,14,2,NO,1,Away,16,14,2,4,0
2013-09-22,2013,3,New Orleans Saints,NO,31,Arizona Cardinals,ARI,7,NO,-7.5,49.5,38,0,31,7,24,NO,1,Home,31,7,24,7.5,1
2013-09-30,2013,4,New Orleans Saints,NO,38,Miami Dolphins,MIA,17,NO,-7.5,49,55,0,38,17,21,NO,1,Home,38,17,21,7.5,1
2013-10-06,2013,5,Chicago Bears,CHI,18,New Orleans Saints,NO,26,NO,-1.5,51.5,44,0,26,18,8,NO,1,Away,26,18,8,1.5,1
2013-10-13,2013,6,New England Patriots,NE,30,New Orleans Saints,NO,27,NE,-2.5,50,57,0,30,27,3,NO,0,Away,27,30,-3,-2.5,0
2013-10-27,2013,8,New Orleans Saints,NO,35,Buffalo Bills,BUF,17,NO,-10.5,48,52,0,35,17,18,NO,1,Home,35,17,18,10.5,1
2013-11-03,2013,9,New York Jets,NYJ,26,New Orleans Saints,NO,20,NO,-5.5,46,46,0,20,26,-6,NO,1,Away,20,26,-6,5.5,0
2013-11-10,2013,10,New Orleans Saints,NO,49,Dallas Cowboys,DAL,17,NO,-5.5,53.5,66,0,49,17,32,NO,1,Home,49,17,32,5.5,1
2013-11-17,2013,11,New Orleans Saints,NO,23,San Francisco 49ers,SF,20,NO,-3.5,49.5,43,0,23,20,3,NO,1,Home,23,20,3,3.5,0
2013-11-21,2013,12,Atlanta Falcons,ATL,13,New Orleans Saints,NO,17,NO,-7,52.5,30,0,17,13,4,NO,1,Away,17,13,4,7,0
2013-12-02,2013,13,Seattle Seahawks,SEA,34,New Orleans Saints,NO,7,SEA,-5,47.5,41,0,34,7,27,NO,0,Away,7,34,-27,-5,0
2013-12-08,2013,14,New Orleans Saints,NO,31,Carolina Panthers,CAR,13,NO,-3,46.5,44,0,31,13,18,NO,1,Home,31,13,18,3,1
2013-12-15,2013,15,St. Louis Rams,LAR,27,New Orleans Saints,NO,16,NO,-7,48,43,0,16,27,-11,NO,1,Away,16,27,-11,7,0
2013-12-22,2013,16,Carolina Panthers,CAR,17,New Orleans Saints,NO,13,CAR,-3,44.5,30,0,17,13,4,NO,0,Away,13,17,-4,-3,0
2013-12-29,2013,17,New Orleans Saints,NO,42,Tampa Bay Buccaneers,TB,17,NO,-10.5,46.5,59,0,42,17,25,NO,1,Home,42,17,25,10.5,1
2014-09-07,2014,1,Atlanta Falcons,ATL,37,New Orleans Saints,NO,34,NO,-3,52,71,0,34,37,-3,NO,1,Away,34,37,-3,3,0
2014-09-14,2014,2,Cleveland Browns,CLE,26,New Orleans Saints,NO,24,NO,-4.5,49.5,50,0,24,26,-2,NO,1,Away,24,26,-2,4.5,0
2014-09-21,2014,3,New Orleans Saints,NO,20,Minnesota Vikings,MIN,9,NO,-10,49.5,29,0,20,9,11,NO,1,Home,20,9,11,10,1
2014-09-28,2014,4,Dallas Cowboys,DAL,38,New Orleans Saints,NO,17,NO,-3,54,55,0,17,38,-21,NO,1,Away,17,38,-21,3,0
2014-10-05,2014,5,New Orleans Saints,NO,37,Tampa Bay Buccaneers,TB,31,NO,-11,48,68,0,37,31,6,NO,1,Home,37,31,6,11,0
2014-10-19,2014,7,Detroit Lions,DET,24,New Orleans Saints,NO,23,DET,-1.5,46.5,47,0,24,23,1,NO,0,Away,23,24,-1,-1.5,1
2014-10-26,2014,8,New Orleans Saints,NO,44,Green Bay Packers,GB,23,NO,-2,55.5,67,0,44,23,21,NO,1,Home,44,23,21,2,1
2014-10-30,2014,9,Carolina Panthers,CAR,10,New Orleans Saints,NO,28,NO,-3,49,38,0,28,10,18,NO,1,Away,28,10,18,3,1
2014-11-09,2014,10,New Orleans Saints,NO,24,San Francisco 49ers,SF,27,NO,-6,49.5,51,0,24,27,-3,NO,1,Home,24,27,-3,6,0
2014-11-16,2014,11,New Orleans Saints,NO,10,Cincinnati Bengals,CIN,27,NO,-8.5,51.5,37,0,10,27,-17,NO,1,Home,10,27,-17,8.5,0
2014-11-24,2014,12,New Orleans Saints,NO,27,Baltimore Ravens,BAL,34,NO,-2.5,50.5,61,0,27,34,-7,NO,1,Home,27,34,-7,2.5,0
2014-11-30,2014,13,Pittsburgh Steelers,PIT,32,New Orleans Saints,NO,35,PIT,-3.5,54.5,67,0,32,35,-3,NO,0,Away,35,32,3,-3.5,1
2014-12-07,2014,14,New Orleans Saints,NO,10,Carolina Panthers,CAR,41,NO,-8.5,50.5,51,0,10,41,-31,NO,1,Home,10,41,-31,8.5,0
2014-12-15,2014,15,Chicago Bears,CHI,15,New Orleans Saints,NO,31,NO,-3,53.5,46,0,31,15,16,NO,1,Away,31,15,16,3,1
2014-12-21,2014,16,New Orleans Saints,NO,14,Atlanta Falcons,ATL,30,NO,-6,56,44,0,14,30,-16,NO,1,Home,14,30,-16,6,0
2014-12-28,2014,17,Tampa Bay Buccaneers,TB,20,New Orleans Saints,NO,23,NO,-6,46.5,43,0,23,20,3,NO,1,Away,23,20,3,6,0
2015-09-13,2015,1,Arizona Cardinals,ARI,31,New Orleans Saints,NO,19,ARI,-2.5,48.5,50,0,31,19,12,NO,0,Away,19,31,-12,-2.5,0
2015-09-20,2015,2,New Orleans Saints,NO,19,Tampa Bay Buccaneers,TB,26,NO,-9,47,45,0,19,26,-7,NO,1,Home,19,26,-7,9,0
2015-09-27,2015,3,Carolina Panthers,CAR,27,New Orleans Saints,NO,22,CAR,-9.5,43,49,0,27,22,5,NO,0,Away,22,27,-5,-9.5,1
2015-10-04,2015,4,New Orleans Saints,NO,26,Dallas Cowboys,DAL,20,NO,-3,48.5,46,0,26,20,6,NO,1,Home,26,20,6,3,1
2015-10-11,2015,5,Philadelphia Eagles,PHI,39,New Orleans Saints,NO,17,PHI,-6.5,49.5,56,0,39,17,22,NO,0,Away,17,39,-22,-6.5,0
2015-10-15,2015,6,New Orleans Saints,NO,31,Atlanta Falcons,ATL,21,ATL,-3,52.5,52,0,21,31,-10,NO,0,Home,31,21,10,-3,1
2015-10-25,2015,7,Indianapolis Colts,IND,21,New Orleans Saints,NO,27,IND,-5,53,48,0,21,27,-6,NO,0,Away,27,21,6,-5,1
2015-11-01,2015,8,New Orleans Saints,NO,52,New York Giants,NYG,49,NO,-3,52,101,0,52,49,3,NO,1,Home,52,49,3,3,0
2015-11-08,2015,9,New Orleans Saints,NO,28,Tennessee Titans,TEN,34,NO,-6.5,50,62,0,28,34,-6,NO,1,Home,28,34,-6,6.5,0
2015-11-15,2015,10,Washington Redskins,WAS,47,New Orleans Saints,NO,14,NO,-1,52,61,0,14,47,-33,NO,1,Away,14,47,-33,1,0
2015-11-29,2015,12,Houston Texans,HOU,24,New Orleans Saints,NO,6,HOU,-3.5,51,30,0,24,6,18,NO,0,Away,6,24,-18,-3.5,0
2015-12-06,2015,13,New Orleans Saints,NO,38,Carolina Panthers,CAR,41,CAR,-6,50.5,79,0,41,38,3,NO,0,Home,38,41,-3,-6,1
2015-12-13,2015,14,Tampa Bay Buccaneers,TB,17,New Orleans Saints,NO,24,TB,-6,51.5,41,0,17,24,-7,NO,0,Away,24,17,7,-6,1
2015-12-21,2015,15,New Orleans Saints,NO,27,Detroit Lions,DET,35,NO,-2.5,52,62,0,27,35,-8,NO,1,Home,27,35,-8,2.5,0
2015-12-27,2015,16,New Orleans Saints,NO,38,Jacksonville Jaguars,JAX,27,NO,-2.5,53.5,65,0,38,27,11,NO,1,Home,38,27,11,2.5,1
2016-01-03,2015,17,Atlanta Falcons,ATL,17,New Orleans Saints,NO,20,ATL,-6,53.5,37,0,17,20,-3,NO,0,Away,20,17,3,-6,1
2016-09-11,2016,1,New Orleans Saints,NO,34,Oakland Raiders,OAK,35,NO,-3,50.5,69,0,34,35,-1,NO,1,Home,34,35,-1,3,0
2016-09-18,2016,2,New York Giants,NYG,16,New Orleans Saints,NO,13,NYG,-4,54.5,29,0,16,13,3,NO,0,Away,13,16,-3,-4,1
2016-09-26,2016,3,New Orleans Saints,NO,32,Atlanta Falcons,ATL,45,NO,-3,54.5,77,0,32,45,-13,NO,1,Home,32,45,-13,3,0
2016-10-02,2016,4,San Diego Chargers,LAC,34,New Orleans Saints,NO,35,LAC,-3.5,54,69,0,34,35,-1,NO,0,Away,35,34,1,-3.5,1
2016-10-16,2016,6,New Orleans Saints,NO,41,Carolina Panthers,CAR,38,CAR,-2.5,53.5,79,0,38,41,-3,NO,0,Home,41,38,3,-2.5,1
2016-10-23,2016,7,Kansas City Chiefs,KC,27,New Orleans Saints,NO,21,KC,-7,51.5,48,0,27,21,6,NO,0,Away,21,27,-6,-7,1
2016-10-30,2016,8,New Orleans Saints,NO,25,Seattle Seahawks,SEA,20,SEA,-1,50,45,0,20,25,-5,NO,0,Home,25,20,5,-1,1
2016-11-06,2016,9,San Francisco 49ers,SF,23,New Orleans Saints,NO,41,NO,-5,53,64,0,41,23,18,NO,1,Away,41,23,18,5,1
2016-11-13,2016,10,New Orleans Saints,NO,23,Denver Broncos,DEN,25,NO,-3,50,48,0,23,25,-2,NO,1,Home,23,25,-2,3,0
2016-11-17,2016,11,Carolina Panthers,CAR,23,New Orleans Saints,NO,20,CAR,-3.5,53.5,43,0,23,20,3,NO,0,Away,20,23,-3,-3.5,1
2016-11-27,2016,12,New Orleans Saints,NO,49,Los Angeles Rams,LAR,21,NO,-8,45,70,0,49,21,28,NO,1,Home,49,21,28,8,1
2016-12-04,2016,13,New Orleans Saints,NO,13,Detroit Lions,DET,28,NO,-6.5,53.5,41,0,13,28,-15,NO,1,Home,13,28,-15,6.5,0
2016-12-11,2016,14,Tampa Bay Buccaneers,TB,16,New Orleans Saints,NO,11,TB,-2,52,27,0,16,11,5,NO,0,Away,11,16,-5,-2,0
2016-12-18,2016,15,Arizona Cardinals,ARI,41,New Orleans Saints,NO,48,ARI,-3,48.5,89,0,41,48,-7,NO,0,Away,48,41,7,-3,1
2016-12-24,2016,16,New Orleans Saints,NO,31,Tampa Bay Buccaneers,TB,24,NO,-3,53,55,0,31,24,7,NO,1,Home,31,24,7,3,1
2017-01-01,2016,17,Atlanta Falcons,ATL,38,New Orleans Saints,NO,32,ATL,-7.5,58.5,70,0,38,32,6,NO,0,Away,32,38,-6,-7.5,1
2017-09-11,2017,1,Minnesota Vikings,MIN,29,New Orleans Saints,NO,19,MIN,-3.5,48,48,0,29,19,10,NO,0,Away,19,29,-10,-3.5,0
2017-09-17,2017,2,New Orleans Saints,NO,20,New England Patriots,NE,36,NE,-7,55,56,0,36,20,16,NO,0,Home,20,36,-16,-7,0
2017-09-24,2017,3,Carolina Panthers,CAR,13,New Orleans Saints,NO,34,CAR,-5,46.5,47,0,13,34,-21,NO,0,Away,34,13,21,-5,1
2017-10-15,2017,6,New Orleans Saints,NO,52,Detroit Lions,DET,38,NO,-4,49.5,90,0,52,38,14,NO,1,Home,52,38,14,4,1
2017-10-22,2017,7,Green Bay Packers,GB,17,New Orleans Saints,NO,26,NO,-3.5,46,43,0,26,17,9,NO,1,Away,26,17,9,3.5,1
2017-10-29,2017,8,New Orleans Saints,NO,20,Chicago Bears,CHI,12,NO,-9,47.5,32,0,20,12,8,NO,1,Home,20,12,8,9,0
2017-11-05,2017,9,New Orleans Saints,NO,30,Tampa Bay Buccaneers,TB,10,NO,-7,54,40,0,30,10,20,NO,1,Home,30,10,20,7,1
2017-11-12,2017,10,Buffalo Bills,BUF,10,New Orleans Saints,NO,47,NO,-2,48.5,57,0,47,10,37,NO,1,Away,47,10,37,2,1
2017-11-19,2017,11,New Orleans Saints,NO,34,Washington Redskins,WAS,31,NO,-7.5,52.5,65,0,34,31,3,NO,1,Home,34,31,3,7.5,0
2017-11-26,2017,12,Los Angeles Rams,LAR,26,New Orleans Saints,NO,20,LAR,-2.5,53.5,46,0,26,20,6,NO,0,Away,20,26,-6,-2.5,0
2017-12-03,2017,13,New Orleans Saints,NO,31,Carolina Panthers,CAR,21,NO,-4.5,48,52,0,31,21,10,NO,1,Home,31,21,10,4.5,1
2017-12-07,2017,14,Atlanta Falcons,ATL,20,New Orleans Saints,NO,17,ATL,-2.5,51.5,37,0,20,17,3,NO,0,Away,17,20,-3,-2.5,0
2017-12-17,2017,15,New Orleans Saints,NO,31,New York Jets,NYJ,19,NO,-16.5,47,50,0,31,19,12,NO,1,Home,31,19,12,16.5,0
2017-12-24,2017,16,New Orleans Saints,NO,23,Atlanta Falcons,ATL,13,NO,-5.5,52,36,0,23,13,10,NO,1,Home,23,13,10,5.5,1
2017-12-31,2017,17,Tampa Bay Buccaneers,TB,31,New Orleans Saints,NO,24,NO,-6,49,55,0,24,31,-7,NO,1,Away,24,31,-7,6,0
2018-09-09,2018,1,New Orleans Saints,NO,40,Tampa Bay Buccaneers,TB,48,NO,-10,50,88,0,40,48,-8,NO,1,Home,40,48,-8,10,0
2018-09-16,2018,2,New Orleans Saints,NO,21,Cleveland Browns,CLE,18,NO,-10,51,39,0,21,18,3,NO,1,Home,21,18,3,10,0
2018-09-23,2018,3,Atlanta Falcons,ATL,37,New Orleans Saints,NO,43,ATL,-1.5,54,80,0,37,43,-6,NO,0,Away,43,37,6,-1.5,1
2018-09-30,2018,4,New York Giants,NYG,18,New Orleans Saints,NO,33,NO,-3.5,51.5,51,0,33,18,15,NO,1,Away,33,18,15,3.5,1
2018-10-08,2018,5,New Orleans Saints,NO,43,Washington Redskins,WAS,19,NO,-5.5,51.5,62,0,43,19,24,NO,1,Home,43,19,24,5.5,1
2018-10-21,2018,7,Baltimore Ravens,BAL,23,New Orleans Saints,NO,24,BAL,-2.5,49,47,0,23,24,-1,NO,0,Away,24,23,1,-2.5,1
2018-10-28,2018,8,Minnesota Vikings,MIN,20,New Orleans Saints,NO,30,MIN,-2.5,53.5,50,0,20,30,-10,NO,0,Away,30,20,10,-2.5,1
2018-11-04,2018,9,New Orleans Saints,NO,45,Los Angeles Rams,LAR,35,LAR,-1.5,57,80,0,35,45,-10,NO,0,Home,45,35,10,-1.5,1
2018-11-11,2018,10,Cincinnati Bengals,CIN,14,New Orleans Saints,NO,51,NO,-6,53.5,65,0,51,14,37,NO,1,Away,51,14,37,6,1
2018-11-18,2018,11,New Orleans Saints,NO,48,Philadelphia Eagles,PHI,7,NO,-7,56.5,55,0,48,7,41,NO,1,Home,48,7,41,7,1
2018-11-22,2018,12,New Orleans Saints,NO,31,Atlanta Falcons,ATL,17,NO,-11.5,61.5,48,0,31,17,14,NO,1,Home,31,17,14,11.5,1
2018-11-29,2018,13,Dallas Cowboys,DAL,13,New Orleans Saints,NO,10,NO,-7.5,51.5,23,0,10,13,-3,NO,1,Away,10,13,-3,7.5,0
2018-12-09,2018,14,Tampa Bay Buccaneers,TB,14,New Orleans Saints,NO,28,NO,-10,54,42,0,28,14,14,NO,1,Away,28,14,14,10,1
2018-12-17,2018,15,Carolina Panthers,CAR,9,New Orleans Saints,NO,12,NO,-6,50.5,21,0,12,9,3,NO,1,Away,12,9,3,6,0
2018-12-23,2018,16,New Orleans Saints,NO,31,Pittsburgh Steelers,PIT,28,NO,-6.5,53,59,0,31,28,3,NO,1,Home,31,28,3,6.5,0
2018-12-30,2018,17,New Orleans Saints,NO,14,Carolina Panthers,CAR,33,NO,-8,42,47,0,14,33,-19,NO,1,Home,14,33,-19,8,0
2019-09-09,2019,1,New Orleans Saints,NO,30,Houston Texans,HOU,28,NO,-6.5,51.5,58,0,30,28,2,NO,1,Home,30,28,2,6.5,0
2019-09-15,2019,2,Los Angeles Rams,LAR,27,New Orleans Saints,NO,9,LAR,-2,52,36,0,27,9,18,NO,0,Away,9,27,-18,-2,0
2019-09-22,2019,3,Seattle Seahawks,SEA,27,New Orleans Saints,NO,33,SEA,-5,44,60,0,27,33,-6,NO,0,Away,33,27,6,-5,1
2019-09-29,2019,4,New Orleans Saints,NO,12,Dallas Cowboys,DAL,10,DAL,-2.5,47,22,0,10,12,-2,NO,0,Home,12,10,2,-2.5,1
2019-10-06,2019,5,New Orleans Saints,NO,31,Tampa Bay Buccaneers,TB,24,NO,-3,46.5,55,0,31,24,7,NO,1,Home,31,24,7,3,1
2019-10-13,2019,6,Jacksonville Jaguars,JAX,6,New Orleans Saints,NO,13,JAX,-2.5,42.5,19,0,6,13,-7,NO,0,Away,13,6,7,-2.5,1
2019-10-20,2019,7,Chicago Bears,CHI,25,New Orleans Saints,NO,36,CHI,-4,37,61,0,25,36,-11,NO,0,Away,36,25,11,-4,1
2019-10-27,2019,8,New Orleans Saints,NO,31,Arizona Cardinals,ARI,9,NO,-12.5,48,40,0,31,9,22,NO,1,Home,31,9,22,12.5,1
2019-11-10,2019,10,New Orleans Saints,NO,9,Atlanta Falcons,ATL,26,NO,-13.5,51.5,35,0,9,26,-17,NO,1,Home,9,26,-17,13.5,0
2019-11-17,2019,11,Tampa Bay Buccaneers,TB,17,New Orleans Saints,NO,34,NO,-5,50.5,51,0,34,17,17,NO,1,Away,34,17,17,5,1
2019-11-24,2019,12,New Orleans Saints,NO,34,Carolina Panthers,CAR,31,NO,-10,46.5,65,0,34,31,3,NO,1,Home,34,31,3,10,0
2019-11-28,2019,13,Atlanta Falcons,ATL,18,New Orleans Saints,NO,26,NO,-7,48,44,0,26,18,8,NO,1,Away,26,18,8,7,1
2019-12-08,2019,14,New Orleans Saints,NO,46,San Francisco 49ers,SF,48,NO,-1.5,45,94,0,46,48,-2,NO,1,Home,46,48,-2,1.5,0
2019-12-16,2019,15,New Orleans Saints,NO,34,Indianapolis Colts,IND,7,NO,-8.5,49,41,0,34,7,27,NO,1,Home,34,7,27,8.5,1
2019-12-22,2019,16,Tennessee Titans,TEN,28,New Orleans Saints,NO,38,NO,-3,49,66,0,38,28,10,NO,1,Away,38,28,10,3,1
2019-12-29,2019,17,Carolina Panthers,CAR,10,New Orleans Saints,NO,42,NO,-14,44.5,52,0,42,10,32,NO,1,Away,42,10,32,14,1
2000-09-03,2000,1,New York Giants,NYG,21,Arizona Cardinals,ARI,16,NYG,-6.5,40,37,0,21,16,5,NYG,1,Home,21,16,5,6.5,0
2000-09-10,2000,2,Philadelphia Eagles,PHI,18,New York Giants,NYG,33,PHI,-3,39.5,51,0,18,33,-15,NYG,0,Away,33,18,15,-3,1
2000-09-17,2000,3,Chicago Bears,CHI,7,New York Giants,NYG,14,CHI,-2,42,21,0,7,14,-7,NYG,0,Away,14,7,7,-2,1
2000-09-24,2000,4,New York Giants,NYG,6,Washington Redskins,WAS,16,NYG,-1,42,22,0,6,16,-10,NYG,1,Home,6,16,-10,1,0
2000-10-01,2000,5,Tennessee Titans,TEN,28,New York Giants,NYG,14,TEN,-5,38,42,0,28,14,14,NYG,0,Away,14,28,-14,-5,0
2000-10-08,2000,6,Atlanta Falcons,ATL,6,New York Giants,NYG,13,ATL,-1,42,19,0,6,13,-7,NYG,0,Away,13,6,7,-1,1
2000-10-15,2000,7,New York Giants,NYG,19,Dallas Cowboys,DAL,14,NYG,-4,40.5,33,0,19,14,5,NYG,1,Home,19,14,5,4,1
2000-10-29,2000,9,New York Giants,NYG,24,Philadelphia Eagles,PHI,7,NYG,-3.5,37,31,0,24,7,17,NYG,1,Home,24,7,17,3.5,1
2000-11-05,2000,10,Cleveland Browns,CLE,3,New York Giants,NYG,24,NYG,-10,33.5,27,0,24,3,21,NYG,1,Away,24,3,21,10,1
2000-11-12,2000,11,New York Giants,NYG,24,St. Louis Rams,LAR,38,LAR,-2,48.5,62,0,38,24,14,NYG,0,Home,24,38,-14,-2,0
2000-11-19,2000,12,New York Giants,NYG,21,Detroit Lions,DET,31,NYG,-5,36.5,52,0,21,31,-10,NYG,1,Home,21,31,-10,5,0
2000-11-26,2000,13,Arizona Cardinals,ARI,7,New York Giants,NYG,31,NYG,-6,39,38,0,31,7,24,NYG,1,Away,31,7,24,6,1
2000-12-03,2000,14,Washington Redskins,WAS,7,New York Giants,NYG,9,WAS,-6,38,16,0,7,9,-2,NYG,0,Away,9,7,2,-6,1
2000-12-10,2000,15,New York Giants,NYG,30,Pittsburgh Steelers,PIT,10,NYG,-3.5,35.5,40,0,30,10,20,NYG,1,Home,30,10,20,3.5,1
2000-12-17,2000,16,Dallas Cowboys,DAL,13,New York Giants,NYG,17,NYG,-6.5,36,30,0,17,13,4,NYG,1,Away,17,13,4,6.5,0
2000-12-23,2000,17,New York Giants,NYG,28,Jacksonville Jaguars,JAX,25,NYG,-4,37.5,53,0,28,25,3,NYG,1,Home,28,25,3,4,0
2001-09-10,2001,1,Denver Broncos,DEN,31,New York Giants,NYG,20,DEN,-7,43.5,51,0,31,20,11,NYG,0,Away,20,31,-11,-7,0
2001-09-23,2001,2,Kansas City Chiefs,KC,3,New York Giants,NYG,13,KC,-1.5,39,16,0,3,13,-10,NYG,0,Away,13,3,10,-1.5,1
2001-09-30,2001,3,New York Giants,NYG,21,New Orleans Saints,NO,13,NYG,-3,37,34,0,21,13,8,NYG,1,Home,21,13,8,3,1
2001-10-07,2001,4,New York Giants,NYG,23,Washington Redskins,WAS,9,NYG,-14,36,32,0,23,9,14,NYG,1,Home,23,9,14,14,0
2001-10-14,2001,5,St. Louis Rams,LAR,15,New York Giants,NYG,14,LAR,-10.5,45,29,0,15,14,1,NYG,0,Away,14,15,-1,-10.5,1
2001-10-22,2001,6,New York Giants,NYG,9,Philadelphia Eagles,PHI,10,NYG,-3,35.5,19,0,9,10,-1,NYG,1,Home,9,10,-1,3,0
2001-10-28,2001,7,Washington Redskins,WAS,35,New York Giants,NYG,21,NYG,-7.5,33.5,56,0,21,35,-14,NYG,1,Away,21,35,-14,7.5,0
2001-11-04,2001,8,New York Giants,NYG,27,Dallas Cowboys,DAL,24,NYG,-10.5,35.5,51,0,27,24,3,NYG,1,Home,27,24,3,10.5,0
2001-11-11,2001,9,Arizona Cardinals,ARI,10,New York Giants,NYG,17,NYG,-5.5,37.5,27,0,17,10,7,NYG,1,Away,17,10,7,5.5,1
2001-11-19,2001,10,Minnesota Vikings,MIN,28,New York Giants,NYG,16,MIN,-2,44,44,0,28,16,12,NYG,0,Away,16,28,-12,-2,0
2001-11-25,2001,11,New York Giants,NYG,10,Oakland Raiders,OAK,28,OAK,-2.5,39,38,0,28,10,18,NYG,0,Home,10,28,-18,-2.5,0
2001-12-09,2001,13,Dallas Cowboys,DAL,20,New York Giants,NYG,13,NYG,-3.5,35.5,33,0,13,20,-7,NYG,1,Away,13,20,-7,3.5,0
2001-12-15,2001,14,New York Giants,NYG,17,Arizona Cardinals,ARI,13,NYG,-5,37.5,30,0,17,13,4,NYG,1,Home,17,13,4,5,0
2001-12-23,2001,15,New York Giants,NYG,27,Seattle Seahawks,SEA,24,NYG,-3,34,51,0,27,24,3,NYG,1,Home,27,24,3,3,0
2001-12-30,2001,16,Philadelphia Eagles,PHI,24,New York Giants,NYG,21,PHI,-5,34.5,45,0,24,21,3,NYG,0,Away,21,24,-3,-5,1
2002-01-06,2001,17,New York Giants,NYG,25,Green Bay Packers,GB,34,GB,-3,36.5,59,0,34,25,9,NYG,0,Home,25,34,-9,-3,0
2002-09-05,2002,1,New York Giants,NYG,13,San Francisco 49ers,SF,16,SF,-4,39,29,0,16,13,3,NYG,0,Home,13,16,-3,-4,1
2002-09-15,2002,2,St. Louis Rams,LAR,21,New York Giants,NYG,26,LAR,-12,46,47,0,21,26,-5,NYG,0,Away,26,21,5,-12,1
2002-09-22,2002,3,New York Giants,NYG,9,Seattle Seahawks,SEA,6,NYG,-5.5,39,15,0,9,6,3,NYG,1,Home,9,6,3,5.5,0
2002-09-29,2002,4,Arizona Cardinals,ARI,21,New York Giants,NYG,7,NYG,-3,38.5,28,0,7,21,-14,NYG,1,Away,7,21,-14,3,0
2002-10-06,2002,5,Dallas Cowboys,DAL,17,New York Giants,NYG,21,NYG,-1.5,34.5,38,0,21,17,4,NYG,1,Away,21,17,4,1.5,1
2002-10-13,2002,6,New York Giants,NYG,10,Atlanta Falcons,ATL,17,NYG,-6,35.5,27,0,10,17,-7,NYG,1,Home,10,17,-7,6,0
2002-10-28,2002,8,Philadelphia Eagles,PHI,17,New York Giants,NYG,3,PHI,-7,38.5,20,0,17,3,14,NYG,0,Away,3,17,-14,-7,0
2002-11-03,2002,9,New York Giants,NYG,24,Jacksonville Jaguars,JAX,17,NYG,-3,35.5,41,0,24,17,7,NYG,1,Home,24,17,7,3,1
2002-11-10,2002,10,Minnesota Vikings,MIN,20,New York Giants,NYG,27,NYG,-1.5,45,47,0,27,20,7,NYG,1,Away,27,20,7,1.5,1
2002-11-17,2002,11,New York Giants,NYG,19,Washington Redskins,WAS,17,NYG,-3.5,34.5,36,0,19,17,2,NYG,1,Home,19,17,2,3.5,0
2002-11-24,2002,12,Houston Texans,HOU,16,New York Giants,NYG,14,NYG,-5.5,34,30,0,14,16,-2,NYG,1,Away,14,16,-2,5.5,0
2002-12-01,2002,13,New York Giants,NYG,29,Tennessee Titans,TEN,32,NYG,-3,34,61,0,29,32,-3,NYG,1,Home,29,32,-3,3,0
2002-12-08,2002,14,Washington Redskins,WAS,21,New York Giants,NYG,27,WAS,-3,37.5,48,0,21,27,-6,NYG,0,Away,27,21,6,-3,1
2002-12-15,2002,15,New York Giants,NYG,37,Dallas Cowboys,DAL,7,NYG,-5,35,44,0,37,7,30,NYG,1,Home,37,7,30,5,1
2002-12-22,2002,16,Indianapolis Colts,IND,27,New York Giants,NYG,44,IND,-4.5,41,71,0,27,44,-17,NYG,0,Away,44,27,17,-4.5,1
2002-12-28,2002,17,New York Giants,NYG,10,Philadelphia Eagles,PHI,7,NYG,-1,37.5,17,0,10,7,3,NYG,1,Home,10,7,3,1,1
2003-09-07,2003,1,New York Giants,NYG,23,St. Louis Rams,LAR,13,LAR,-1,46.5,36,0,13,23,-10,NYG,0,Home,23,13,10,-1,1
2003-09-15,2003,2,New York Giants,NYG,32,Dallas Cowboys,DAL,35,NYG,-7.5,36.5,67,0,32,35,-3,NYG,1,Home,32,35,-3,7.5,0
2003-09-21,2003,3,Washington Redskins,WAS,21,New York Giants,NYG,24,WAS,-1.5,43.5,45,0,21,24,-3,NYG,0,Away,24,21,3,-1.5,1
2003-10-05,2003,5,New York Giants,NYG,10,Miami Dolphins,MIA,23,NYG,-1.5,38,33,0,10,23,-13,NYG,1,Home,10,23,-13,1.5,0
2003-10-12,2003,6,New England Patriots,NE,17,New York Giants,NYG,6,NE,-2.5,42.5,23,0,17,6,11,NYG,0,Away,6,17,-11,-2.5,0
2003-10-19,2003,7,New York Giants,NYG,10,Philadelphia Eagles,PHI,14,NYG,-3,37,24,0,10,14,-4,NYG,1,Home,10,14,-4,3,0
2003-10-26,2003,8,Minnesota Vikings,MIN,17,New York Giants,NYG,29,MIN,-5.5,44.5,46,0,17,29,-12,NYG,0,Away,29,17,12,-5.5,1
2003-11-02,2003,9,New York Jets,NYJ,28,New York Giants,NYG,31,NYG,-3.5,40,59,0,31,28,3,NYG,1,Away,31,28,3,3.5,0
2003-11-09,2003,10,New York Giants,NYG,7,Atlanta Falcons,ATL,27,NYG,-11.5,41,34,0,7,27,-20,NYG,1,Home,7,27,-20,11.5,0
2003-11-16,2003,11,Philadelphia Eagles,PHI,28,New York Giants,NYG,10,PHI,-3,38,38,0,28,10,18,NYG,0,Away,10,28,-18,-3,0
2003-11-24,2003,12,Tampa Bay Buccaneers,TB,19,New York Giants,NYG,13,TB,-6,38,32,0,19,13,6,NYG,0,Away,13,19,-6,-6,0
2003-11-30,2003,13,New York Giants,NYG,7,Buffalo Bills,BUF,24,NYG,-3,35.5,31,0,7,24,-17,NYG,1,Home,7,24,-17,3,0
2003-12-07,2003,14,New York Giants,NYG,7,Washington Redskins,WAS,20,NYG,-3,36,27,0,7,20,-13,NYG,1,Home,7,20,-13,3,0
2003-12-14,2003,15,New Orleans Saints,NO,45,New York Giants,NYG,7,NO,-7.5,40.5,52,0,45,7,38,NYG,0,Away,7,45,-38,-7.5,0
2003-12-21,2003,16,Dallas Cowboys,DAL,19,New York Giants,NYG,3,DAL,-12.5,35.5,22,0,19,3,16,NYG,0,Away,3,19,-16,-12.5,0
2003-12-28,2003,17,New York Giants,NYG,24,Carolina Panthers,CAR,37,CAR,-4.5,34.5,61,0,37,24,13,NYG,0,Home,24,37,-13,-4.5,0
2004-09-12,2004,1,Philadelphia Eagles,PHI,31,New York Giants,NYG,17,PHI,-9.5,41.5,48,0,31,17,14,NYG,0,Away,17,31,-14,-9.5,0
2004-09-19,2004,2,New York Giants,NYG,20,Washington Redskins,WAS,14,WAS,-3,40,34,0,14,20,-6,NYG,0,Home,20,14,6,-3,1
2004-09-26,2004,3,New York Giants,NYG,27,Cleveland Browns,CLE,10,NYG,-3,38,37,0,27,10,17,NYG,1,Home,27,10,17,3,1
2004-10-03,2004,4,Green Bay Packers,GB,7,New York Giants,NYG,14,GB,-7,44,21,0,7,14,-7,NYG,0,Away,14,7,7,-7,1
2004-10-10,2004,5,Dallas Cowboys,DAL,10,New York Giants,NYG,26,DAL,-3.5,38.5,36,0,10,26,-16,NYG,0,Away,26,10,16,-3.5,1
2004-10-24,2004,7,New York Giants,NYG,13,Detroit Lions,DET,28,NYG,-7,40,41,0,13,28,-15,NYG,1,Home,13,28,-15,7,0
2004-10-31,2004,8,Minnesota Vikings,MIN,13,New York Giants,NYG,34,MIN,-6.5,48.5,47,0,13,34,-21,NYG,0,Away,34,13,21,-6.5,1
2004-11-07,2004,9,New York Giants,NYG,21,Chicago Bears,CHI,28,NYG,-9,34.5,49,0,21,28,-7,NYG,1,Home,21,28,-7,9,0
2004-11-14,2004,10,Arizona Cardinals,ARI,17,New York Giants,NYG,14,ARI,-1,39,31,0,17,14,3,NYG,0,Away,14,17,-3,-1,0
2004-11-21,2004,11,New York Giants,NYG,10,Atlanta Falcons,ATL,14,ATL,-3,40,24,0,14,10,4,NYG,0,Home,10,14,-4,-3,0
2004-11-28,2004,12,New York Giants,NYG,6,Philadelphia Eagles,PHI,27,PHI,-7,35.5,33,0,27,6,21,NYG,0,Home,6,27,-21,-7,0
2004-12-05,2004,13,Washington Redskins,WAS,31,New York Giants,NYG,7,WAS,-3,33,38,0,31,7,24,NYG,0,Away,7,31,-24,-3,0
2004-12-12,2004,14,Baltimore Ravens,BAL,37,New York Giants,NYG,14,BAL,-10,34,51,0,37,14,23,NYG,0,Away,14,37,-23,-10,0
2004-12-18,2004,15,New York Giants,NYG,30,Pittsburgh Steelers,PIT,33,PIT,-10,36.5,63,0,33,30,3,NYG,0,Home,30,33,-3,-10,1
2004-12-26,2004,16,Cincinnati Bengals,CIN,23,New York Giants,NYG,22,CIN,-6.5,46.5,45,0,23,22,1,NYG,0,Away,22,23,-1,-6.5,1
2005-01-02,2004,17,New York Giants,NYG,28,Dallas Cowboys,DAL,24,NYG,-1,38.5,52,0,28,24,4,NYG,1,Home,28,24,4,1,1
2005-09-11,2005,1,New York Giants,NYG,42,Arizona Cardinals,ARI,19,NYG,-1.5,37.5,61,0,42,19,23,NYG,1,Home,42,19,23,1.5,1
2005-09-19,2005,2,New York Giants,NYG,27,New Orleans Saints,NO,10,NYG,-3,43,37,0,27,10,17,NYG,1,Home,27,10,17,3,1
2005-09-25,2005,3,San Diego Chargers,LAC,45,New York Giants,NYG,23,LAC,-5.5,42.5,68,0,45,23,22,NYG,0,Away,23,45,-22,-5.5,0
2005-10-02,2005,4,New York Giants,NYG,44,St. Louis Rams,LAR,24,NYG,-3,46,68,0,44,24,20,NYG,1,Home,44,24,20,3,1
2005-10-16,2005,6,Dallas Cowboys,DAL,16,New York Giants,NYG,13,DAL,-3.5,45.5,29,0,16,13,3,NYG,0,Away,13,16,-3,-3.5,1
2005-10-23,2005,7,New York Giants,NYG,24,Denver Broncos,DEN,23,NYG,-2,46.5,47,0,24,23,1,NYG,1,Home,24,23,1,2,0
2005-10-30,2005,8,New York Giants,NYG,36,Washington Redskins,WAS,0,NYG,-3,41,36,0,36,0,36,NYG,1,Home,36,0,36,3,1
2005-11-06,2005,9,San Francisco 49ers,SF,6,New York Giants,NYG,24,NYG,-9.5,42,30,0,24,6,18,NYG,1,Away,24,6,18,9.5,1
2005-11-13,2005,10,New York Giants,NYG,21,Minnesota Vikings,MIN,24,NYG,-10,45,45,0,21,24,-3,NYG,1,Home,21,24,-3,10,0
2005-11-20,2005,11,New York Giants,NYG,27,Philadelphia Eagles,PHI,17,NYG,-3.5,43,44,0,27,17,10,NYG,1,Home,27,17,10,3.5,1
2005-11-27,2005,12,Seattle Seahawks,SEA,24,New York Giants,NYG,21,SEA,-5.5,47.5,45,0,24,21,3,NYG,0,Away,21,24,-3,-5.5,1
2005-12-04,2005,13,New York Giants,NYG,17,Dallas Cowboys,DAL,10,NYG,-3,41,27,0,17,10,7,NYG,1,Home,17,10,7,3,1
2005-12-11,2005,14,Philadelphia Eagles,PHI,23,New York Giants,NYG,26,NYG,-3,40,49,0,26,23,3,NYG,1,Away,26,23,3,3,0
2005-12-17,2005,15,New York Giants,NYG,27,Kansas City Chiefs,KC,17,NYG,-3,45.5,44,0,27,17,10,NYG,1,Home,27,17,10,3,1
2005-12-24,2005,16,Washington Redskins,WAS,35,New York Giants,NYG,20,WAS,-3,38,55,0,35,20,15,NYG,0,Away,20,35,-15,-3,0
2005-12-31,2005,17,Oakland Raiders,OAK,21,New York Giants,NYG,30,NYG,-7.5,44,51,0,30,21,9,NYG,1,Away,30,21,9,7.5,1
2006-09-10,2006,1,New York Giants,NYG,21,Indianapolis Colts,IND,26,IND,-3,47.5,47,0,26,21,5,NYG,0,Home,21,26,-5,-3,0
2006-09-17,2006,2,Philadelphia Eagles,PHI,24,New York Giants,NYG,30,PHI,-3,42,54,0,24,30,-6,NYG,0,Away,30,24,6,-3,1
2006-09-24,2006,3,Seattle Seahawks,SEA,42,New York Giants,NYG,30,SEA,-4,43,72,0,42,30,12,NYG,0,Away,30,42,-12,-4,0
2006-10-08,2006,5,New York Giants,NYG,19,Washington Redskins,WAS,3,NYG,-5.5,45.5,22,0,19,3,16,NYG,1,Home,19,3,16,5.5,1
2006-10-15,2006,6,Atlanta Falcons,ATL,14,New York Giants,NYG,27,ATL,-3,41.5,41,0,14,27,-13,NYG,0,Away,27,14,13,-3,1
2006-10-23,2006,7,Dallas Cowboys,DAL,22,New York Giants,NYG,36,DAL,-3,43.5,58,0,22,36,-14,NYG,0,Away,36,22,14,-3,1
2006-10-29,2006,8,New York Giants,NYG,17,Tampa Bay Buccaneers,TB,3,NYG,-9.5,36,20,0,17,3,14,NYG,1,Home,17,3,14,9.5,1
2006-11-05,2006,9,New York Giants,NYG,14,Houston Texans,HOU,10,NYG,-13,43.5,24,0,14,10,4,NYG,1,Home,14,10,4,13,0
2006-11-12,2006,10,New York Giants,NYG,20,Chicago Bears,CHI,38,NYG,-1,37.5,58,0,20,38,-18,NYG,1,Home,20,38,-18,1,0
2006-11-20,2006,11,Jacksonville Jaguars,JAX,26,New York Giants,NYG,10,JAX,-3.5,38.5,36,0,26,10,16,NYG,0,Away,10,26,-16,-3.5,0
2006-11-26,2006,12,Tennessee Titans,TEN,24,New York Giants,NYG,21,NYG,-3.5,45,45,0,21,24,-3,NYG,1,Away,21,24,-3,3.5,0
2006-12-03,2006,13,New York Giants,NYG,20,Dallas Cowboys,DAL,23,DAL,-3.5,44,43,0,23,20,3,NYG,0,Home,20,23,-3,-3.5,1
2006-12-10,2006,14,Carolina Panthers,CAR,13,New York Giants,NYG,27,NYG,-2.5,39,40,0,27,13,14,NYG,1,Away,27,13,14,2.5,1
2006-12-17,2006,15,New York Giants,NYG,22,Philadelphia Eagles,PHI,36,NYG,-6,45,58,0,22,36,-14,NYG,1,Home,22,36,-14,6,0
2006-12-24,2006,16,New York Giants,NYG,7,New Orleans Saints,NO,30,NYG,-3,47.5,37,0,7,30,-23,NYG,1,Home,7,30,-23,3,0
2006-12-30,2006,17,Washington Redskins,WAS,28,New York Giants,NYG,34,NYG,-2,43,62,0,34,28,6,NYG,1,Away,34,28,6,2,1
2007-09-09,2007,1,Dallas Cowboys,DAL,45,New York Giants,NYG,35,DAL,-6.5,44.5,80,0,45,35,10,NYG,0,Away,35,45,-10,-6.5,0
2007-09-16,2007,2,New York Giants,NYG,13,Green Bay Packers,GB,35,NYG,-2.5,39,48,0,13,35,-22,NYG,1,Home,13,35,-22,2.5,0
2007-09-23,2007,3,Washington Redskins,WAS,17,New York Giants,NYG,24,WAS,-3.5,42.5,41,0,17,24,-7,NYG,0,Away,24,17,7,-3.5,1
2007-09-30,2007,4,New York Giants,NYG,16,Philadelphia Eagles,PHI,3,PHI,-2.5,47,19,0,3,16,-13,NYG,0,Home,16,3,13,-2.5,1
2007-10-07,2007,5,New York Giants,NYG,35,New York Jets,NYJ,24,NYG,-4,40.5,59,0,35,24,11,NYG,1,Home,35,24,11,4,1
2007-10-15,2007,6,Atlanta Falcons,ATL,10,New York Giants,NYG,31,NYG,-5.5,44,41,0,31,10,21,NYG,1,Away,31,10,21,5.5,1
2007-10-21,2007,7,New York Giants,NYG,33,San Francisco 49ers,SF,15,NYG,-9.5,39,48,0,33,15,18,NYG,1,Home,33,15,18,9.5,1
2007-11-11,2007,10,New York Giants,NYG,20,Dallas Cowboys,DAL,31,DAL,-1.5,48,51,0,31,20,11,NYG,0,Home,20,31,-11,-1.5,0
2007-11-18,2007,11,Detroit Lions,DET,10,New York Giants,NYG,16,NYG,-2.5,48,26,0,16,10,6,NYG,1,Away,16,10,6,2.5,1
2007-11-25,2007,12,New York Giants,NYG,17,Minnesota Vikings,MIN,41,NYG,-7.5,40,58,0,17,41,-24,NYG,1,Home,17,41,-24,7.5,0
2007-12-02,2007,13,Chicago Bears,CHI,16,New York Giants,NYG,21,NYG,-1,39,37,0,21,16,5,NYG,1,Away,21,16,5,1,1
2007-12-09,2007,14,Philadelphia Eagles,PHI,13,New York Giants,NYG,16,PHI,-3,42,29,0,13,16,-3,NYG,0,Away,16,13,3,-3,1
2007-12-16,2007,15,New York Giants,NYG,10,Washington Redskins,WAS,22,NYG,-6.5,36.5,32,0,10,22,-12,NYG,1,Home,10,22,-12,6.5,0
2007-12-23,2007,16,Buffalo Bills,BUF,21,New York Giants,NYG,38,NYG,-3,32,59,0,38,21,17,NYG,1,Away,38,21,17,3,1
2007-12-29,2007,17,New York Giants,NYG,35,New England Patriots,NE,38,NE,-13.5,46.5,73,0,38,35,3,NYG,0,Home,35,38,-3,-13.5,1
2008-09-04,2008,1,New York Giants,NYG,16,Washington Redskins,WAS,7,NYG,-4.5,41.5,23,0,16,7,9,NYG,1,Home,16,7,9,4.5,1
2008-09-14,2008,2,St. Louis Rams,LAR,13,New York Giants,NYG,41,NYG,-8,43.5,54,0,41,13,28,NYG,1,Away,41,13,28,8,1
2008-09-21,2008,3,New York Giants,NYG,26,Cincinnati Bengals,CIN,23,NYG,-13,42.5,49,0,26,23,3,NYG,1,Home,26,23,3,13,0
2008-10-05,2008,5,New York Giants,NYG,44,Seattle Seahawks,SEA,6,NYG,-6.5,43.5,50,0,44,6,38,NYG,1,Home,44,6,38,6.5,1
2008-10-13,2008,6,Cleveland Browns,CLE,35,New York Giants,NYG,14,NYG,-8,43.5,49,0,14,35,-21,NYG,1,Away,14,35,-21,8,0
2008-10-19,2008,7,New York Giants,NYG,29,San Francisco 49ers,SF,17,NYG,-10,47,46,0,29,17,12,NYG,1,Home,29,17,12,10,1
2008-10-26,2008,8,Pittsburgh Steelers,PIT,14,New York Giants,NYG,21,PIT,-3,41,35,0,14,21,-7,NYG,0,Away,21,14,7,-3,1
2008-11-02,2008,9,New York Giants,NYG,35,Dallas Cowboys,DAL,14,NYG,-8.5,42,49,0,35,14,21,NYG,1,Home,35,14,21,8.5,1
2008-11-09,2008,10,Philadelphia Eagles,PHI,31,New York Giants,NYG,36,PHI,-1.5,42.5,67,0,31,36,-5,NYG,0,Away,36,31,5,-1.5,1
2008-11-16,2008,11,New York Giants,NYG,30,Baltimore Ravens,BAL,10,NYG,-7,40,40,0,30,10,20,NYG,1,Home,30,10,20,7,1
2008-11-23,2008,12,Arizona Cardinals,ARI,29,New York Giants,NYG,37,NYG,-3,48.5,66,0,37,29,8,NYG,1,Away,37,29,8,3,1
2008-11-30,2008,13,Washington Redskins,WAS,7,New York Giants,NYG,23,NYG,-4,41,30,0,23,7,16,NYG,1,Away,23,7,16,4,1
2008-12-07,2008,14,New York Giants,NYG,14,Philadelphia Eagles,PHI,20,NYG,-7,40.5,34,0,14,20,-6,NYG,1,Home,14,20,-6,7,0
2008-12-14,2008,15,Dallas Cowboys,DAL,20,New York Giants,NYG,8,DAL,-3,46,28,0,20,8,12,NYG,0,Away,8,20,-12,-3,0
2008-12-21,2008,16,New York Giants,NYG,34,Carolina Panthers,CAR,28,NYG,-4,38,62,0,34,28,6,NYG,1,Home,34,28,6,4,1
2008-12-28,2008,17,Minnesota Vikings,MIN,20,New York Giants,NYG,19,MIN,-7,41,39,0,20,19,1,NYG,0,Away,19,20,-1,-7,1
2009-09-13,2009,1,New York Giants,NYG,23,Washington Redskins,WAS,17,NYG,-6,37,40,0,23,17,6,NYG,1,Home,23,17,6,6,0
2009-09-20,2009,2,Dallas Cowboys,DAL,31,New York Giants,NYG,33,DAL,-3,45.5,64,0,31,33,-2,NYG,0,Away,33,31,2,-3,1
2009-09-27,2009,3,Tampa Bay Buccaneers,TB,0,New York Giants,NYG,24,NYG,-6.5,46,24,0,24,0,24,NYG,1,Away,24,0,24,6.5,1
2009-10-04,2009,4,Kansas City Chiefs,KC,16,New York Giants,NYG,27,NYG,-9.5,43,43,0,27,16,11,NYG,1,Away,27,16,11,9.5,1
2009-10-11,2009,5,New York Giants,NYG,44,Oakland Raiders,OAK,7,NYG,-15,38.5,51,0,44,7,37,NYG,1,Home,44,7,37,15,1
2009-10-18,2009,6,New Orleans Saints,NO,48,New York Giants,NYG,27,NO,-3,47.5,75,0,48,27,21,NYG,0,Away,27,48,-21,-3,0
2009-10-25,2009,7,New York Giants,NYG,17,Arizona Cardinals,ARI,24,NYG,-8,47,41,0,17,24,-7,NYG,1,Home,17,24,-7,8,0
2009-11-01,2009,8,Philadelphia Eagles,PHI,40,New York Giants,NYG,17,NYG,-1,44.5,57,0,17,40,-23,NYG,1,Away,17,40,-23,1,0
2009-11-08,2009,9,New York Giants,NYG,20,San Diego Chargers,LAC,21,NYG,-4.5,48,41,0,20,21,-1,NYG,1,Home,20,21,-1,4.5,0
2009-11-22,2009,11,New York Giants,NYG,34,Atlanta Falcons,ATL,31,NYG,-7,46.5,65,0,34,31,3,NYG,1,Home,34,31,3,7,0
2009-11-26,2009,12,Denver Broncos,DEN,26,New York Giants,NYG,6,NYG,-4.5,43.5,32,0,6,26,-20,NYG,1,Away,6,26,-20,4.5,0
2009-12-06,2009,13,New York Giants,NYG,31,Dallas Cowboys,DAL,24,DAL,-1.5,45.5,55,0,24,31,-7,NYG,0,Home,31,24,7,-1.5,1
2009-12-13,2009,14,New York Giants,NYG,38,Philadelphia Eagles,PHI,45,PHI,-1,42.5,83,0,45,38,7,NYG,0,Home,38,45,-7,-1,0
2009-12-21,2009,15,Washington Redskins,WAS,12,New York Giants,NYG,45,NYG,-3,43.5,57,0,45,12,33,NYG,1,Away,45,12,33,3,1
2009-12-27,2009,16,New York Giants,NYG,9,Carolina Panthers,CAR,41,NYG,-8.5,43,50,0,9,41,-32,NYG,1,Home,9,41,-32,8.5,0
2010-01-03,2009,17,Minnesota Vikings,MIN,44,New York Giants,NYG,7,MIN,-8,48,51,0,44,7,37,NYG,0,Away,7,44,-37,-8,0
2010-09-12,2010,1,New York Giants,NYG,31,Carolina Panthers,CAR,18,NYG,-6,41,49,0,31,18,13,NYG,1,Home,31,18,13,6,1
2010-09-19,2010,2,Indianapolis Colts,IND,38,New York Giants,NYG,14,IND,-4,48.5,52,0,38,14,24,NYG,0,Away,14,38,-24,-4,0
2010-09-26,2010,3,New York Giants,NYG,10,Tennessee Titans,TEN,29,NYG,-3,43.5,39,0,10,29,-19,NYG,1,Home,10,29,-19,3,0
2010-10-03,2010,4,New York Giants,NYG,17,Chicago Bears,CHI,3,NYG,-3.5,44,20,0,17,3,14,NYG,1,Home,17,3,14,3.5,1
2010-10-10,2010,5,Houston Texans,HOU,10,New York Giants,NYG,34,HOU,-3,48.5,44,0,10,34,-24,NYG,0,Away,34,10,24,-3,1
2010-10-17,2010,6,New York Giants,NYG,28,Detroit Lions,DET,20,NYG,-10,45.5,48,0,28,20,8,NYG,1,Home,28,20,8,10,0
2010-10-25,2010,7,Dallas Cowboys,DAL,35,New York Giants,NYG,41,DAL,-3.5,45.5,76,0,35,41,-6,NYG,0,Away,41,35,6,-3.5,1
2010-11-07,2010,9,Seattle Seahawks,SEA,7,New York Giants,NYG,41,NYG,-7.5,40.5,48,0,41,7,34,NYG,1,Away,41,7,34,7.5,1
2010-11-14,2010,10,New York Giants,NYG,20,Dallas Cowboys,DAL,33,NYG,-12.5,46.5,53,0,20,33,-13,NYG,1,Home,20,33,-13,12.5,0
2010-11-21,2010,11,Philadelphia Eagles,PHI,27,New York Giants,NYG,17,PHI,-3.5,48,44,0,27,17,10,NYG,0,Away,17,27,-10,-3.5,0
2010-11-28,2010,12,New York Giants,NYG,24,Jacksonville Jaguars,JAX,20,NYG,-7.5,44,44,0,24,20,4,NYG,1,Home,24,20,4,7.5,0
2010-12-05,2010,13,New York Giants,NYG,31,Washington Redskins,WAS,7,NYG,-7.5,43,38,0,31,7,24,NYG,1,Home,31,7,24,7.5,1
2010-12-19,2010,15,New York Giants,NYG,31,Philadelphia Eagles,PHI,38,NYG,-3,47,69,0,31,38,-7,NYG,1,Home,31,38,-7,3,0
2010-12-26,2010,16,Green Bay Packers,GB,45,New York Giants,NYG,17,GB,-3,43,62,0,45,17,28,NYG,0,Away,17,45,-28,-3,0
2011-01-02,2010,17,Washington Redskins,WAS,14,New York Giants,NYG,17,NYG,-4,44.5,31,0,17,14,3,NYG,1,Away,17,14,3,4,0
2011-09-11,2011,1,Washington Redskins,WAS,28,New York Giants,NYG,14,NYG,-2,40,42,0,14,28,-14,NYG,1,Away,14,28,-14,2,0
2011-09-19,2011,2,New York Giants,NYG,28,St. Louis Rams,LAR,16,NYG,-7,44,44,0,28,16,12,NYG,1,Home,28,16,12,7,1
2011-09-25,2011,3,Philadelphia Eagles,PHI,16,New York Giants,NYG,29,PHI,-8,46.5,45,0,16,29,-13,NYG,0,Away,29,16,13,-8,1
2011-10-02,2011,4,Arizona Cardinals,ARI,27,New York Giants,NYG,31,NYG,-1.5,45,58,0,31,27,4,NYG,1,Away,31,27,4,1.5,1
2011-10-09,2011,5,New York Giants,NYG,25,Seattle Seahawks,SEA,36,NYG,-10,43.5,61,0,25,36,-11,NYG,1,Home,25,36,-11,10,0
2011-10-16,2011,6,New York Giants,NYG,27,Buffalo Bills,BUF,24,NYG,-3,49,51,0,27,24,3,NYG,1,Home,27,24,3,3,0
2011-10-30,2011,8,New York Giants,NYG,20,Miami Dolphins,MIA,17,NYG,-10,43.5,37,0,20,17,3,NYG,1,Home,20,17,3,10,0
2011-11-06,2011,9,New England Patriots,NE,20,New York Giants,NYG,24,NE,-9,51,44,0,20,24,-4,NYG,0,Away,24,20,4,-9,1
2011-11-13,2011,10,San Francisco 49ers,SF,27,New York Giants,NYG,20,SF,-4,42.5,47,0,27,20,7,NYG,0,Away,20,27,-7,-4,0
2011-11-20,2011,11,New York Giants,NYG,10,Philadelphia Eagles,PHI,17,NYG,-6,45.5,27,0,10,17,-7,NYG,1,Home,10,17,-7,6,0
2011-11-28,2011,12,New Orleans Saints,NO,49,New York Giants,NYG,24,NO,-7,51,73,0,49,24,25,NYG,0,Away,24,49,-25,-7,0
2011-12-04,2011,13,New York Giants,NYG,35,Green Bay Packers,GB,38,GB,-7,54,73,0,38,35,3,NYG,0,Home,35,38,-3,-7,1
2011-12-11,2011,14,Dallas Cowboys,DAL,34,New York Giants,NYG,37,DAL,-4.5,50.5,71,0,34,37,-3,NYG,0,Away,37,34,3,-4.5,1
2011-12-18,2011,15,New York Giants,NYG,10,Washington Redskins,WAS,23,NYG,-6,46.5,33,0,10,23,-13,NYG,1,Home,10,23,-13,6,0
2011-12-24,2011,16,New York Jets,NYJ,14,New York Giants,NYG,29,NYJ,-3,46,43,0,14,29,-15,NYG,0,Away,29,14,15,-3,1
2012-01-01,2011,17,New York Giants,NYG,31,Dallas Cowboys,DAL,14,NYG,-3,47.5,45,0,31,14,17,NYG,1,Home,31,14,17,3,1
2012-09-05,2012,1,New York Giants,NYG,17,Dallas Cowboys,DAL,24,NYG,-4,46,41,0,17,24,-7,NYG,1,Home,17,24,-7,4,0
2012-09-16,2012,2,New York Giants,NYG,41,Tampa Bay Buccaneers,TB,34,NYG,-8,43.5,75,0,41,34,7,NYG,1,Home,41,34,7,8,0
2012-09-20,2012,3,Carolina Panthers,CAR,7,New York Giants,NYG,36,CAR,-3,49,43,0,7,36,-29,NYG,0,Away,36,7,29,-3,1
2012-09-30,2012,4,Philadelphia Eagles,PHI,19,New York Giants,NYG,17,PHI,-1.5,46.5,36,0,19,17,2,NYG,0,Away,17,19,-2,-1.5,0
2012-10-07,2012,5,New York Giants,NYG,41,Cleveland Browns,CLE,27,NYG,-8,44,68,0,41,27,14,NYG,1,Home,41,27,14,8,1
2012-10-14,2012,6,San Francisco 49ers,SF,3,New York Giants,NYG,26,SF,-7,46.5,29,0,3,26,-23,NYG,0,Away,26,3,23,-7,1
2012-10-21,2012,7,New York Giants,NYG,27,Washington Redskins,WAS,23,NYG,-6.5,51.5,50,0,27,23,4,NYG,1,Home,27,23,4,6.5,0
2012-10-28,2012,8,Dallas Cowboys,DAL,24,New York Giants,NYG,29,NYG,-2.5,48,53,0,29,24,5,NYG,1,Away,29,24,5,2.5,1
2012-11-04,2012,9,New York Giants,NYG,20,Pittsburgh Steelers,PIT,24,NYG,-3.5,47.5,44,0,20,24,-4,NYG,1,Home,20,24,-4,3.5,0
2012-11-11,2012,10,Cincinnati Bengals,CIN,31,New York Giants,NYG,13,NYG,-4.5,47.5,44,0,13,31,-18,NYG,1,Away,13,31,-18,4.5,0
2012-11-25,2012,12,New York Giants,NYG,38,Green Bay Packers,GB,10,NYG,-2.5,51.5,48,0,38,10,28,NYG,1,Home,38,10,28,2.5,1
2012-12-03,2012,13,Washington Redskins,WAS,17,New York Giants,NYG,16,NYG,-3,50,33,0,16,17,-1,NYG,1,Away,16,17,-1,3,0
2012-12-09,2012,14,New York Giants,NYG,52,New Orleans Saints,NO,27,NYG,-4.5,51.5,79,0,52,27,25,NYG,1,Home,52,27,25,4.5,1
2012-12-16,2012,15,Atlanta Falcons,ATL,34,New York Giants,NYG,0,PICK,0,50,34,0,0,34,-34,NYG,0,Away,0,34,-34,0,0
2012-12-23,2012,16,Baltimore Ravens,BAL,33,New York Giants,NYG,14,NYG,-2.5,47,47,0,14,33,-19,NYG,1,Away,14,33,-19,2.5,0
2012-12-30,2012,17,New York Giants,NYG,42,Philadelphia Eagles,PHI,7,NYG,-6.5,44.5,49,0,42,7,35,NYG,1,Home,42,7,35,6.5,1
2013-09-08,2013,1,Dallas Cowboys,DAL,36,New York Giants,NYG,31,DAL,-3.5,50,67,0,36,31,5,NYG,0,Away,31,36,-5,-3.5,0
2013-09-15,2013,2,New York Giants,NYG,23,Denver Broncos,DEN,41,DEN,-4,55.5,64,0,41,23,18,NYG,0,Home,23,41,-18,-4,0
2013-09-22,2013,3,Carolina Panthers,CAR,38,New York Giants,NYG,0,NYG,-3,47,38,0,0,38,-38,NYG,1,Away,0,38,-38,3,0
2013-09-29,2013,4,Kansas City Chiefs,KC,31,New York Giants,NYG,7,KC,-4.5,44,38,0,31,7,24,NYG,0,Away,7,31,-24,-4.5,0
2013-10-06,2013,5,New York Giants,NYG,21,Philadelphia Eagles,PHI,36,NYG,-1.5,54,57,0,21,36,-15,NYG,1,Home,21,36,-15,1.5,0
2013-10-10,2013,6,Chicago Bears,CHI,27,New York Giants,NYG,21,CHI,-8.5,48,48,0,27,21,6,NYG,0,Away,21,27,-6,-8.5,1
2013-10-21,2013,7,New York Giants,NYG,23,Minnesota Vikings,MIN,7,NYG,-3.5,47,30,0,23,7,16,NYG,1,Home,23,7,16,3.5,1
2013-10-27,2013,8,Philadelphia Eagles,PHI,7,New York Giants,NYG,15,PHI,-5.5,49.5,22,0,7,15,-8,NYG,0,Away,15,7,8,-5.5,1
2013-11-10,2013,10,New York Giants,NYG,24,Oakland Raiders,OAK,20,NYG,-7,41,44,0,24,20,4,NYG,1,Home,24,20,4,7,0
2013-11-17,2013,11,New York Giants,NYG,27,Green Bay Packers,GB,13,NYG,-3,40.5,40,0,27,13,14,NYG,1,Home,27,13,14,3,1
2013-11-24,2013,12,New York Giants,NYG,21,Dallas Cowboys,DAL,24,NYG,-2.5,44,45,0,21,24,-3,NYG,1,Home,21,24,-3,2.5,0
2013-12-01,2013,13,Washington Redskins,WAS,17,New York Giants,NYG,24,WAS,-1,44.5,41,0,17,24,-7,NYG,0,Away,24,17,7,-1,1
2013-12-08,2013,14,San Diego Chargers,LAC,37,New York Giants,NYG,14,LAC,-4,46.5,51,0,37,14,23,NYG,0,Away,14,37,-23,-4,0
2013-12-15,2013,15,New York Giants,NYG,0,Seattle Seahawks,SEA,23,SEA,-9.5,43,23,0,23,0,23,NYG,0,Home,0,23,-23,-9.5,0
2013-12-22,2013,16,Detroit Lions,DET,20,New York Giants,NYG,23,DET,-9,48.5,43,0,20,23,-3,NYG,0,Away,23,20,3,-9,1
2013-12-29,2013,17,New York Giants,NYG,20,Washington Redskins,WAS,6,NYG,-3.5,44.5,26,0,20,6,14,NYG,1,Home,20,6,14,3.5,1
2014-09-08,2014,1,Detroit Lions,DET,35,New York Giants,NYG,14,DET,-6.5,47,49,0,35,14,21,NYG,0,Away,14,35,-21,-6.5,0
2014-09-14,2014,2,New York Giants,NYG,14,Arizona Cardinals,ARI,25,NYG,-1,41.5,39,0,14,25,-11,NYG,1,Home,14,25,-11,1,0
2014-09-21,2014,3,New York Giants,NYG,30,Houston Texans,HOU,17,NYG,-1,41.5,47,0,30,17,13,NYG,1,Home,30,17,13,1,1
2014-09-25,2014,4,Washington Redskins,WAS,14,New York Giants,NYG,45,WAS,-3,44.5,59,0,14,45,-31,NYG,0,Away,45,14,31,-3,1
2014-10-05,2014,5,New York Giants,NYG,30,Atlanta Falcons,ATL,20,NYG,-4,50.5,50,0,30,20,10,NYG,1,Home,30,20,10,4,1
2014-10-12,2014,6,Philadelphia Eagles,PHI,27,New York Giants,NYG,0,PHI,-1,51,27,0,27,0,27,NYG,0,Away,0,27,-27,-1,0
2014-10-19,2014,7,Dallas Cowboys,DAL,31,New York Giants,NYG,21,DAL,-5,47,52,0,31,21,10,NYG,0,Away,21,31,-10,-5,0
2014-11-03,2014,9,New York Giants,NYG,24,Indianapolis Colts,IND,40,IND,-3,51.5,64,0,40,24,16,NYG,0,Home,24,40,-16,-3,0
2014-11-09,2014,10,Seattle Seahawks,SEA,38,New York Giants,NYG,17,SEA,-9,45,55,0,38,17,21,NYG,0,Away,17,38,-21,-9,0
2014-11-16,2014,11,New York Giants,NYG,10,San Francisco 49ers,SF,16,SF,-4,45,26,0,16,10,6,NYG,0,Home,10,16,-6,-4,0
2014-11-23,2014,12,New York Giants,NYG,28,Dallas Cowboys,DAL,31,DAL,-4,49,59,0,31,28,3,NYG,0,Home,28,31,-3,-4,1
2014-11-30,2014,13,Jacksonville Jaguars,JAX,25,New York Giants,NYG,24,NYG,-3,44,49,0,24,25,-1,NYG,1,Away,24,25,-1,3,0
2014-12-07,2014,14,Tennessee Titans,TEN,7,New York Giants,NYG,36,NYG,-3,46.5,43,0,36,7,29,NYG,1,Away,36,7,29,3,1
2014-12-14,2014,15,New York Giants,NYG,24,Washington Redskins,WAS,13,NYG,-7,46.5,37,0,24,13,11,NYG,1,Home,24,13,11,7,1
2014-12-21,2014,16,St. Louis Rams,LAR,27,New York Giants,NYG,37,LAR,-7,43.5,64,0,27,37,-10,NYG,0,Away,37,27,10,-7,1
2014-12-28,2014,17,New York Giants,NYG,26,Philadelphia Eagles,PHI,34,PHI,-1,52,60,0,34,26,8,NYG,0,Home,26,34,-8,-1,0
2015-09-13,2015,1,Dallas Cowboys,DAL,27,New York Giants,NYG,26,DAL,-7,52.5,53,0,27,26,1,NYG,0,Away,26,27,-1,-7,1
2015-09-20,2015,2,New York Giants,NYG,20,Atlanta Falcons,ATL,24,NYG,-2,50,44,0,20,24,-4,NYG,1,Home,20,24,-4,2,0
2015-09-24,2015,3,New York Giants,NYG,32,Washington Redskins,WAS,21,NYG,-3,45,53,0,32,21,11,NYG,1,Home,32,21,11,3,1
2015-10-04,2015,4,Buffalo Bills,BUF,10,New York Giants,NYG,24,BUF,-6,46.5,34,0,10,24,-14,NYG,0,Away,24,10,14,-6,1
2015-10-11,2015,5,New York Giants,NYG,30,San Francisco 49ers,SF,27,NYG,-7.5,44,57,0,30,27,3,NYG,1,Home,30,27,3,7.5,0
2015-10-19,2015,6,Philadelphia Eagles,PHI,27,New York Giants,NYG,7,PHI,-3.5,50.5,34,0,27,7,20,NYG,0,Away,7,27,-20,-3.5,0
2015-10-25,2015,7,New York Giants,NYG,27,Dallas Cowboys,DAL,20,NYG,-3,44.5,47,0,27,20,7,NYG,1,Home,27,20,7,3,1
2015-11-01,2015,8,New Orleans Saints,NO,52,New York Giants,NYG,49,NO,-3,52,101,0,52,49,3,NYG,0,Away,49,52,-3,-3,0
2015-11-08,2015,9,Tampa Bay Buccaneers,TB,18,New York Giants,NYG,32,NYG,-2,49,50,0,32,18,14,NYG,1,Away,32,18,14,2,1
2015-11-15,2015,10,New York Giants,NYG,26,New England Patriots,NE,27,NE,-7,52.5,53,0,27,26,1,NYG,0,Home,26,27,-1,-7,1
2015-11-29,2015,12,Washington Redskins,WAS,20,New York Giants,NYG,14,NYG,-1.5,48,34,0,14,20,-6,NYG,1,Away,14,20,-6,1.5,0
2015-12-06,2015,13,New York Giants,NYG,20,New York Jets,NYJ,23,NYJ,-2.5,46,43,0,23,20,3,NYG,0,Home,20,23,-3,-2.5,0
2015-12-14,2015,14,Miami Dolphins,MIA,24,New York Giants,NYG,31,NYG,-2,48,55,0,31,24,7,NYG,1,Away,31,24,7,2,1
2015-12-20,2015,15,New York Giants,NYG,35,Carolina Panthers,CAR,38,CAR,-5,46.5,73,0,38,35,3,NYG,0,Home,35,38,-3,-5,1
2015-12-27,2015,16,Minnesota Vikings,MIN,49,New York Giants,NYG,17,MIN,-7,44.5,66,0,49,17,32,NYG,0,Away,17,49,-32,-7,0
2016-01-03,2015,17,New York Giants,NYG,30,Philadelphia Eagles,PHI,35,NYG,-3.5,51,65,0,30,35,-5,NYG,1,Home,30,35,-5,3.5,0
2016-09-11,2016,1,Dallas Cowboys,DAL,19,New York Giants,NYG,20,NYG,-1,47.5,39,0,20,19,1,NYG,1,Away,20,19,1,1,0
2016-09-18,2016,2,New York Giants,NYG,16,New Orleans Saints,NO,13,NYG,-4,54.5,29,0,16,13,3,NYG,1,Home,16,13,3,4,0
2016-09-25,2016,3,New York Giants,NYG,27,Washington Redskins,WAS,29,NYG,-3.5,47,56,0,27,29,-2,NYG,1,Home,27,29,-2,3.5,0
2016-10-03,2016,4,Minnesota Vikings,MIN,24,New York Giants,NYG,10,MIN,-3.5,42.5,34,0,24,10,14,NYG,0,Away,10,24,-14,-3.5,0
2016-10-09,2016,5,Green Bay Packers,GB,23,New York Giants,NYG,16,GB,-7,49,39,0,23,16,7,NYG,0,Away,16,23,-7,-7,0
2016-10-16,2016,6,New York Giants,NYG,27,Baltimore Ravens,BAL,23,NYG,-3.5,42.5,50,0,27,23,4,NYG,1,Home,27,23,4,3.5,1
2016-11-06,2016,9,New York Giants,NYG,28,Philadelphia Eagles,PHI,23,NYG,-3,42.5,51,0,28,23,5,NYG,1,Home,28,23,5,3,1
2016-11-14,2016,10,New York Giants,NYG,21,Cincinnati Bengals,CIN,20,PICK,0,49.5,41,0,20,21,-1,NYG,0,Home,21,20,1,0,1
2016-11-20,2016,11,New York Giants,NYG,22,Chicago Bears,CHI,16,NYG,-7,41.5,38,0,22,16,6,NYG,1,Home,22,16,6,7,0
2016-11-27,2016,12,Cleveland Browns,CLE,13,New York Giants,NYG,27,NYG,-6.5,46.5,40,0,27,13,14,NYG,1,Away,27,13,14,6.5,1
2016-12-04,2016,13,Pittsburgh Steelers,PIT,24,New York Giants,NYG,14,PIT,-6.5,49.5,38,0,24,14,10,NYG,0,Away,14,24,-10,-6.5,0
2016-12-11,2016,14,New York Giants,NYG,10,Dallas Cowboys,DAL,7,DAL,-3.5,47,17,0,7,10,-3,NYG,0,Home,10,7,3,-3.5,1
2016-12-18,2016,15,New York Giants,NYG,17,Detroit Lions,DET,6,NYG,-4,42.5,23,0,17,6,11,NYG,1,Home,17,6,11,4,1
2016-12-22,2016,16,Philadelphia Eagles,PHI,24,New York Giants,NYG,19,PHI,-1.5,42.5,43,0,24,19,5,NYG,0,Away,19,24,-5,-1.5,0
2017-01-01,2016,17,Washington Redskins,WAS,10,New York Giants,NYG,19,WAS,-9,47.5,29,0,10,19,-9,NYG,0,Away,19,10,9,-9,1
2017-09-10,2017,1,Dallas Cowboys,DAL,19,New York Giants,NYG,3,DAL,-3.5,47.5,22,0,19,3,16,NYG,0,Away,3,19,-16,-3.5,0
2017-09-18,2017,2,New York Giants,NYG,10,Detroit Lions,DET,24,NYG,-3.5,43.5,34,0,10,24,-14,NYG,1,Home,10,24,-14,3.5,0
2017-09-24,2017,3,Philadelphia Eagles,PHI,27,New York Giants,NYG,24,PHI,-6,43,51,0,27,24,3,NYG,0,Away,24,27,-3,-6,1
2017-10-01,2017,4,Tampa Bay Buccaneers,TB,25,New York Giants,NYG,23,TB,-3,44.5,48,0,25,23,2,NYG,0,Away,23,25,-2,-3,1
2017-10-08,2017,5,New York Giants,NYG,22,Los Angeles Chargers,LAC,27,NYG,-3.5,44.5,49,0,22,27,-5,NYG,1,Home,22,27,-5,3.5,0
2017-10-15,2017,6,Denver Broncos,DEN,10,New York Giants,NYG,23,DEN,-12,39,33,0,10,23,-13,NYG,0,Away,23,10,13,-12,1
2017-10-22,2017,7,New York Giants,NYG,7,Seattle Seahawks,SEA,24,SEA,-3.5,39,31,0,24,7,17,NYG,0,Home,7,24,-17,-3.5,0
2017-11-05,2017,9,New York Giants,NYG,17,Los Angeles Rams,LAR,51,LAR,-5.5,42.5,68,0,51,17,34,NYG,0,Home,17,51,-34,-5.5,0
2017-11-12,2017,10,San Francisco 49ers,SF,31,New York Giants,NYG,21,NYG,-3,41.5,52,0,21,31,-10,NYG,1,Away,21,31,-10,3,0
2017-11-19,2017,11,New York Giants,NYG,12,Kansas City Chiefs,KC,9,KC,-10,45.5,21,0,9,12,-3,NYG,0,Home,12,9,3,-10,1
2017-11-23,2017,12,Washington Redskins,WAS,20,New York Giants,NYG,10,WAS,-7.5,45,30,0,20,10,10,NYG,0,Away,10,20,-10,-7.5,0
2017-12-03,2017,13,Oakland Raiders,OAK,24,New York Giants,NYG,17,OAK,-9,41.5,41,0,24,17,7,NYG,0,Away,17,24,-7,-9,1
2017-12-10,2017,14,New York Giants,NYG,10,Dallas Cowboys,DAL,30,DAL,-4,42,40,0,30,10,20,NYG,0,Home,10,30,-20,-4,0
2017-12-17,2017,15,New York Giants,NYG,29,Philadelphia Eagles,PHI,34,PHI,-7.5,40,63,0,34,29,5,NYG,0,Home,29,34,-5,-7.5,1
2017-12-24,2017,16,Arizona Cardinals,ARI,23,New York Giants,NYG,0,ARI,-3,39,23,0,23,0,23,NYG,0,Away,0,23,-23,-3,0
2017-12-31,2017,17,New York Giants,NYG,18,Washington Redskins,WAS,10,WAS,-4.5,41,28,0,10,18,-8,NYG,0,Home,18,10,8,-4.5,1
2018-09-09,2018,1,New York Giants,NYG,15,Jacksonville Jaguars,JAX,20,JAX,-2.5,43,35,0,20,15,5,NYG,0,Home,15,20,-5,-2.5,0
2018-09-16,2018,2,Dallas Cowboys,DAL,20,New York Giants,NYG,13,DAL,-3,42,33,0,20,13,7,NYG,0,Away,13,20,-7,-3,0
2018-09-23,2018,3,Houston Texans,HOU,22,New York Giants,NYG,27,HOU,-6.5,44,49,0,22,27,-5,NYG,0,Away,27,22,5,-6.5,1
2018-09-30,2018,4,New York Giants,NYG,18,New Orleans Saints,NO,33,NO,-3.5,51.5,51,0,33,18,15,NYG,0,Home,18,33,-15,-3.5,0
2018-10-07,2018,5,Carolina Panthers,CAR,33,New York Giants,NYG,31,CAR,-7,43.5,64,0,33,31,2,NYG,0,Away,31,33,-2,-7,1
2018-10-11,2018,6,New York Giants,NYG,13,Philadelphia Eagles,PHI,34,PHI,-1.5,45,47,0,34,13,21,NYG,0,Home,13,34,-21,-1.5,0
2018-10-22,2018,7,Atlanta Falcons,ATL,23,New York Giants,NYG,20,ATL,-4,53,43,0,23,20,3,NYG,0,Away,20,23,-3,-4,1
2018-10-28,2018,8,New York Giants,NYG,13,Washington Redskins,WAS,20,WAS,-1,44,33,0,20,13,7,NYG,0,Home,13,20,-7,-1,0
2018-11-12,2018,10,San Francisco 49ers,SF,23,New York Giants,NYG,27,SF,-3,45,50,0,23,27,-4,NYG,0,Away,27,23,4,-3,1
2018-11-18,2018,11,New York Giants,NYG,38,Tampa Bay Buccaneers,TB,35,NYG,-3,53.5,73,0,38,35,3,NYG,1,Home,38,35,3,3,0
2018-11-25,2018,12,Philadelphia Eagles,PHI,25,New York Giants,NYG,22,PHI,-4.5,49,47,0,25,22,3,NYG,0,Away,22,25,-3,-4.5,1
2018-12-02,2018,13,New York Giants,NYG,30,Chicago Bears,CHI,27,CHI,-4,44,57,0,27,30,-3,NYG,0,Home,30,27,3,-4,1
2018-12-09,2018,14,Washington Redskins,WAS,16,New York Giants,NYG,40,NYG,-3,40.5,56,0,40,16,24,NYG,1,Away,40,16,24,3,1
2018-12-16,2018,15,New York Giants,NYG,0,Tennessee Titans,TEN,17,TEN,-2.5,42,17,0,17,0,17,NYG,0,Home,0,17,-17,-2.5,0
2018-12-23,2018,16,Indianapolis Colts,IND,28,New York Giants,NYG,27,IND,-10,48.5,55,0,28,27,1,NYG,0,Away,27,28,-1,-10,1
2018-12-30,2018,17,New York Giants,NYG,35,Dallas Cowboys,DAL,36,NYG,-7.5,38.5,71,0,35,36,-1,NYG,1,Home,35,36,-1,7.5,0
2019-09-08,2019,1,Dallas Cowboys,DAL,35,New York Giants,NYG,17,DAL,-7,44,52,0,35,17,18,NYG,0,Away,17,35,-18,-7,0
2019-09-15,2019,2,New York Giants,NYG,14,Buffalo Bills,BUF,28,BUF,-1,44.5,42,0,28,14,14,NYG,0,Home,14,28,-14,-1,0
2019-09-22,2019,3,Tampa Bay Buccaneers,TB,31,New York Giants,NYG,32,TB,-5,48,63,0,31,32,-1,NYG,0,Away,32,31,1,-5,1
2019-09-29,2019,4,New York Giants,NYG,24,Washington Redskins,WAS,3,NYG,-3,48,27,0,24,3,21,NYG,1,Home,24,3,21,3,1
2019-10-06,2019,5,New York Giants,NYG,10,Minnesota Vikings,MIN,28,MIN,-5.5,43.5,38,0,28,10,18,NYG,0,Home,10,28,-18,-5.5,0
2019-10-10,2019,6,New England Patriots,NE,35,New York Giants,NYG,14,NE,-16.5,43,49,0,35,14,21,NYG,0,Away,14,35,-21,-16.5,0
2019-10-20,2019,7,New York Giants,NYG,21,Arizona Cardinals,ARI,27,NYG,-3.5,50,48,0,21,27,-6,NYG,1,Home,21,27,-6,3.5,0
2019-10-27,2019,8,Detroit Lions,DET,31,New York Giants,NYG,26,DET,-6.5,49,57,0,31,26,5,NYG,0,Away,26,31,-5,-6.5,1
2019-11-04,2019,9,New York Giants,NYG,18,Dallas Cowboys,DAL,37,DAL,-6.5,48.5,55,0,37,18,19,NYG,0,Home,18,37,-19,-6.5,0
2019-11-10,2019,10,New York Jets,NYJ,34,New York Giants,NYG,27,NYG,-3,43,61,0,27,34,-7,NYG,1,Away,27,34,-7,3,0
2019-11-24,2019,12,Chicago Bears,CHI,19,New York Giants,NYG,14,CHI,-6,41,33,0,19,14,5,NYG,0,Away,14,19,-5,-6,1
2019-12-01,2019,13,New York Giants,NYG,13,Green Bay Packers,GB,31,GB,-6.5,43.5,44,0,31,13,18,NYG,0,Home,13,31,-18,-6.5,0
2019-12-09,2019,14,Philadelphia Eagles,PHI,23,New York Giants,NYG,17,PHI,-9.5,45,40,0,23,17,6,NYG,0,Away,17,23,-6,-9.5,1
2019-12-15,2019,15,New York Giants,NYG,36,Miami Dolphins,MIA,20,NYG,-3.5,46.5,56,0,36,20,16,NYG,1,Home,36,20,16,3.5,1
2019-12-22,2019,16,Washington Redskins,WAS,35,New York Giants,NYG,41,NYG,-1,42,76,0,41,35,6,NYG,1,Away,41,35,6,1,1
2019-12-29,2019,17,New York Giants,NYG,17,Philadelphia Eagles,PHI,34,PHI,-3.5,44.5,51,0,34,17,17,NYG,0,Home,17,34,-17,-3.5,0
2000-09-03,2000,1,Oakland Raiders,OAK,9,San Diego Chargers,LAC,6,OAK,-6.5,39.5,15,0,9,6,3,OAK,1,Home,9,6,3,6.5,0
2000-09-10,2000,2,Indianapolis Colts,IND,31,Oakland Raiders,OAK,38,IND,-6.5,44,69,0,31,38,-7,OAK,0,Away,38,31,7,-6.5,1
2000-09-17,2000,3,Oakland Raiders,OAK,24,Denver Broncos,DEN,33,OAK,-3,44,57,0,24,33,-9,OAK,1,Home,24,33,-9,3,0
2000-09-24,2000,4,Oakland Raiders,OAK,36,Cleveland Browns,CLE,10,OAK,-10.5,40.5,46,0,36,10,26,OAK,1,Home,36,10,26,10.5,1
2000-10-08,2000,6,San Francisco 49ers,SF,28,Oakland Raiders,OAK,34,OAK,-4.5,48.5,62,0,34,28,6,OAK,1,Away,34,28,6,4.5,1
2000-10-15,2000,7,Kansas City Chiefs,KC,17,Oakland Raiders,OAK,20,KC,-3,43.5,37,0,17,20,-3,OAK,0,Away,20,17,3,-3,1
2000-10-22,2000,8,Oakland Raiders,OAK,31,Seattle Seahawks,SEA,3,OAK,-7.5,44,34,0,31,3,28,OAK,1,Home,31,3,28,7.5,1
2000-10-29,2000,9,San Diego Chargers,LAC,13,Oakland Raiders,OAK,15,OAK,-6.5,42.5,28,0,15,13,2,OAK,1,Away,15,13,2,6.5,0
2000-11-05,2000,10,Oakland Raiders,OAK,49,Kansas City Chiefs,KC,31,OAK,-3.5,44,80,0,49,31,18,OAK,1,Home,49,31,18,3.5,1
2000-11-13,2000,11,Denver Broncos,DEN,27,Oakland Raiders,OAK,24,DEN,-3,50,51,0,27,24,3,OAK,0,Away,24,27,-3,-3,0
2000-11-19,2000,12,New Orleans Saints,NO,22,Oakland Raiders,OAK,31,OAK,-3,43,53,0,31,22,9,OAK,1,Away,31,22,9,3,1
2000-11-26,2000,13,Oakland Raiders,OAK,41,Atlanta Falcons,ATL,14,OAK,-11,44,55,0,41,14,27,OAK,1,Home,41,14,27,11,1
2000-12-03,2000,14,Pittsburgh Steelers,PIT,21,Oakland Raiders,OAK,20,OAK,-3,42,41,0,20,21,-1,OAK,1,Away,20,21,-1,3,0
2000-12-10,2000,15,Oakland Raiders,OAK,31,New York Jets,NYJ,7,OAK,-3.5,47,38,0,31,7,24,OAK,1,Home,31,7,24,3.5,1
2000-12-16,2000,16,Seattle Seahawks,SEA,27,Oakland Raiders,OAK,24,OAK,-6,47.5,51,0,24,27,-3,OAK,1,Away,24,27,-3,6,0
2000-12-24,2000,17,Oakland Raiders,OAK,52,Carolina Panthers,CAR,9,OAK,-9,45.5,61,0,52,9,43,OAK,1,Home,52,9,43,9,1
2001-09-09,2001,1,Kansas City Chiefs,KC,24,Oakland Raiders,OAK,27,OAK,-3,43,51,0,27,24,3,OAK,1,Away,27,24,3,3,0
2001-09-23,2001,2,Miami Dolphins,MIA,18,Oakland Raiders,OAK,15,MIA,-1.5,40,33,0,18,15,3,OAK,0,Away,15,18,-3,-1.5,0
2001-09-30,2001,3,Oakland Raiders,OAK,38,Seattle Seahawks,SEA,14,OAK,-10.5,39,52,0,38,14,24,OAK,1,Home,38,14,24,10.5,1
2001-10-07,2001,4,Oakland Raiders,OAK,28,Dallas Cowboys,DAL,21,OAK,-18,41.5,49,0,28,21,7,OAK,1,Home,28,21,7,18,0
2001-10-14,2001,5,Indianapolis Colts,IND,18,Oakland Raiders,OAK,23,IND,-3.5,52,41,0,18,23,-5,OAK,0,Away,23,18,5,-3.5,1
2001-10-28,2001,7,Philadelphia Eagles,PHI,10,Oakland Raiders,OAK,20,PHI,-1,39,30,0,10,20,-10,OAK,0,Away,20,10,10,-1,1
2001-11-05,2001,8,Oakland Raiders,OAK,38,Denver Broncos,DEN,28,OAK,-5.5,45.5,66,0,38,28,10,OAK,1,Home,38,28,10,5.5,1
2001-11-11,2001,9,Seattle Seahawks,SEA,34,Oakland Raiders,OAK,27,OAK,-6,43.5,61,0,27,34,-7,OAK,1,Away,27,34,-7,6,0
2001-11-18,2001,10,Oakland Raiders,OAK,34,San Diego Chargers,LAC,24,OAK,-9,45,58,0,34,24,10,OAK,1,Home,34,24,10,9,1
2001-11-25,2001,11,New York Giants,NYG,10,Oakland Raiders,OAK,28,OAK,-2.5,39,38,0,28,10,18,OAK,1,Away,28,10,18,2.5,1
2001-12-02,2001,12,Oakland Raiders,OAK,31,Arizona Cardinals,ARI,34,OAK,-13,44,65,0,31,34,-3,OAK,1,Home,31,34,-3,13,0
2001-12-09,2001,13,Oakland Raiders,OAK,28,Kansas City Chiefs,KC,26,OAK,-9,44.5,54,0,28,26,2,OAK,1,Home,28,26,2,9,0
2001-12-15,2001,14,San Diego Chargers,LAC,6,Oakland Raiders,OAK,13,OAK,-4,46.5,19,0,13,6,7,OAK,1,Away,13,6,7,4,1
2001-12-22,2001,15,Oakland Raiders,OAK,10,Tennessee Titans,TEN,13,OAK,-6,45.5,23,0,10,13,-3,OAK,1,Home,10,13,-3,6,0
2001-12-30,2001,16,Denver Broncos,DEN,23,Oakland Raiders,OAK,17,DEN,-1,41,40,0,23,17,6,OAK,0,Away,17,23,-6,-1,0
2002-01-06,2001,17,Oakland Raiders,OAK,22,New York Jets,NYJ,24,OAK,-4.5,41.5,46,0,22,24,-2,OAK,1,Home,22,24,-2,4.5,0
2002-09-08,2002,1,Oakland Raiders,OAK,31,Seattle Seahawks,SEA,17,OAK,-7.5,40,48,0,31,17,14,OAK,1,Home,31,17,14,7.5,1
2002-09-15,2002,2,Pittsburgh Steelers,PIT,17,Oakland Raiders,OAK,30,PIT,-4,39.5,47,0,17,30,-13,OAK,0,Away,30,17,13,-4,1
2002-09-29,2002,4,Oakland Raiders,OAK,52,Tennessee Titans,TEN,25,OAK,-6.5,45,77,0,52,25,27,OAK,1,Home,52,25,27,6.5,1
2002-10-06,2002,5,Buffalo Bills,BUF,31,Oakland Raiders,OAK,49,OAK,-3,53.5,80,0,49,31,18,OAK,1,Away,49,31,18,3,1
2002-10-13,2002,6,St. Louis Rams,LAR,28,Oakland Raiders,OAK,13,OAK,-7,49,41,0,13,28,-15,OAK,1,Away,13,28,-15,7,0
2002-10-20,2002,7,Oakland Raiders,OAK,21,San Diego Chargers,LAC,27,OAK,-7,47,48,0,21,27,-6,OAK,1,Home,21,27,-6,7,0
2002-10-27,2002,8,Kansas City Chiefs,KC,20,Oakland Raiders,OAK,10,OAK,-2.5,55.5,30,0,10,20,-10,OAK,1,Away,10,20,-10,2.5,0
2002-11-03,2002,9,Oakland Raiders,OAK,20,San Francisco 49ers,SF,23,OAK,-3,49.5,43,0,20,23,-3,OAK,1,Home,20,23,-3,3,0
2002-11-11,2002,10,Denver Broncos,DEN,10,Oakland Raiders,OAK,34,DEN,-6,45.5,44,0,10,34,-24,OAK,0,Away,34,10,24,-6,1
2002-11-17,2002,11,Oakland Raiders,OAK,27,New England Patriots,NE,20,OAK,-4.5,48,47,0,27,20,7,OAK,1,Home,27,20,7,4.5,1
2002-11-24,2002,12,Arizona Cardinals,ARI,20,Oakland Raiders,OAK,41,OAK,-9.5,44,61,0,41,20,21,OAK,1,Away,41,20,21,9.5,1
2002-12-02,2002,13,Oakland Raiders,OAK,26,New York Jets,NYJ,20,OAK,-6,47.5,46,0,26,20,6,OAK,1,Home,26,20,6,6,0
2002-12-08,2002,14,San Diego Chargers,LAC,7,Oakland Raiders,OAK,27,OAK,-3.5,45.5,34,0,27,7,20,OAK,1,Away,27,7,20,3.5,1
2002-12-15,2002,15,Miami Dolphins,MIA,23,Oakland Raiders,OAK,17,MIA,-1.5,43.5,40,0,23,17,6,OAK,0,Away,17,23,-6,-1.5,0
2002-12-22,2002,16,Oakland Raiders,OAK,28,Denver Broncos,DEN,16,OAK,-3.5,46.5,44,0,28,16,12,OAK,1,Home,28,16,12,3.5,1
2002-12-28,2002,17,Oakland Raiders,OAK,24,Kansas City Chiefs,KC,0,OAK,-8.5,44.5,24,0,24,0,24,OAK,1,Home,24,0,24,8.5,1
2003-09-07,2003,1,Tennessee Titans,TEN,25,Oakland Raiders,OAK,20,TEN,-3.5,46,45,0,25,20,5,OAK,0,Away,20,25,-5,-3.5,0
2003-09-14,2003,2,Oakland Raiders,OAK,23,Cincinnati Bengals,CIN,20,OAK,-12,45,43,0,23,20,3,OAK,1,Home,23,20,3,12,0
2003-09-22,2003,3,Denver Broncos,DEN,31,Oakland Raiders,OAK,10,DEN,-5.5,45,41,0,31,10,21,OAK,0,Away,10,31,-21,-5.5,0
2003-09-28,2003,4,Oakland Raiders,OAK,34,San Diego Chargers,LAC,31,OAK,-7,41.5,65,0,34,31,3,OAK,1,Home,34,31,3,7,0
2003-10-05,2003,5,Chicago Bears,CHI,24,Oakland Raiders,OAK,21,OAK,-3.5,43.5,45,0,21,24,-3,OAK,1,Away,21,24,-3,3.5,0
2003-10-12,2003,6,Cleveland Browns,CLE,13,Oakland Raiders,OAK,7,CLE,-3.5,43.5,20,0,13,7,6,OAK,0,Away,7,13,-6,-3.5,0
2003-10-20,2003,7,Oakland Raiders,OAK,10,Kansas City Chiefs,KC,17,KC,-4.5,47.5,27,0,17,10,7,OAK,0,Home,10,17,-7,-4.5,0
2003-11-02,2003,9,Detroit Lions,DET,23,Oakland Raiders,OAK,13,OAK,-3.5,39.5,36,0,13,23,-10,OAK,1,Away,13,23,-10,3.5,0
2003-11-09,2003,10,Oakland Raiders,OAK,24,New York Jets,NYJ,27,NYJ,-3,38,51,0,27,24,3,OAK,0,Home,24,27,-3,-3,0
2003-11-16,2003,11,Oakland Raiders,OAK,28,Minnesota Vikings,MIN,18,MIN,-4.5,46,46,0,18,28,-10,OAK,0,Home,28,18,10,-4.5,1
2003-11-23,2003,12,Kansas City Chiefs,KC,27,Oakland Raiders,OAK,24,KC,-11,44.5,51,0,27,24,3,OAK,0,Away,24,27,-3,-11,1
2003-11-30,2003,13,Oakland Raiders,OAK,8,Denver Broncos,DEN,22,DEN,-3,42,30,0,22,8,14,OAK,0,Home,8,22,-14,-3,0
2003-12-07,2003,14,Pittsburgh Steelers,PIT,27,Oakland Raiders,OAK,7,PIT,-5.5,40.5,34,0,27,7,20,OAK,0,Away,7,27,-20,-5.5,0
2003-12-14,2003,15,Oakland Raiders,OAK,20,Baltimore Ravens,BAL,12,BAL,-7,38,32,0,12,20,-8,OAK,0,Home,20,12,8,-7,1
2003-12-22,2003,16,Oakland Raiders,OAK,7,Green Bay Packers,GB,41,GB,-5.5,44,48,0,41,7,34,OAK,0,Home,7,41,-34,-5.5,0
2003-12-28,2003,17,San Diego Chargers,LAC,21,Oakland Raiders,OAK,14,LAC,-6,46,35,0,21,14,7,OAK,0,Away,14,21,-7,-6,0
2004-09-12,2004,1,Pittsburgh Steelers,PIT,24,Oakland Raiders,OAK,21,PIT,-3.5,41.5,45,0,24,21,3,OAK,0,Away,21,24,-3,-3.5,1
2004-09-19,2004,2,Oakland Raiders,OAK,13,Buffalo Bills,BUF,10,OAK,-3.5,37.5,23,0,13,10,3,OAK,1,Home,13,10,3,3.5,0
2004-09-26,2004,3,Oakland Raiders,OAK,30,Tampa Bay Buccaneers,TB,20,OAK,-3,35.5,50,0,30,20,10,OAK,1,Home,30,20,10,3,1
2004-10-03,2004,4,Houston Texans,HOU,30,Oakland Raiders,OAK,17,OAK,-2,42,47,0,17,30,-13,OAK,1,Away,17,30,-13,2,0
2004-10-10,2004,5,Indianapolis Colts,IND,35,Oakland Raiders,OAK,14,IND,-8.5,52,49,0,35,14,21,OAK,0,Away,14,35,-21,-8.5,0
2004-10-17,2004,6,Oakland Raiders,OAK,3,Denver Broncos,DEN,31,DEN,-2.5,42,34,0,31,3,28,OAK,0,Home,3,31,-28,-2.5,0
2004-10-24,2004,7,Oakland Raiders,OAK,26,New Orleans Saints,NO,31,OAK,-3,45.5,57,0,26,31,-5,OAK,1,Home,26,31,-5,3,0
2004-10-31,2004,8,San Diego Chargers,LAC,42,Oakland Raiders,OAK,14,LAC,-6,46,56,0,42,14,28,OAK,0,Away,14,42,-28,-6,0
2004-11-07,2004,9,Carolina Panthers,CAR,24,Oakland Raiders,OAK,27,CAR,-6,41,51,0,24,27,-3,OAK,0,Away,27,24,3,-6,1
2004-11-21,2004,11,Oakland Raiders,OAK,17,San Diego Chargers,LAC,23,LAC,-4.5,47.5,40,0,23,17,6,OAK,0,Home,17,23,-6,-4.5,0
2004-11-28,2004,12,Denver Broncos,DEN,24,Oakland Raiders,OAK,25,DEN,-11.5,42.5,49,0,24,25,-1,OAK,0,Away,25,24,1,-11.5,1
2004-12-05,2004,13,Oakland Raiders,OAK,27,Kansas City Chiefs,KC,34,KC,-1,52,61,0,34,27,7,OAK,0,Home,27,34,-7,-1,0
2004-12-12,2004,14,Atlanta Falcons,ATL,35,Oakland Raiders,OAK,10,ATL,-7.5,46,45,0,35,10,25,OAK,0,Away,10,35,-25,-7.5,0
2004-12-19,2004,15,Oakland Raiders,OAK,40,Tennessee Titans,TEN,35,OAK,-3.5,49.5,75,0,40,35,5,OAK,1,Home,40,35,5,3.5,1
2004-12-25,2004,16,Kansas City Chiefs,KC,31,Oakland Raiders,OAK,30,KC,-9.5,60,61,0,31,30,1,OAK,0,Away,30,31,-1,-9.5,1
2005-01-02,2004,17,Oakland Raiders,OAK,6,Jacksonville Jaguars,JAX,13,JAX,-2.5,43,19,0,13,6,7,OAK,0,Home,6,13,-7,-2.5,0
2005-09-08,2005,1,New England Patriots,NE,30,Oakland Raiders,OAK,20,NE,-7.5,50,50,0,30,20,10,OAK,0,Away,20,30,-10,-7.5,0
2005-09-18,2005,2,Oakland Raiders,OAK,17,Kansas City Chiefs,KC,23,KC,-1.5,53,40,0,23,17,6,OAK,0,Home,17,23,-6,-1.5,0
2005-09-25,2005,3,Philadelphia Eagles,PHI,23,Oakland Raiders,OAK,20,PHI,-8.5,47,43,0,23,20,3,OAK,0,Away,20,23,-3,-8.5,1
2005-10-02,2005,4,Oakland Raiders,OAK,19,Dallas Cowboys,DAL,13,OAK,-3,46,32,0,19,13,6,OAK,1,Home,19,13,6,3,1
2005-10-16,2005,6,Oakland Raiders,OAK,14,San Diego Chargers,LAC,27,PICK,0,50.5,41,0,27,14,13,OAK,0,Home,14,27,-13,0,0
2005-10-23,2005,7,Oakland Raiders,OAK,38,Buffalo Bills,BUF,17,OAK,-3,42,55,0,38,17,21,OAK,1,Home,38,17,21,3,1
2005-10-30,2005,8,Tennessee Titans,TEN,25,Oakland Raiders,OAK,34,OAK,-2,46,59,0,34,25,9,OAK,1,Away,34,25,9,2,1
2005-11-06,2005,9,Kansas City Chiefs,KC,27,Oakland Raiders,OAK,23,KC,-4.5,51.5,50,0,27,23,4,OAK,0,Away,23,27,-4,-4.5,1
2005-11-13,2005,10,Oakland Raiders,OAK,17,Denver Broncos,DEN,31,DEN,-2.5,47,48,0,31,17,14,OAK,0,Home,17,31,-14,-2.5,0
2005-11-20,2005,11,Washington Redskins,WAS,13,Oakland Raiders,OAK,16,WAS,-6,42,29,0,13,16,-3,OAK,0,Away,16,13,3,-6,1
2005-11-27,2005,12,Oakland Raiders,OAK,21,Miami Dolphins,MIA,33,OAK,-7,42.5,54,0,21,33,-12,OAK,1,Home,21,33,-12,7,0
2005-12-04,2005,13,San Diego Chargers,LAC,34,Oakland Raiders,OAK,10,LAC,-10,50.5,44,0,34,10,24,OAK,0,Away,10,34,-24,-10,0
2005-12-11,2005,14,New York Jets,NYJ,26,Oakland Raiders,OAK,10,OAK,-3,37.5,36,0,10,26,-16,OAK,1,Away,10,26,-16,3,0
2005-12-18,2005,15,Oakland Raiders,OAK,7,Cleveland Browns,CLE,9,OAK,-3,40.5,16,0,7,9,-2,OAK,1,Home,7,9,-2,3,0
2005-12-24,2005,16,Denver Broncos,DEN,22,Oakland Raiders,OAK,3,DEN,-12.5,42.5,25,0,22,3,19,OAK,0,Away,3,22,-19,-12.5,0
2005-12-31,2005,17,Oakland Raiders,OAK,21,New York Giants,NYG,30,NYG,-7.5,44,51,0,30,21,9,OAK,0,Home,21,30,-9,-7.5,0
2006-09-11,2006,1,Oakland Raiders,OAK,0,San Diego Chargers,LAC,27,LAC,-3,41.5,27,0,27,0,27,OAK,0,Home,0,27,-27,-3,0
2006-09-17,2006,2,Baltimore Ravens,BAL,28,Oakland Raiders,OAK,6,BAL,-13,34,34,0,28,6,22,OAK,0,Away,6,28,-22,-13,0
2006-10-01,2006,4,Oakland Raiders,OAK,21,Cleveland Browns,CLE,24,CLE,-2.5,33.5,45,0,24,21,3,OAK,0,Home,21,24,-3,-2.5,0
2006-10-08,2006,5,San Francisco 49ers,SF,34,Oakland Raiders,OAK,20,SF,-3.5,39.5,54,0,34,20,14,OAK,0,Away,20,34,-14,-3.5,0
2006-10-15,2006,6,Denver Broncos,DEN,13,Oakland Raiders,OAK,3,DEN,-16,37,16,0,13,3,10,OAK,0,Away,3,13,-10,-16,1
2006-10-22,2006,7,Oakland Raiders,OAK,22,Arizona Cardinals,ARI,9,ARI,-3,40,31,0,9,22,-13,OAK,0,Home,22,9,13,-3,1
2006-10-29,2006,8,Oakland Raiders,OAK,20,Pittsburgh Steelers,PIT,13,PIT,-9,38.5,33,0,13,20,-7,OAK,0,Home,20,13,7,-9,1
2006-11-06,2006,9,Seattle Seahawks,SEA,16,Oakland Raiders,OAK,0,SEA,-7.5,36,16,0,16,0,16,OAK,0,Away,0,16,-16,-7.5,0
2006-11-12,2006,10,Oakland Raiders,OAK,13,Denver Broncos,DEN,17,DEN,-8,33.5,30,0,17,13,4,OAK,0,Home,13,17,-4,-8,1
2006-11-19,2006,11,Kansas City Chiefs,KC,17,Oakland Raiders,OAK,13,KC,-9,36.5,30,0,17,13,4,OAK,0,Away,13,17,-4,-9,1
2006-11-26,2006,12,San Diego Chargers,LAC,21,Oakland Raiders,OAK,14,LAC,-13,43,35,0,21,14,7,OAK,0,Away,14,21,-7,-13,1
2006-12-03,2006,13,Oakland Raiders,OAK,14,Houston Texans,HOU,23,OAK,-3.5,35.5,37,0,14,23,-9,OAK,1,Home,14,23,-9,3.5,0
2006-12-10,2006,14,Cincinnati Bengals,CIN,27,Oakland Raiders,OAK,10,CIN,-10.5,39.5,37,0,27,10,17,OAK,0,Away,10,27,-17,-10.5,0
2006-12-17,2006,15,Oakland Raiders,OAK,0,St. Louis Rams,LAR,20,OAK,-2,39.5,20,0,0,20,-20,OAK,1,Home,0,20,-20,2,0
2006-12-23,2006,16,Oakland Raiders,OAK,9,Kansas City Chiefs,KC,20,KC,-7,35.5,29,0,20,9,11,OAK,0,Home,9,20,-11,-7,0
2006-12-31,2006,17,New York Jets,NYJ,23,Oakland Raiders,OAK,3,NYJ,-10.5,34.5,26,0,23,3,20,OAK,0,Away,3,23,-20,-10.5,0
2007-09-09,2007,1,Oakland Raiders,OAK,21,Detroit Lions,DET,36,OAK,-2.5,39.5,57,0,21,36,-15,OAK,1,Home,21,36,-15,2.5,0
2007-09-16,2007,2,Denver Broncos,DEN,23,Oakland Raiders,OAK,20,DEN,-10,37,43,0,23,20,3,OAK,0,Away,20,23,-3,-10,1
2007-09-23,2007,3,Oakland Raiders,OAK,26,Cleveland Browns,CLE,24,OAK,-3,41.5,50,0,26,24,2,OAK,1,Home,26,24,2,3,0
2007-09-30,2007,4,Miami Dolphins,MIA,17,Oakland Raiders,OAK,35,MIA,-3.5,40,52,0,17,35,-18,OAK,0,Away,35,17,18,-3.5,1
2007-10-14,2007,6,San Diego Chargers,LAC,28,Oakland Raiders,OAK,14,LAC,-9.5,44,42,0,28,14,14,OAK,0,Away,14,28,-14,-9.5,0
2007-10-21,2007,7,Oakland Raiders,OAK,10,Kansas City Chiefs,KC,12,OAK,-1.5,38,22,0,10,12,-2,OAK,1,Home,10,12,-2,1.5,0
2007-10-28,2007,8,Tennessee Titans,TEN,13,Oakland Raiders,OAK,9,TEN,-7,39,22,0,13,9,4,OAK,0,Away,9,13,-4,-7,1
2007-11-04,2007,9,Oakland Raiders,OAK,17,Houston Texans,HOU,24,OAK,-3,41,41,0,17,24,-7,OAK,1,Home,17,24,-7,3,0
2007-11-11,2007,10,Oakland Raiders,OAK,6,Chicago Bears,CHI,17,CHI,-3.5,38,23,0,17,6,11,OAK,0,Home,6,17,-11,-3.5,0
2007-11-18,2007,11,Minnesota Vikings,MIN,29,Oakland Raiders,OAK,22,MIN,-4.5,35.5,51,0,29,22,7,OAK,0,Away,22,29,-7,-4.5,0
2007-11-25,2007,12,Kansas City Chiefs,KC,17,Oakland Raiders,OAK,20,KC,-4,34.5,37,0,17,20,-3,OAK,0,Away,20,17,3,-4,1
2007-12-02,2007,13,Oakland Raiders,OAK,34,Denver Broncos,DEN,20,DEN,-3,41.5,54,0,20,34,-14,OAK,0,Home,34,20,14,-3,1
2007-12-09,2007,14,Green Bay Packers,GB,38,Oakland Raiders,OAK,7,GB,-10,40.5,45,0,38,7,31,OAK,0,Away,7,38,-31,-10,0
2007-12-16,2007,15,Oakland Raiders,OAK,14,Indianapolis Colts,IND,21,IND,-10,45,35,0,21,14,7,OAK,0,Home,14,21,-7,-10,1
2007-12-23,2007,16,Jacksonville Jaguars,JAX,49,Oakland Raiders,OAK,11,JAX,-13.5,39.5,60,0,49,11,38,OAK,0,Away,11,49,-38,-13.5,0
2007-12-30,2007,17,Oakland Raiders,OAK,17,San Diego Chargers,LAC,30,LAC,-9,42.5,47,0,30,17,13,OAK,0,Home,17,30,-13,-9,0
2008-09-08,2008,1,Oakland Raiders,OAK,14,Denver Broncos,DEN,41,DEN,-3,40.5,55,0,41,14,27,OAK,0,Home,14,41,-27,-3,0
2008-09-14,2008,2,Kansas City Chiefs,KC,8,Oakland Raiders,OAK,23,KC,-3.5,36,31,0,8,23,-15,OAK,0,Away,23,8,15,-3.5,1
2008-09-21,2008,3,Buffalo Bills,BUF,24,Oakland Raiders,OAK,23,BUF,-10,37.5,47,0,24,23,1,OAK,0,Away,23,24,-1,-10,1
2008-09-28,2008,4,Oakland Raiders,OAK,18,San Diego Chargers,LAC,28,LAC,-8,45.5,46,0,28,18,10,OAK,0,Home,18,28,-10,-8,0
2008-10-12,2008,6,New Orleans Saints,NO,34,Oakland Raiders,OAK,3,NO,-7,47.5,37,0,34,3,31,OAK,0,Away,3,34,-31,-7,0
2008-10-19,2008,7,Oakland Raiders,OAK,16,New York Jets,NYJ,13,NYJ,-3,41,29,0,13,16,-3,OAK,0,Home,16,13,3,-3,1
2008-10-26,2008,8,Baltimore Ravens,BAL,29,Oakland Raiders,OAK,10,BAL,-8,34.5,39,0,29,10,19,OAK,0,Away,10,29,-19,-8,0
2008-11-02,2008,9,Oakland Raiders,OAK,0,Atlanta Falcons,ATL,24,ATL,-3,41.5,24,0,24,0,24,OAK,0,Home,0,24,-24,-3,0
2008-11-09,2008,10,Oakland Raiders,OAK,6,Carolina Panthers,CAR,17,CAR,-9.5,37.5,23,0,17,6,11,OAK,0,Home,6,17,-11,-9.5,0
2008-11-16,2008,11,Miami Dolphins,MIA,17,Oakland Raiders,OAK,15,MIA,-10,37.5,32,0,17,15,2,OAK,0,Away,15,17,-2,-10,1
2008-11-23,2008,12,Denver Broncos,DEN,10,Oakland Raiders,OAK,31,DEN,-9,43.5,41,0,10,31,-21,OAK,0,Away,31,10,21,-9,1
2008-11-30,2008,13,Oakland Raiders,OAK,13,Kansas City Chiefs,KC,20,OAK,-3.5,41.5,33,0,13,20,-7,OAK,1,Home,13,20,-7,3.5,0
2008-12-04,2008,14,San Diego Chargers,LAC,34,Oakland Raiders,OAK,7,LAC,-9,41,41,0,34,7,27,OAK,0,Away,7,34,-27,-9,0
2008-12-14,2008,15,Oakland Raiders,OAK,26,New England Patriots,NE,49,NE,-7,39.5,75,0,49,26,23,OAK,0,Home,26,49,-23,-7,0
2008-12-21,2008,16,Oakland Raiders,OAK,27,Houston Texans,HOU,16,HOU,-7,43,43,0,16,27,-11,OAK,0,Home,27,16,11,-7,1
2008-12-28,2008,17,Tampa Bay Buccaneers,TB,24,Oakland Raiders,OAK,31,TB,-10.5,39.5,55,0,24,31,-7,OAK,0,Away,31,24,7,-10.5,1
2009-09-14,2009,1,Oakland Raiders,OAK,20,San Diego Chargers,LAC,24,LAC,-10,43,44,0,24,20,4,OAK,0,Home,20,24,-4,-10,1
2009-09-20,2009,2,Kansas City Chiefs,KC,10,Oakland Raiders,OAK,13,KC,-1.5,40,23,0,10,13,-3,OAK,0,Away,13,10,3,-1.5,1
2009-09-27,2009,3,Oakland Raiders,OAK,3,Denver Broncos,DEN,23,DEN,-2.5,38,26,0,23,3,20,OAK,0,Home,3,23,-20,-2.5,0
2009-10-04,2009,4,Houston Texans,HOU,29,Oakland Raiders,OAK,6,HOU,-8,43,35,0,29,6,23,OAK,0,Away,6,29,-23,-8,0
2009-10-11,2009,5,New York Giants,NYG,44,Oakland Raiders,OAK,7,NYG,-15,38.5,51,0,44,7,37,OAK,0,Away,7,44,-37,-15,0
2009-10-18,2009,6,Oakland Raiders,OAK,13,Philadelphia Eagles,PHI,9,PHI,-14,40.5,22,0,9,13,-4,OAK,0,Home,13,9,4,-14,1
2009-10-25,2009,7,Oakland Raiders,OAK,0,New York Jets,NYJ,38,NYJ,-6,34,38,0,38,0,38,OAK,0,Home,0,38,-38,-6,0
2009-11-01,2009,8,San Diego Chargers,LAC,24,Oakland Raiders,OAK,16,LAC,-16.5,41.5,40,0,24,16,8,OAK,0,Away,16,24,-8,-16.5,1
2009-11-15,2009,10,Oakland Raiders,OAK,10,Kansas City Chiefs,KC,16,OAK,-2.5,36,26,0,10,16,-6,OAK,1,Home,10,16,-6,2.5,0
2009-11-22,2009,11,Oakland Raiders,OAK,20,Cincinnati Bengals,CIN,17,CIN,-8.5,36,37,0,17,20,-3,OAK,0,Home,20,17,3,-8.5,1
2009-11-26,2009,12,Dallas Cowboys,DAL,24,Oakland Raiders,OAK,7,DAL,-13.5,40.5,31,0,24,7,17,OAK,0,Away,7,24,-17,-13.5,0
2009-12-06,2009,13,Pittsburgh Steelers,PIT,24,Oakland Raiders,OAK,27,PIT,-15,37,51,0,24,27,-3,OAK,0,Away,27,24,3,-15,1
2009-12-13,2009,14,Oakland Raiders,OAK,13,Washington Redskins,WAS,34,WAS,-2.5,37.5,47,0,34,13,21,OAK,0,Home,13,34,-21,-2.5,0
2009-12-20,2009,15,Denver Broncos,DEN,19,Oakland Raiders,OAK,20,DEN,-14,37,39,0,19,20,-1,OAK,0,Away,20,19,1,-14,1
2009-12-27,2009,16,Cleveland Browns,CLE,23,Oakland Raiders,OAK,9,CLE,-3,37,32,0,23,9,14,OAK,0,Away,9,23,-14,-3,0
2010-01-03,2009,17,Oakland Raiders,OAK,13,Baltimore Ravens,BAL,21,BAL,-10,39,34,0,21,13,8,OAK,0,Home,13,21,-8,-10,1
2010-09-12,2010,1,Tennessee Titans,TEN,38,Oakland Raiders,OAK,13,TEN,-6.5,40,51,0,38,13,25,OAK,0,Away,13,38,-25,-6.5,0
2010-09-19,2010,2,Oakland Raiders,OAK,16,St. Louis Rams,LAR,14,OAK,-3,37.5,30,0,16,14,2,OAK,1,Home,16,14,2,3,0
2010-09-26,2010,3,Arizona Cardinals,ARI,24,Oakland Raiders,OAK,23,ARI,-5.5,39,47,0,24,23,1,OAK,0,Away,23,24,-1,-5.5,1
2010-10-03,2010,4,Oakland Raiders,OAK,24,Houston Texans,HOU,31,HOU,-3.5,44,55,0,31,24,7,OAK,0,Home,24,31,-7,-3.5,0
2010-10-10,2010,5,Oakland Raiders,OAK,35,San Diego Chargers,LAC,27,LAC,-7,44,62,0,27,35,-8,OAK,0,Home,35,27,8,-7,1
2010-10-17,2010,6,San Francisco 49ers,SF,17,Oakland Raiders,OAK,9,SF,-7,41,26,0,17,9,8,OAK,0,Away,9,17,-8,-7,0
2010-10-24,2010,7,Denver Broncos,DEN,14,Oakland Raiders,OAK,59,DEN,-7,43,73,0,14,59,-45,OAK,0,Away,59,14,45,-7,1
2010-10-31,2010,8,Oakland Raiders,OAK,33,Seattle Seahawks,SEA,3,OAK,-2,40.5,36,0,33,3,30,OAK,1,Home,33,3,30,2,1
2010-11-07,2010,9,Oakland Raiders,OAK,23,Kansas City Chiefs,KC,20,PICK,0,41,43,0,20,23,-3,OAK,0,Home,23,20,3,0,1
2010-11-21,2010,11,Pittsburgh Steelers,PIT,35,Oakland Raiders,OAK,3,PIT,-7,41,38,0,35,3,32,OAK,0,Away,3,35,-32,-7,0
2010-11-28,2010,12,Oakland Raiders,OAK,17,Miami Dolphins,MIA,33,OAK,-3,38,50,0,17,33,-16,OAK,1,Home,17,33,-16,3,0
2010-12-05,2010,13,San Diego Chargers,LAC,13,Oakland Raiders,OAK,28,LAC,-13,44.5,41,0,13,28,-15,OAK,0,Away,28,13,15,-13,1
2010-12-12,2010,14,Jacksonville Jaguars,JAX,38,Oakland Raiders,OAK,31,JAX,-3.5,41.5,69,0,38,31,7,OAK,0,Away,31,38,-7,-3.5,0
2010-12-19,2010,15,Oakland Raiders,OAK,39,Denver Broncos,DEN,23,OAK,-8,42,62,0,39,23,16,OAK,1,Home,39,23,16,8,1
2010-12-26,2010,16,Oakland Raiders,OAK,26,Indianapolis Colts,IND,31,IND,-2.5,47.5,57,0,31,26,5,OAK,0,Home,26,31,-5,-2.5,0
2011-01-02,2010,17,Kansas City Chiefs,KC,10,Oakland Raiders,OAK,31,KC,-4.5,43.5,41,0,10,31,-21,OAK,0,Away,31,10,21,-4.5,1
2011-09-12,2011,1,Denver Broncos,DEN,20,Oakland Raiders,OAK,23,DEN,-3,42,43,0,20,23,-3,OAK,0,Away,23,20,3,-3,1
2011-09-18,2011,2,Buffalo Bills,BUF,38,Oakland Raiders,OAK,35,BUF,-4,41,73,0,38,35,3,OAK,0,Away,35,38,-3,-4,1
2011-09-25,2011,3,Oakland Raiders,OAK,34,New York Jets,NYJ,24,NYJ,-3,41,58,0,24,34,-10,OAK,0,Home,34,24,10,-3,1
2011-10-02,2011,4,Oakland Raiders,OAK,19,New England Patriots,NE,31,NE,-6.5,55.5,50,0,31,19,12,OAK,0,Home,19,31,-12,-6.5,0
2011-10-09,2011,5,Houston Texans,HOU,20,Oakland Raiders,OAK,25,HOU,-4.5,48.5,45,0,20,25,-5,OAK,0,Away,25,20,5,-4.5,1
2011-10-16,2011,6,Oakland Raiders,OAK,24,Cleveland Browns,CLE,17,OAK,-6.5,45,41,0,24,17,7,OAK,1,Home,24,17,7,6.5,1
2011-10-23,2011,7,Oakland Raiders,OAK,0,Kansas City Chiefs,KC,28,OAK,-3.5,41.5,28,0,0,28,-28,OAK,1,Home,0,28,-28,3.5,0
2011-11-06,2011,9,Oakland Raiders,OAK,24,Denver Broncos,DEN,38,OAK,-7.5,42.5,62,0,24,38,-14,OAK,1,Home,24,38,-14,7.5,0
2011-11-10,2011,10,San Diego Chargers,LAC,17,Oakland Raiders,OAK,24,LAC,-7,48,41,0,17,24,-7,OAK,0,Away,24,17,7,-7,1
2011-11-20,2011,11,Minnesota Vikings,MIN,21,Oakland Raiders,OAK,27,MIN,-2,46.5,48,0,21,27,-6,OAK,0,Away,27,21,6,-2,1
2011-11-27,2011,12,Oakland Raiders,OAK,25,Chicago Bears,CHI,20,OAK,-3,41,45,0,25,20,5,OAK,1,Home,25,20,5,3,1
2011-12-04,2011,13,Miami Dolphins,MIA,34,Oakland Raiders,OAK,14,MIA,-3,43,48,0,34,14,20,OAK,0,Away,14,34,-20,-3,0
2011-12-11,2011,14,Green Bay Packers,GB,46,Oakland Raiders,OAK,16,GB,-11.5,49.5,62,0,46,16,30,OAK,0,Away,16,46,-30,-11.5,0
2011-12-18,2011,15,Oakland Raiders,OAK,27,Detroit Lions,DET,28,DET,-1.5,47.5,55,0,28,27,1,OAK,0,Home,27,28,-1,-1.5,1
2011-12-24,2011,16,Kansas City Chiefs,KC,13,Oakland Raiders,OAK,16,KC,-3,43,29,0,13,16,-3,OAK,0,Away,16,13,3,-3,1
2012-01-01,2011,17,Oakland Raiders,OAK,26,San Diego Chargers,LAC,38,OAK,-3,48.5,64,0,26,38,-12,OAK,1,Home,26,38,-12,3,0
2012-09-10,2012,1,Oakland Raiders,OAK,14,San Diego Chargers,LAC,22,OAK,-1,47.5,36,0,14,22,-8,OAK,1,Home,14,22,-8,1,0
2012-09-16,2012,2,Miami Dolphins,MIA,35,Oakland Raiders,OAK,13,OAK,-2,41,48,0,13,35,-22,OAK,1,Away,13,35,-22,2,0
2012-09-23,2012,3,Oakland Raiders,OAK,34,Pittsburgh Steelers,PIT,31,PIT,-4,45,65,0,31,34,-3,OAK,0,Home,34,31,3,-4,1
2012-09-30,2012,4,Denver Broncos,DEN,37,Oakland Raiders,OAK,6,DEN,-6.5,47,43,0,37,6,31,OAK,0,Away,6,37,-31,-6.5,0
2012-10-14,2012,6,Atlanta Falcons,ATL,23,Oakland Raiders,OAK,20,ATL,-10,49,43,0,23,20,3,OAK,0,Away,20,23,-3,-10,1
2012-10-21,2012,7,Oakland Raiders,OAK,26,Jacksonville Jaguars,JAX,23,OAK,-6,44,49,0,26,23,3,OAK,1,Home,26,23,3,6,0
2012-10-28,2012,8,Kansas City Chiefs,KC,16,Oakland Raiders,OAK,26,KC,-1,42.5,42,0,16,26,-10,OAK,0,Away,26,16,10,-1,1
2012-11-04,2012,9,Oakland Raiders,OAK,32,Tampa Bay Buccaneers,TB,42,OAK,-1,47.5,74,0,32,42,-10,OAK,1,Home,32,42,-10,1,0
2012-11-11,2012,10,Baltimore Ravens,BAL,55,Oakland Raiders,OAK,20,BAL,-7.5,47.5,75,0,55,20,35,OAK,0,Away,20,55,-35,-7.5,0
2012-11-18,2012,11,Oakland Raiders,OAK,17,New Orleans Saints,NO,38,NO,-6.5,56,55,0,38,17,21,OAK,0,Home,17,38,-21,-6.5,0
2012-11-25,2012,12,Cincinnati Bengals,CIN,34,Oakland Raiders,OAK,10,CIN,-8,51,44,0,34,10,24,OAK,0,Away,10,34,-24,-8,0
2012-12-02,2012,13,Oakland Raiders,OAK,17,Cleveland Browns,CLE,20,CLE,-2.5,39.5,37,0,20,17,3,OAK,0,Home,17,20,-3,-2.5,0
2012-12-06,2012,14,Oakland Raiders,OAK,13,Denver Broncos,DEN,26,DEN,-10.5,47,39,0,26,13,13,OAK,0,Home,13,26,-13,-10.5,0
2012-12-16,2012,15,Oakland Raiders,OAK,15,Kansas City Chiefs,KC,0,OAK,-4.5,44,15,0,15,0,15,OAK,1,Home,15,0,15,4.5,1
2012-12-23,2012,16,Carolina Panthers,CAR,17,Oakland Raiders,OAK,6,CAR,-9.5,47,23,0,17,6,11,OAK,0,Away,6,17,-11,-9.5,0
2012-12-30,2012,17,San Diego Chargers,LAC,24,Oakland Raiders,OAK,21,LAC,-8,41.5,45,0,24,21,3,OAK,0,Away,21,24,-3,-8,1
2013-09-08,2013,1,Indianapolis Colts,IND,21,Oakland Raiders,OAK,17,IND,-11.5,45.5,38,0,21,17,4,OAK,0,Away,17,21,-4,-11.5,1
2013-09-15,2013,2,Oakland Raiders,OAK,19,Jacksonville Jaguars,JAX,9,OAK,-5,40,28,0,19,9,10,OAK,1,Home,19,9,10,5,1
2013-09-23,2013,3,Denver Broncos,DEN,37,Oakland Raiders,OAK,21,DEN,-16.5,50,58,0,37,21,16,OAK,0,Away,21,37,-16,-16.5,1
2013-09-29,2013,4,Oakland Raiders,OAK,14,Washington Redskins,WAS,24,WAS,-4,46,38,0,24,14,10,OAK,0,Home,14,24,-10,-4,0
2013-10-06,2013,5,Oakland Raiders,OAK,27,San Diego Chargers,LAC,17,LAC,-5,47,44,0,17,27,-10,OAK,0,Home,27,17,10,-5,1
2013-10-13,2013,6,Kansas City Chiefs,KC,24,Oakland Raiders,OAK,7,KC,-7.5,41.5,31,0,24,7,17,OAK,0,Away,7,24,-17,-7.5,0
2013-10-27,2013,8,Oakland Raiders,OAK,21,Pittsburgh Steelers,PIT,18,PIT,-2.5,40.5,39,0,18,21,-3,OAK,0,Home,21,18,3,-2.5,1
2013-11-03,2013,9,Oakland Raiders,OAK,20,Philadelphia Eagles,PHI,49,OAK,-1,45.5,69,0,20,49,-29,OAK,1,Home,20,49,-29,1,0
2013-11-10,2013,10,New York Giants,NYG,24,Oakland Raiders,OAK,20,NYG,-7,41,44,0,24,20,4,OAK,0,Away,20,24,-4,-7,1
2013-11-17,2013,11,Houston Texans,HOU,23,Oakland Raiders,OAK,28,HOU,-10.5,40.5,51,0,23,28,-5,OAK,0,Away,28,23,5,-10.5,1
2013-11-24,2013,12,Oakland Raiders,OAK,19,Tennessee Titans,TEN,23,TEN,-2,42,42,0,23,19,4,OAK,0,Home,19,23,-4,-2,0
2013-11-28,2013,13,Dallas Cowboys,DAL,31,Oakland Raiders,OAK,24,DAL,-8,48,55,0,31,24,7,OAK,0,Away,24,31,-7,-8,1
2013-12-08,2013,14,New York Jets,NYJ,37,Oakland Raiders,OAK,27,NYJ,-3,39.5,64,0,37,27,10,OAK,0,Away,27,37,-10,-3,0
2013-12-15,2013,15,Oakland Raiders,OAK,31,Kansas City Chiefs,KC,56,KC,-6,44.5,87,0,56,31,25,OAK,0,Home,31,56,-25,-6,0
2013-12-22,2013,16,San Diego Chargers,LAC,26,Oakland Raiders,OAK,13,LAC,-9,51,39,0,26,13,13,OAK,0,Away,13,26,-13,-9,0
2013-12-29,2013,17,Oakland Raiders,OAK,14,Denver Broncos,DEN,34,DEN,-10,53.5,48,0,34,14,20,OAK,0,Home,14,34,-20,-10,0
2014-09-07,2014,1,New York Jets,NYJ,19,Oakland Raiders,OAK,14,NYJ,-6.5,40.5,33,0,19,14,5,OAK,0,Away,14,19,-5,-6.5,1
2014-09-14,2014,2,Oakland Raiders,OAK,14,Houston Texans,HOU,30,HOU,-3,42,44,0,30,14,16,OAK,0,Home,14,30,-16,-3,0
2014-09-21,2014,3,New England Patriots,NE,16,Oakland Raiders,OAK,9,NE,-14,47,25,0,16,9,7,OAK,0,Away,9,16,-7,-14,1
2014-10-12,2014,6,Oakland Raiders,OAK,28,San Diego Chargers,LAC,31,LAC,-7,44,59,0,31,28,3,OAK,0,Home,28,31,-3,-7,1
2014-10-19,2014,7,Oakland Raiders,OAK,13,Arizona Cardinals,ARI,24,ARI,-3.5,46.5,37,0,24,13,11,OAK,0,Home,13,24,-11,-3.5,0
2014-10-26,2014,8,Cleveland Browns,CLE,23,Oakland Raiders,OAK,13,CLE,-6.5,44.5,36,0,23,13,10,OAK,0,Away,13,23,-10,-6.5,0
2014-11-02,2014,9,Seattle Seahawks,SEA,30,Oakland Raiders,OAK,24,SEA,-13.5,44,54,0,30,24,6,OAK,0,Away,24,30,-6,-13.5,1
2014-11-09,2014,10,Oakland Raiders,OAK,17,Denver Broncos,DEN,41,DEN,-13,51,58,0,41,17,24,OAK,0,Home,17,41,-24,-13,0
2014-11-16,2014,11,San Diego Chargers,LAC,13,Oakland Raiders,OAK,6,LAC,-10.5,45.5,19,0,13,6,7,OAK,0,Away,6,13,-7,-10.5,1
2014-11-20,2014,12,Oakland Raiders,OAK,24,Kansas City Chiefs,KC,20,KC,-7.5,42,44,0,20,24,-4,OAK,0,Home,24,20,4,-7.5,1
2014-11-30,2014,13,St. Louis Rams,LAR,52,Oakland Raiders,OAK,0,LAR,-6.5,43,52,0,52,0,52,OAK,0,Away,0,52,-52,-6.5,0
2014-12-07,2014,14,Oakland Raiders,OAK,24,San Francisco 49ers,SF,13,SF,-8,40.5,37,0,13,24,-11,OAK,0,Home,24,13,11,-8,1
2014-12-14,2014,15,Kansas City Chiefs,KC,31,Oakland Raiders,OAK,13,KC,-11,41.5,44,0,31,13,18,OAK,0,Away,13,31,-18,-11,0
2014-12-21,2014,16,Oakland Raiders,OAK,26,Buffalo Bills,BUF,24,BUF,-7,41.5,50,0,24,26,-2,OAK,0,Home,26,24,2,-7,1
2014-12-28,2014,17,Denver Broncos,DEN,47,Oakland Raiders,OAK,14,DEN,-16.5,48.5,61,0,47,14,33,OAK,0,Away,14,47,-33,-16.5,0
2015-09-13,2015,1,Oakland Raiders,OAK,13,Cincinnati Bengals,CIN,33,OAK,-3,43,46,0,13,33,-20,OAK,1,Home,13,33,-20,3,0
2015-09-20,2015,2,Oakland Raiders,OAK,37,Baltimore Ravens,BAL,33,BAL,-6,42,70,0,33,37,-4,OAK,0,Home,37,33,4,-6,1
2015-09-27,2015,3,Cleveland Browns,CLE,20,Oakland Raiders,OAK,27,CLE,-3.5,44,47,0,20,27,-7,OAK,0,Away,27,20,7,-3.5,1
2015-10-04,2015,4,Chicago Bears,CHI,22,Oakland Raiders,OAK,20,OAK,-3,44.5,42,0,20,22,-2,OAK,1,Away,20,22,-2,3,0
2015-10-11,2015,5,Oakland Raiders,OAK,10,Denver Broncos,DEN,16,DEN,-5.5,45,26,0,16,10,6,OAK,0,Home,10,16,-6,-5.5,0
2015-10-25,2015,7,San Diego Chargers,LAC,29,Oakland Raiders,OAK,37,LAC,-3.5,48.5,66,0,29,37,-8,OAK,0,Away,37,29,8,-3.5,1
2015-11-01,2015,8,Oakland Raiders,OAK,34,New York Jets,NYJ,20,NYJ,-3,44,54,0,20,34,-14,OAK,0,Home,34,20,14,-3,1
2015-11-08,2015,9,Pittsburgh Steelers,PIT,38,Oakland Raiders,OAK,35,PIT,-6,48,73,0,38,35,3,OAK,0,Away,35,38,-3,-6,1
2015-11-15,2015,10,Oakland Raiders,OAK,14,Minnesota Vikings,MIN,30,OAK,-3,44,44,0,14,30,-16,OAK,1,Home,14,30,-16,3,0
2015-11-22,2015,11,Detroit Lions,DET,18,Oakland Raiders,OAK,13,OAK,-1.5,50,31,0,13,18,-5,OAK,1,Away,13,18,-5,1.5,0
2015-11-29,2015,12,Tennessee Titans,TEN,21,Oakland Raiders,OAK,24,OAK,-1,45,45,0,24,21,3,OAK,1,Away,24,21,3,1,1
2015-12-06,2015,13,Oakland Raiders,OAK,20,Kansas City Chiefs,KC,34,KC,-3,45.5,54,0,34,20,14,OAK,0,Home,20,34,-14,-3,0
2015-12-13,2015,14,Denver Broncos,DEN,12,Oakland Raiders,OAK,15,DEN,-6,43,27,0,12,15,-3,OAK,0,Away,15,12,3,-6,1
2015-12-20,2015,15,Oakland Raiders,OAK,20,Green Bay Packers,GB,30,GB,-4,47,50,0,30,20,10,OAK,0,Home,20,30,-10,-4,0
2015-12-24,2015,16,Oakland Raiders,OAK,23,San Diego Chargers,LAC,20,OAK,-4,45.5,43,0,23,20,3,OAK,1,Home,23,20,3,4,0
2016-01-03,2015,17,Kansas City Chiefs,KC,23,Oakland Raiders,OAK,17,KC,-6.5,43.5,40,0,23,17,6,OAK,0,Away,17,23,-6,-6.5,1
2016-09-11,2016,1,New Orleans Saints,NO,34,Oakland Raiders,OAK,35,NO,-3,50.5,69,0,34,35,-1,OAK,0,Away,35,34,1,-3,1
2016-09-18,2016,2,Oakland Raiders,OAK,28,Atlanta Falcons,ATL,35,OAK,-4,48,63,0,28,35,-7,OAK,1,Home,28,35,-7,4,0
2016-09-25,2016,3,Tennessee Titans,TEN,10,Oakland Raiders,OAK,17,OAK,-1.5,47,27,0,17,10,7,OAK,1,Away,17,10,7,1.5,1
2016-10-02,2016,4,Baltimore Ravens,BAL,27,Oakland Raiders,OAK,28,BAL,-3.5,45,55,0,27,28,-1,OAK,0,Away,28,27,1,-3.5,1
2016-10-09,2016,5,Oakland Raiders,OAK,34,San Diego Chargers,LAC,31,OAK,-3.5,50.5,65,0,34,31,3,OAK,1,Home,34,31,3,3.5,0
2016-10-16,2016,6,Oakland Raiders,OAK,10,Kansas City Chiefs,KC,26,KC,-1,46.5,36,0,26,10,16,OAK,0,Home,10,26,-16,-1,0
2016-10-23,2016,7,Jacksonville Jaguars,JAX,16,Oakland Raiders,OAK,33,JAX,-2,47.5,49,0,16,33,-17,OAK,0,Away,33,16,17,-2,1
2016-10-30,2016,8,Tampa Bay Buccaneers,TB,24,Oakland Raiders,OAK,30,TB,-1,48,54,0,24,30,-6,OAK,0,Away,30,24,6,-1,1
2016-11-06,2016,9,Oakland Raiders,OAK,30,Denver Broncos,DEN,20,OAK,-1,44.5,50,0,30,20,10,OAK,1,Home,30,20,10,1,1
2016-11-27,2016,12,Oakland Raiders,OAK,35,Carolina Panthers,CAR,32,OAK,-3.5,48.5,67,0,35,32,3,OAK,1,Home,35,32,3,3.5,0
2016-12-04,2016,13,Oakland Raiders,OAK,38,Buffalo Bills,BUF,24,OAK,-3,48.5,62,0,38,24,14,OAK,1,Home,38,24,14,3,1
2016-12-08,2016,14,Kansas City Chiefs,KC,21,Oakland Raiders,OAK,13,KC,-3.5,46,34,0,21,13,8,OAK,0,Away,13,21,-8,-3.5,0
2016-12-18,2016,15,San Diego Chargers,LAC,16,Oakland Raiders,OAK,19,OAK,-2.5,49.5,35,0,19,16,3,OAK,1,Away,19,16,3,2.5,1
2016-12-24,2016,16,Oakland Raiders,OAK,33,Indianapolis Colts,IND,25,OAK,-3.5,52,58,0,33,25,8,OAK,1,Home,33,25,8,3.5,1
2017-01-01,2016,17,Denver Broncos,DEN,24,Oakland Raiders,OAK,6,DEN,-1,40,30,0,24,6,18,OAK,0,Away,6,24,-18,-1,0
2017-09-10,2017,1,Tennessee Titans,TEN,16,Oakland Raiders,OAK,26,TEN,-2,50.5,42,0,16,26,-10,OAK,0,Away,26,16,10,-2,1
2017-09-17,2017,2,Oakland Raiders,OAK,45,New York Jets,NYJ,20,OAK,-14,43.5,65,0,45,20,25,OAK,1,Home,45,20,25,14,1
2017-09-24,2017,3,Washington Redskins,WAS,27,Oakland Raiders,OAK,10,OAK,-3,53.5,37,0,10,27,-17,OAK,1,Away,10,27,-17,3,0
2017-10-01,2017,4,Denver Broncos,DEN,16,Oakland Raiders,OAK,10,DEN,-3,46,26,0,16,10,6,OAK,0,Away,10,16,-6,-3,0
2017-10-08,2017,5,Oakland Raiders,OAK,17,Baltimore Ravens,BAL,30,OAK,-2.5,39,47,0,17,30,-13,OAK,1,Home,17,30,-13,2.5,0
2017-10-15,2017,6,Oakland Raiders,OAK,16,Los Angeles Chargers,LAC,17,OAK,-3,48.5,33,0,16,17,-1,OAK,1,Home,16,17,-1,3,0
2017-10-19,2017,7,Oakland Raiders,OAK,31,Kansas City Chiefs,KC,30,KC,-3,46.5,61,0,30,31,-1,OAK,0,Home,31,30,1,-3,1
2017-10-29,2017,8,Buffalo Bills,BUF,34,Oakland Raiders,OAK,14,BUF,-2.5,45.5,48,0,34,14,20,OAK,0,Away,14,34,-20,-2.5,0
2017-11-05,2017,9,Miami Dolphins,MIA,24,Oakland Raiders,OAK,27,OAK,-3,44.5,51,0,27,24,3,OAK,1,Away,27,24,3,3,0
2017-11-26,2017,12,Oakland Raiders,OAK,21,Denver Broncos,DEN,14,OAK,-5,43.5,35,0,21,14,7,OAK,1,Home,21,14,7,5,1
2017-12-03,2017,13,Oakland Raiders,OAK,24,New York Giants,NYG,17,OAK,-9,41.5,41,0,24,17,7,OAK,1,Home,24,17,7,9,0
2017-12-10,2017,14,Kansas City Chiefs,KC,26,Oakland Raiders,OAK,15,KC,-4.5,48.5,41,0,26,15,11,OAK,0,Away,15,26,-11,-4.5,0
2017-12-17,2017,15,Oakland Raiders,OAK,17,Dallas Cowboys,DAL,20,DAL,-3,46,37,0,20,17,3,OAK,0,Home,17,20,-3,-3,0
2017-12-25,2017,16,Philadelphia Eagles,PHI,19,Oakland Raiders,OAK,10,PHI,-10,46,29,0,19,10,9,OAK,0,Away,10,19,-9,-10,1
2017-12-31,2017,17,Los Angeles Chargers,LAC,30,Oakland Raiders,OAK,10,LAC,-7,43,40,0,30,10,20,OAK,0,Away,10,30,-20,-7,0
2018-09-10,2018,1,Oakland Raiders,OAK,13,Los Angeles Rams,LAR,33,LAR,-6.5,47.5,46,0,33,13,20,OAK,0,Home,13,33,-20,-6.5,0
2018-09-16,2018,2,Denver Broncos,DEN,20,Oakland Raiders,OAK,19,DEN,-5.5,44,39,0,20,19,1,OAK,0,Away,19,20,-1,-5.5,1
2018-09-23,2018,3,Miami Dolphins,MIA,28,Oakland Raiders,OAK,20,MIA,-3,46,48,0,28,20,8,OAK,0,Away,20,28,-8,-3,0
2018-09-30,2018,4,Oakland Raiders,OAK,45,Cleveland Browns,CLE,42,OAK,-2.5,44.5,87,0,45,42,3,OAK,1,Home,45,42,3,2.5,1
2018-10-07,2018,5,Los Angeles Chargers,LAC,26,Oakland Raiders,OAK,10,LAC,-5,52,36,0,26,10,16,OAK,0,Away,10,26,-16,-5,0
2018-10-28,2018,8,Oakland Raiders,OAK,28,Indianapolis Colts,IND,42,IND,-3.5,51,70,0,42,28,14,OAK,0,Home,28,42,-14,-3.5,0
2018-11-01,2018,9,San Francisco 49ers,SF,34,Oakland Raiders,OAK,3,OAK,-1.5,44,37,0,3,34,-31,OAK,1,Away,3,34,-31,1.5,0
2018-11-11,2018,10,Oakland Raiders,OAK,6,Los Angeles Chargers,LAC,20,LAC,-10.5,50,26,0,20,6,14,OAK,0,Home,6,20,-14,-10.5,0
2018-11-18,2018,11,Arizona Cardinals,ARI,21,Oakland Raiders,OAK,23,ARI,-4.5,41,44,0,21,23,-2,OAK,0,Away,23,21,2,-4.5,1
2018-11-25,2018,12,Baltimore Ravens,BAL,34,Oakland Raiders,OAK,17,BAL,-13,42,51,0,34,17,17,OAK,0,Away,17,34,-17,-13,0
2018-12-02,2018,13,Oakland Raiders,OAK,33,Kansas City Chiefs,KC,40,KC,-14,53.5,73,0,40,33,7,OAK,0,Home,33,40,-7,-14,1
2018-12-09,2018,14,Oakland Raiders,OAK,24,Pittsburgh Steelers,PIT,21,PIT,-10.5,51,45,0,21,24,-3,OAK,0,Home,24,21,3,-10.5,1
2018-12-16,2018,15,Cincinnati Bengals,CIN,30,Oakland Raiders,OAK,16,CIN,-3,46,46,0,30,16,14,OAK,0,Away,16,30,-14,-3,0
2018-12-24,2018,16,Oakland Raiders,OAK,27,Denver Broncos,DEN,14,DEN,-2.5,42.5,41,0,14,27,-13,OAK,0,Home,27,14,13,-2.5,1
2018-12-30,2018,17,Kansas City Chiefs,KC,35,Oakland Raiders,OAK,3,KC,-14.5,52.5,38,0,35,3,32,OAK,0,Away,3,35,-32,-14.5,0
2019-09-09,2019,1,Oakland Raiders,OAK,24,Denver Broncos,DEN,16,DEN,-3,42.5,40,0,16,24,-8,OAK,0,Home,24,16,8,-3,1
2019-09-15,2019,2,Oakland Raiders,OAK,10,Kansas City Chiefs,KC,28,KC,-7,53,38,0,28,10,18,OAK,0,Home,10,28,-18,-7,0
2019-09-22,2019,3,Minnesota Vikings,MIN,34,Oakland Raiders,OAK,14,MIN,-9,43.5,48,0,34,14,20,OAK,0,Away,14,34,-20,-9,0
2019-09-29,2019,4,Indianapolis Colts,IND,24,Oakland Raiders,OAK,31,IND,-6,46.5,55,0,24,31,-7,OAK,0,Away,31,24,7,-6,1
2019-10-20,2019,7,Green Bay Packers,GB,42,Oakland Raiders,OAK,24,GB,-5.5,47.5,66,0,42,24,18,OAK,0,Away,24,42,-18,-5.5,0
2019-10-27,2019,8,Houston Texans,HOU,27,Oakland Raiders,OAK,24,HOU,-6,52,51,0,27,24,3,OAK,0,Away,24,27,-3,-6,1
2019-11-03,2019,9,Oakland Raiders,OAK,31,Detroit Lions,DET,24,OAK,-2.5,51,55,0,31,24,7,OAK,1,Home,31,24,7,2.5,1
2019-11-07,2019,10,Oakland Raiders,OAK,26,Los Angeles Chargers,LAC,24,LAC,-1,49,50,0,24,26,-2,OAK,0,Home,26,24,2,-1,1
2019-11-17,2019,11,Oakland Raiders,OAK,17,Cincinnati Bengals,CIN,10,OAK,-13,48,27,0,17,10,7,OAK,1,Home,17,10,7,13,0
2019-11-24,2019,12,New York Jets,NYJ,34,Oakland Raiders,OAK,3,OAK,-3,44.5,37,0,3,34,-31,OAK,1,Away,3,34,-31,3,0
2019-12-01,2019,13,Kansas City Chiefs,KC,40,Oakland Raiders,OAK,9,KC,-10.5,49.5,49,0,40,9,31,OAK,0,Away,9,40,-31,-10.5,0
2019-12-08,2019,14,Oakland Raiders,OAK,21,Tennessee Titans,TEN,42,TEN,-2.5,47,63,0,42,21,21,OAK,0,Home,21,42,-21,-2.5,0
2019-12-15,2019,15,Oakland Raiders,OAK,16,Jacksonville Jaguars,JAX,20,OAK,-6.5,46,36,0,16,20,-4,OAK,1,Home,16,20,-4,6.5,0
2019-12-22,2019,16,Los Angeles Chargers,LAC,17,Oakland Raiders,OAK,24,LAC,-7.5,45,41,0,17,24,-7,OAK,0,Away,24,17,7,-7.5,1
2019-12-29,2019,17,Denver Broncos,DEN,16,Oakland Raiders,OAK,15,DEN,-4.5,41,31,0,16,15,1,OAK,0,Away,15,16,-1,-4.5,1
2000-09-03,2000,1,Pittsburgh Steelers,PIT,0,Baltimore Ravens,BAL,16,BAL,-2.5,37,16,0,16,0,16,PIT,0,Home,0,16,-16,-2.5,0
2000-09-17,2000,3,Cleveland Browns,CLE,23,Pittsburgh Steelers,PIT,20,PIT,-2.5,35.5,43,0,20,23,-3,PIT,1,Away,20,23,-3,2.5,0
2000-09-24,2000,4,Pittsburgh Steelers,PIT,20,Tennessee Titans,TEN,23,TEN,-7,36,43,0,23,20,3,PIT,0,Home,20,23,-3,-7,1
2000-10-01,2000,5,Jacksonville Jaguars,JAX,13,Pittsburgh Steelers,PIT,24,JAX,-11,38.5,37,0,13,24,-11,PIT,0,Away,24,13,11,-11,1
2000-10-08,2000,6,New York Jets,NYJ,3,Pittsburgh Steelers,PIT,20,NYJ,-8,37.5,23,0,3,20,-17,PIT,0,Away,20,3,17,-8,1
2000-10-15,2000,7,Pittsburgh Steelers,PIT,15,Cincinnati Bengals,CIN,0,PIT,-8.5,37,15,0,15,0,15,PIT,1,Home,15,0,15,8.5,1
2000-10-22,2000,8,Pittsburgh Steelers,PIT,22,Cleveland Browns,CLE,0,PIT,-9,37.5,22,0,22,0,22,PIT,1,Home,22,0,22,9,1
2000-10-29,2000,9,Baltimore Ravens,BAL,6,Pittsburgh Steelers,PIT,9,BAL,-4.5,33,15,0,6,9,-3,PIT,0,Away,9,6,3,-4.5,1
2000-11-05,2000,10,Tennessee Titans,TEN,9,Pittsburgh Steelers,PIT,7,TEN,-8,36.5,16,0,9,7,2,PIT,0,Away,7,9,-2,-8,1
2000-11-12,2000,11,Pittsburgh Steelers,PIT,23,Philadelphia Eagles,PHI,26,PIT,-3.5,33,49,0,23,26,-3,PIT,1,Home,23,26,-3,3.5,0
2000-11-19,2000,12,Pittsburgh Steelers,PIT,24,Jacksonville Jaguars,JAX,34,PIT,-3,37,58,0,24,34,-10,PIT,1,Home,24,34,-10,3,0
2000-11-26,2000,13,Cincinnati Bengals,CIN,28,Pittsburgh Steelers,PIT,48,PIT,-4,34,76,0,48,28,20,PIT,1,Away,48,28,20,4,1
2000-12-03,2000,14,Pittsburgh Steelers,PIT,21,Oakland Raiders,OAK,20,OAK,-3,42,41,0,20,21,-1,PIT,0,Home,21,20,1,-3,1
2000-12-10,2000,15,New York Giants,NYG,30,Pittsburgh Steelers,PIT,10,NYG,-3.5,35.5,40,0,30,10,20,PIT,0,Away,10,30,-20,-3.5,0
2000-12-16,2000,16,Pittsburgh Steelers,PIT,24,Washington Redskins,WAS,3,WAS,-1,37.5,27,0,3,24,-21,PIT,0,Home,24,3,21,-1,1
2000-12-24,2000,17,San Diego Chargers,LAC,21,Pittsburgh Steelers,PIT,34,PIT,-3,37.5,55,0,34,21,13,PIT,1,Away,34,21,13,3,1
2001-09-09,2001,1,Jacksonville Jaguars,JAX,21,Pittsburgh Steelers,PIT,3,JAX,-3,37.5,24,0,21,3,18,PIT,0,Away,3,21,-18,-3,0
2001-09-30,2001,3,Buffalo Bills,BUF,3,Pittsburgh Steelers,PIT,20,PIT,-3,36,23,0,20,3,17,PIT,1,Away,20,3,17,3,1
2001-10-07,2001,4,Pittsburgh Steelers,PIT,16,Cincinnati Bengals,CIN,7,PIT,-5,35.5,23,0,16,7,9,PIT,1,Home,16,7,9,5,1
2001-10-14,2001,5,Kansas City Chiefs,KC,17,Pittsburgh Steelers,PIT,20,KC,-2.5,36,37,0,17,20,-3,PIT,0,Away,20,17,3,-2.5,1
2001-10-21,2001,6,Tampa Bay Buccaneers,TB,10,Pittsburgh Steelers,PIT,17,TB,-5,33.5,27,0,10,17,-7,PIT,0,Away,17,10,7,-5,1
2001-10-29,2001,7,Pittsburgh Steelers,PIT,34,Tennessee Titans,TEN,7,PIT,-3,36,41,0,34,7,27,PIT,1,Home,34,7,27,3,1
2001-11-04,2001,8,Pittsburgh Steelers,PIT,10,Baltimore Ravens,BAL,13,PIT,-2,33,23,0,10,13,-3,PIT,1,Home,10,13,-3,2,0
2001-11-11,2001,9,Cleveland Browns,CLE,12,Pittsburgh Steelers,PIT,15,PIT,-3,33,27,0,15,12,3,PIT,1,Away,15,12,3,3,0
2001-11-18,2001,10,Pittsburgh Steelers,PIT,20,Jacksonville Jaguars,JAX,7,PIT,-5.5,36,27,0,20,7,13,PIT,1,Home,20,7,13,5.5,1
2001-11-25,2001,11,Tennessee Titans,TEN,24,Pittsburgh Steelers,PIT,34,TEN,-2,34.5,58,0,24,34,-10,PIT,0,Away,34,24,10,-2,1
2001-12-02,2001,12,Pittsburgh Steelers,PIT,21,Minnesota Vikings,MIN,16,PIT,-7,41,37,0,21,16,5,PIT,1,Home,21,16,5,7,0
2001-12-09,2001,13,Pittsburgh Steelers,PIT,18,New York Jets,NYJ,7,PIT,-3.5,34.5,25,0,18,7,11,PIT,1,Home,18,7,11,3.5,1
2001-12-16,2001,14,Baltimore Ravens,BAL,21,Pittsburgh Steelers,PIT,26,BAL,-3,33.5,47,0,21,26,-5,PIT,0,Away,26,21,5,-3,1
2001-12-23,2001,15,Pittsburgh Steelers,PIT,47,Detroit Lions,DET,14,PIT,-10,36,61,0,47,14,33,PIT,1,Home,47,14,33,10,1
2001-12-30,2001,16,Cincinnati Bengals,CIN,26,Pittsburgh Steelers,PIT,23,PIT,-8,33.5,49,0,23,26,-3,PIT,1,Away,23,26,-3,8,0
2002-01-06,2001,17,Pittsburgh Steelers,PIT,28,Cleveland Browns,CLE,7,PIT,-7,34.5,35,0,28,7,21,PIT,1,Home,28,7,21,7,1
2002-09-09,2002,1,New England Patriots,NE,30,Pittsburgh Steelers,PIT,14,PIT,-2.5,37.5,44,0,14,30,-16,PIT,1,Away,14,30,-16,2.5,0
2002-09-15,2002,2,Pittsburgh Steelers,PIT,17,Oakland Raiders,OAK,30,PIT,-4,39.5,47,0,17,30,-13,PIT,1,Home,17,30,-13,4,0
2002-09-29,2002,4,Pittsburgh Steelers,PIT,16,Cleveland Browns,CLE,13,PIT,-6,44,29,0,16,13,3,PIT,1,Home,16,13,3,6,0
2002-10-06,2002,5,New Orleans Saints,NO,32,Pittsburgh Steelers,PIT,29,NO,-3,43.5,61,0,32,29,3,PIT,0,Away,29,32,-3,-3,0
2002-10-13,2002,6,Cincinnati Bengals,CIN,7,Pittsburgh Steelers,PIT,34,PIT,-6.5,40.5,41,0,34,7,27,PIT,1,Away,34,7,27,6.5,1
2002-10-21,2002,7,Pittsburgh Steelers,PIT,28,Indianapolis Colts,IND,10,PIT,-4.5,46,38,0,28,10,18,PIT,1,Home,28,10,18,4.5,1
2002-10-27,2002,8,Baltimore Ravens,BAL,18,Pittsburgh Steelers,PIT,31,PIT,-3,37.5,49,0,31,18,13,PIT,1,Away,31,18,13,3,1
2002-11-03,2002,9,Cleveland Browns,CLE,20,Pittsburgh Steelers,PIT,23,PIT,-3.5,44,43,0,23,20,3,PIT,1,Away,23,20,3,3.5,0
2002-11-10,2002,10,Pittsburgh Steelers,PIT,34,Atlanta Falcons,ATL,34,PIT,-5.5,42.5,68,0,34,34,0,PIT,1,Home,34,34,0,5.5,0
2002-11-17,2002,11,Tennessee Titans,TEN,31,Pittsburgh Steelers,PIT,23,PIT,-3,44,54,0,23,31,-8,PIT,1,Away,23,31,-8,3,0
2002-11-24,2002,12,Pittsburgh Steelers,PIT,29,Cincinnati Bengals,CIN,21,PIT,-10.5,44,50,0,29,21,8,PIT,1,Home,29,21,8,10.5,0
2002-12-01,2002,13,Jacksonville Jaguars,JAX,23,Pittsburgh Steelers,PIT,25,PIT,-3,44,48,0,25,23,2,PIT,1,Away,25,23,2,3,0
2002-12-08,2002,14,Pittsburgh Steelers,PIT,6,Houston Texans,HOU,24,PIT,-14,37.5,30,0,6,24,-18,PIT,1,Home,6,24,-18,14,0
2002-12-15,2002,15,Pittsburgh Steelers,PIT,30,Carolina Panthers,CAR,14,PIT,-9,39,44,0,30,14,16,PIT,1,Home,30,14,16,9,1
2002-12-23,2002,16,Tampa Bay Buccaneers,TB,7,Pittsburgh Steelers,PIT,17,TB,-4.5,38,24,0,7,17,-10,PIT,0,Away,17,7,10,-4.5,1
2002-12-29,2002,17,Pittsburgh Steelers,PIT,34,Baltimore Ravens,BAL,31,PIT,-8,39,65,0,34,31,3,PIT,1,Home,34,31,3,8,0
2003-09-07,2003,1,Pittsburgh Steelers,PIT,34,Baltimore Ravens,BAL,15,PIT,-4,38.5,49,0,34,15,19,PIT,1,Home,34,15,19,4,1
2003-09-14,2003,2,Kansas City Chiefs,KC,41,Pittsburgh Steelers,PIT,20,KC,-3.5,48,61,0,41,20,21,PIT,0,Away,20,41,-21,-3.5,0
2003-09-21,2003,3,Cincinnati Bengals,CIN,10,Pittsburgh Steelers,PIT,17,PIT,-4.5,44.5,27,0,17,10,7,PIT,1,Away,17,10,7,4.5,1
2003-09-28,2003,4,Pittsburgh Steelers,PIT,13,Tennessee Titans,TEN,30,PIT,-3.5,44,43,0,13,30,-17,PIT,1,Home,13,30,-17,3.5,0
2003-10-05,2003,5,Pittsburgh Steelers,PIT,13,Cleveland Browns,CLE,33,PIT,-7,42,46,0,13,33,-20,PIT,1,Home,13,33,-20,7,0
2003-10-12,2003,6,Denver Broncos,DEN,17,Pittsburgh Steelers,PIT,14,DEN,-6.5,45,31,0,17,14,3,PIT,0,Away,14,17,-3,-6.5,1
2003-10-26,2003,8,Pittsburgh Steelers,PIT,21,St. Louis Rams,LAR,33,PIT,-1,45.5,54,0,21,33,-12,PIT,1,Home,21,33,-12,1,0
2003-11-02,2003,9,Seattle Seahawks,SEA,23,Pittsburgh Steelers,PIT,16,SEA,-5,44,39,0,23,16,7,PIT,0,Away,16,23,-7,-5,0
2003-11-09,2003,10,Pittsburgh Steelers,PIT,28,Arizona Cardinals,ARI,15,PIT,-7,40.5,43,0,28,15,13,PIT,1,Home,28,15,13,7,1
2003-11-17,2003,11,San Francisco 49ers,SF,30,Pittsburgh Steelers,PIT,14,SF,-4,41.5,44,0,30,14,16,PIT,0,Away,14,30,-16,-4,0
2003-11-23,2003,12,Cleveland Browns,CLE,6,Pittsburgh Steelers,PIT,13,CLE,-3,40.5,19,0,6,13,-7,PIT,0,Away,13,6,7,-3,1
2003-11-30,2003,13,Pittsburgh Steelers,PIT,20,Cincinnati Bengals,CIN,24,PIT,-3,42,44,0,20,24,-4,PIT,1,Home,20,24,-4,3,0
2003-12-07,2003,14,Pittsburgh Steelers,PIT,27,Oakland Raiders,OAK,7,PIT,-5.5,40.5,34,0,27,7,20,PIT,1,Home,27,7,20,5.5,1
2003-12-14,2003,15,New York Jets,NYJ,6,Pittsburgh Steelers,PIT,0,NYJ,-3,36,6,0,6,0,6,PIT,0,Away,0,6,-6,-3,0
2003-12-21,2003,16,Pittsburgh Steelers,PIT,40,San Diego Chargers,LAC,24,PIT,-6.5,42,64,0,40,24,16,PIT,1,Home,40,24,16,6.5,1
2003-12-28,2003,17,Baltimore Ravens,BAL,13,Pittsburgh Steelers,PIT,10,BAL,-6,37.5,23,0,13,10,3,PIT,0,Away,10,13,-3,-6,1
2004-09-12,2004,1,Pittsburgh Steelers,PIT,24,Oakland Raiders,OAK,21,PIT,-3.5,41.5,45,0,24,21,3,PIT,1,Home,24,21,3,3.5,0
2004-09-19,2004,2,Baltimore Ravens,BAL,30,Pittsburgh Steelers,PIT,13,BAL,-4,35.5,43,0,30,13,17,PIT,0,Away,13,30,-17,-4,0
2004-09-26,2004,3,Miami Dolphins,MIA,3,Pittsburgh Steelers,PIT,13,MIA,-2.5,31,16,0,3,13,-10,PIT,0,Away,13,3,10,-2.5,1
2004-10-03,2004,4,Pittsburgh Steelers,PIT,28,Cincinnati Bengals,CIN,17,PIT,-4,39.5,45,0,28,17,11,PIT,1,Home,28,17,11,4,1
2004-10-10,2004,5,Pittsburgh Steelers,PIT,34,Cleveland Browns,CLE,23,PIT,-4.5,36,57,0,34,23,11,PIT,1,Home,34,23,11,4.5,1
2004-10-17,2004,6,Dallas Cowboys,DAL,20,Pittsburgh Steelers,PIT,24,DAL,-3,39,44,0,20,24,-4,PIT,0,Away,24,20,4,-3,1
2004-10-31,2004,8,Pittsburgh Steelers,PIT,34,New England Patriots,NE,20,NE,-3,42,54,0,20,34,-14,PIT,0,Home,34,20,14,-3,1
2004-11-07,2004,9,Pittsburgh Steelers,PIT,27,Philadelphia Eagles,PHI,3,PHI,-1.5,44.5,30,0,3,27,-24,PIT,0,Home,27,3,24,-1.5,1
2004-11-14,2004,10,Cleveland Browns,CLE,10,Pittsburgh Steelers,PIT,24,PIT,-3.5,41,34,0,24,10,14,PIT,1,Away,24,10,14,3.5,1
2004-11-21,2004,11,Cincinnati Bengals,CIN,14,Pittsburgh Steelers,PIT,19,PIT,-4,40.5,33,0,19,14,5,PIT,1,Away,19,14,5,4,1
2004-11-28,2004,12,Pittsburgh Steelers,PIT,16,Washington Redskins,WAS,7,PIT,-10,34.5,23,0,16,7,9,PIT,1,Home,16,7,9,10,0
2004-12-05,2004,13,Jacksonville Jaguars,JAX,16,Pittsburgh Steelers,PIT,17,PIT,-3,35.5,33,0,17,16,1,PIT,1,Away,17,16,1,3,0
2004-12-12,2004,14,Pittsburgh Steelers,PIT,17,New York Jets,NYJ,6,PIT,-4.5,35,23,0,17,6,11,PIT,1,Home,17,6,11,4.5,1
2004-12-18,2004,15,New York Giants,NYG,30,Pittsburgh Steelers,PIT,33,PIT,-10,36.5,63,0,33,30,3,PIT,1,Away,33,30,3,10,0
2004-12-26,2004,16,Pittsburgh Steelers,PIT,20,Baltimore Ravens,BAL,7,PIT,-5,34,27,0,20,7,13,PIT,1,Home,20,7,13,5,1
2005-01-02,2004,17,Buffalo Bills,BUF,24,Pittsburgh Steelers,PIT,29,BUF,-9.5,33,53,0,24,29,-5,PIT,0,Away,29,24,5,-9.5,1
2005-09-11,2005,1,Pittsburgh Steelers,PIT,34,Tennessee Titans,TEN,7,PIT,-7,40.5,41,0,34,7,27,PIT,1,Home,34,7,27,7,1
2005-09-18,2005,2,Houston Texans,HOU,7,Pittsburgh Steelers,PIT,27,PIT,-4.5,39.5,34,0,27,7,20,PIT,1,Away,27,7,20,4.5,1
2005-09-25,2005,3,Pittsburgh Steelers,PIT,20,New England Patriots,NE,23,PIT,-3,41.5,43,0,20,23,-3,PIT,1,Home,20,23,-3,3,0
2005-10-10,2005,5,San Diego Chargers,LAC,22,Pittsburgh Steelers,PIT,24,LAC,-3,45.5,46,0,22,24,-2,PIT,0,Away,24,22,2,-3,1
2005-10-16,2005,6,Pittsburgh Steelers,PIT,17,Jacksonville Jaguars,JAX,23,PIT,-5,36,40,0,17,23,-6,PIT,1,Home,17,23,-6,5,0
2005-10-23,2005,7,Cincinnati Bengals,CIN,13,Pittsburgh Steelers,PIT,27,CIN,-3,43,40,0,13,27,-14,PIT,0,Away,27,13,14,-3,1
2005-10-31,2005,8,Pittsburgh Steelers,PIT,20,Baltimore Ravens,BAL,19,PIT,-8.5,33,39,0,20,19,1,PIT,1,Home,20,19,1,8.5,0
2005-11-06,2005,9,Green Bay Packers,GB,10,Pittsburgh Steelers,PIT,20,PIT,-6.5,42,30,0,20,10,10,PIT,1,Away,20,10,10,6.5,1
2005-11-13,2005,10,Pittsburgh Steelers,PIT,34,Cleveland Browns,CLE,21,PIT,-7.5,34.5,55,0,34,21,13,PIT,1,Home,34,21,13,7.5,1
2005-11-20,2005,11,Baltimore Ravens,BAL,16,Pittsburgh Steelers,PIT,13,PIT,-4,34.5,29,0,13,16,-3,PIT,1,Away,13,16,-3,4,0
2005-11-28,2005,12,Indianapolis Colts,IND,26,Pittsburgh Steelers,PIT,7,IND,-8,47,33,0,26,7,19,PIT,0,Away,7,26,-19,-8,0
2005-12-04,2005,13,Pittsburgh Steelers,PIT,31,Cincinnati Bengals,CIN,38,PIT,-4,43,69,0,31,38,-7,PIT,1,Home,31,38,-7,4,0
2005-12-11,2005,14,Pittsburgh Steelers,PIT,21,Chicago Bears,CHI,9,PIT,-4,32,30,0,21,9,12,PIT,1,Home,21,9,12,4,1
2005-12-18,2005,15,Minnesota Vikings,MIN,3,Pittsburgh Steelers,PIT,18,PIT,-3,41.5,21,0,18,3,15,PIT,1,Away,18,3,15,3,1
2005-12-24,2005,16,Cleveland Browns,CLE,0,Pittsburgh Steelers,PIT,41,PIT,-7,33,41,0,41,0,41,PIT,1,Away,41,0,41,7,1
2006-01-01,2005,17,Pittsburgh Steelers,PIT,35,Detroit Lions,DET,21,PIT,-15.5,35.5,56,0,35,21,14,PIT,1,Home,35,21,14,15.5,0
2006-09-07,2006,1,Pittsburgh Steelers,PIT,28,Miami Dolphins,MIA,17,PIT,-1.5,34.5,45,0,28,17,11,PIT,1,Home,28,17,11,1.5,1
2006-09-18,2006,2,Jacksonville Jaguars,JAX,9,Pittsburgh Steelers,PIT,0,PIT,-2.5,36.5,9,0,0,9,-9,PIT,1,Away,0,9,-9,2.5,0
2006-09-24,2006,3,Pittsburgh Steelers,PIT,20,Cincinnati Bengals,CIN,28,PIT,-2,42,48,0,20,28,-8,PIT,1,Home,20,28,-8,2,0
2006-10-08,2006,5,San Diego Chargers,LAC,23,Pittsburgh Steelers,PIT,13,LAC,-3,37.5,36,0,23,13,10,PIT,0,Away,13,23,-10,-3,0
2006-10-15,2006,6,Pittsburgh Steelers,PIT,45,Kansas City Chiefs,KC,7,PIT,-6.5,36.5,52,0,45,7,38,PIT,1,Home,45,7,38,6.5,1
2006-10-22,2006,7,Atlanta Falcons,ATL,41,Pittsburgh Steelers,PIT,38,PIT,-3,39,79,0,38,41,-3,PIT,1,Away,38,41,-3,3,0
2006-10-29,2006,8,Oakland Raiders,OAK,20,Pittsburgh Steelers,PIT,13,PIT,-9,38.5,33,0,13,20,-7,PIT,1,Away,13,20,-7,9,0
2006-11-05,2006,9,Pittsburgh Steelers,PIT,20,Denver Broncos,DEN,31,PIT,-2.5,36.5,51,0,20,31,-11,PIT,1,Home,20,31,-11,2.5,0
2006-11-12,2006,10,Pittsburgh Steelers,PIT,38,New Orleans Saints,NO,31,PIT,-6.5,45.5,69,0,38,31,7,PIT,1,Home,38,31,7,6.5,1
2006-11-19,2006,11,Cleveland Browns,CLE,20,Pittsburgh Steelers,PIT,24,PIT,-4,36,44,0,24,20,4,PIT,1,Away,24,20,4,4,0
2006-11-26,2006,12,Baltimore Ravens,BAL,27,Pittsburgh Steelers,PIT,0,BAL,-3,40.5,27,0,27,0,27,PIT,0,Away,0,27,-27,-3,0
2006-12-03,2006,13,Pittsburgh Steelers,PIT,20,Tampa Bay Buccaneers,TB,3,PIT,-7,41,23,0,20,3,17,PIT,1,Home,20,3,17,7,1
2006-12-07,2006,14,Pittsburgh Steelers,PIT,27,Cleveland Browns,CLE,7,PIT,-7.5,34.5,34,0,27,7,20,PIT,1,Home,27,7,20,7.5,1
2006-12-17,2006,15,Carolina Panthers,CAR,3,Pittsburgh Steelers,PIT,37,PIT,-2.5,39,40,0,37,3,34,PIT,1,Away,37,3,34,2.5,1
2006-12-24,2006,16,Pittsburgh Steelers,PIT,7,Baltimore Ravens,BAL,31,PIT,-4,37,38,0,7,31,-24,PIT,1,Home,7,31,-24,4,0
2006-12-31,2006,17,Cincinnati Bengals,CIN,17,Pittsburgh Steelers,PIT,23,CIN,-6,44.5,40,0,17,23,-6,PIT,0,Away,23,17,6,-6,1
2007-09-09,2007,1,Cleveland Browns,CLE,7,Pittsburgh Steelers,PIT,34,PIT,-4.5,36.5,41,0,34,7,27,PIT,1,Away,34,7,27,4.5,1
2007-09-16,2007,2,Pittsburgh Steelers,PIT,26,Buffalo Bills,BUF,3,PIT,-10,39,29,0,26,3,23,PIT,1,Home,26,3,23,10,1
2007-09-23,2007,3,Pittsburgh Steelers,PIT,37,San Francisco 49ers,SF,16,PIT,-9.5,38,53,0,37,16,21,PIT,1,Home,37,16,21,9.5,1
2007-09-30,2007,4,Arizona Cardinals,ARI,21,Pittsburgh Steelers,PIT,14,PIT,-5,42.5,35,0,14,21,-7,PIT,1,Away,14,21,-7,5,0
2007-10-07,2007,5,Pittsburgh Steelers,PIT,21,Seattle Seahawks,SEA,0,PIT,-5,41.5,21,0,21,0,21,PIT,1,Home,21,0,21,5,1
2007-10-21,2007,7,Denver Broncos,DEN,31,Pittsburgh Steelers,PIT,28,PIT,-4.5,38.5,59,0,28,31,-3,PIT,1,Away,28,31,-3,4.5,0
2007-10-28,2007,8,Cincinnati Bengals,CIN,13,Pittsburgh Steelers,PIT,24,PIT,-4,48.5,37,0,24,13,11,PIT,1,Away,24,13,11,4,1
2007-11-05,2007,9,Pittsburgh Steelers,PIT,38,Baltimore Ravens,BAL,7,PIT,-9.5,36,45,0,38,7,31,PIT,1,Home,38,7,31,9.5,1
2007-11-11,2007,10,Pittsburgh Steelers,PIT,31,Cleveland Browns,CLE,28,PIT,-9.5,47.5,59,0,31,28,3,PIT,1,Home,31,28,3,9.5,0
2007-11-18,2007,11,New York Jets,NYJ,19,Pittsburgh Steelers,PIT,16,PIT,-9.5,40.5,35,0,16,19,-3,PIT,1,Away,16,19,-3,9.5,0
2007-11-26,2007,12,Pittsburgh Steelers,PIT,3,Miami Dolphins,MIA,0,PIT,-16,38.5,3,0,3,0,3,PIT,1,Home,3,0,3,16,0
2007-12-02,2007,13,Pittsburgh Steelers,PIT,24,Cincinnati Bengals,CIN,10,PIT,-7,38,34,0,24,10,14,PIT,1,Home,24,10,14,7,1
2007-12-09,2007,14,New England Patriots,NE,34,Pittsburgh Steelers,PIT,13,NE,-10.5,49.5,47,0,34,13,21,PIT,0,Away,13,34,-21,-10.5,0
2007-12-16,2007,15,Pittsburgh Steelers,PIT,22,Jacksonville Jaguars,JAX,29,PIT,-3,34.5,51,0,22,29,-7,PIT,1,Home,22,29,-7,3,0
2007-12-20,2007,16,St. Louis Rams,LAR,24,Pittsburgh Steelers,PIT,41,PIT,-8,43,65,0,41,24,17,PIT,1,Away,41,24,17,8,1
2007-12-30,2007,17,Baltimore Ravens,BAL,27,Pittsburgh Steelers,PIT,21,PIT,-3,35.5,48,0,21,27,-6,PIT,1,Away,21,27,-6,3,0
2008-09-07,2008,1,Pittsburgh Steelers,PIT,38,Houston Texans,HOU,17,PIT,-6.5,43,55,0,38,17,21,PIT,1,Home,38,17,21,6.5,1
2008-09-14,2008,2,Cleveland Browns,CLE,6,Pittsburgh Steelers,PIT,10,PIT,-6.5,43.5,16,0,10,6,4,PIT,1,Away,10,6,4,6.5,0
2008-09-21,2008,3,Philadelphia Eagles,PHI,15,Pittsburgh Steelers,PIT,6,PHI,-3.5,45,21,0,15,6,9,PIT,0,Away,6,15,-9,-3.5,0
2008-09-29,2008,4,Pittsburgh Steelers,PIT,23,Baltimore Ravens,BAL,20,PIT,-6,34.5,43,0,23,20,3,PIT,1,Home,23,20,3,6,0
2008-10-05,2008,5,Jacksonville Jaguars,JAX,21,Pittsburgh Steelers,PIT,26,JAX,-5,37,47,0,21,26,-5,PIT,0,Away,26,21,5,-5,1
2008-10-19,2008,7,Cincinnati Bengals,CIN,10,Pittsburgh Steelers,PIT,38,PIT,-8.5,37,48,0,38,10,28,PIT,1,Away,38,10,28,8.5,1
2008-10-26,2008,8,Pittsburgh Steelers,PIT,14,New York Giants,NYG,21,PIT,-3,41,35,0,14,21,-7,PIT,1,Home,14,21,-7,3,0
2008-11-03,2008,9,Washington Redskins,WAS,6,Pittsburgh Steelers,PIT,23,WAS,-2.5,37,29,0,6,23,-17,PIT,0,Away,23,6,17,-2.5,1
2008-11-09,2008,10,Pittsburgh Steelers,PIT,20,Indianapolis Colts,IND,24,PIT,-3.5,39,44,0,20,24,-4,PIT,1,Home,20,24,-4,3.5,0
2008-11-16,2008,11,Pittsburgh Steelers,PIT,11,San Diego Chargers,LAC,10,PIT,-4.5,40.5,21,0,11,10,1,PIT,1,Home,11,10,1,4.5,0
2008-11-20,2008,12,Pittsburgh Steelers,PIT,27,Cincinnati Bengals,CIN,10,PIT,-11.5,34.5,37,0,27,10,17,PIT,1,Home,27,10,17,11.5,1
2008-11-30,2008,13,New England Patriots,NE,10,Pittsburgh Steelers,PIT,33,NE,-2.5,40,43,0,10,33,-23,PIT,0,Away,33,10,23,-2.5,1
2008-12-07,2008,14,Pittsburgh Steelers,PIT,20,Dallas Cowboys,DAL,13,PIT,-4,38.5,33,0,20,13,7,PIT,1,Home,20,13,7,4,1
2008-12-14,2008,15,Baltimore Ravens,BAL,9,Pittsburgh Steelers,PIT,13,BAL,-3,34,22,0,9,13,-4,PIT,0,Away,13,9,4,-3,1
2008-12-21,2008,16,Tennessee Titans,TEN,31,Pittsburgh Steelers,PIT,14,PIT,-3,34,45,0,14,31,-17,PIT,1,Away,14,31,-17,3,0
2008-12-28,2008,17,Pittsburgh Steelers,PIT,31,Cleveland Browns,CLE,0,PIT,-11.5,33,31,0,31,0,31,PIT,1,Home,31,0,31,11.5,1
2009-09-10,2009,1,Pittsburgh Steelers,PIT,13,Tennessee Titans,TEN,10,PIT,-6.5,35,23,0,13,10,3,PIT,1,Home,13,10,3,6.5,0
2009-09-20,2009,2,Chicago Bears,CHI,17,Pittsburgh Steelers,PIT,14,PIT,-3,38.5,31,0,14,17,-3,PIT,1,Away,14,17,-3,3,0
2009-09-27,2009,3,Cincinnati Bengals,CIN,23,Pittsburgh Steelers,PIT,20,PIT,-3.5,37,43,0,20,23,-3,PIT,1,Away,20,23,-3,3.5,0
2009-10-04,2009,4,Pittsburgh Steelers,PIT,38,San Diego Chargers,LAC,28,PIT,-5.5,43.5,66,0,38,28,10,PIT,1,Home,38,28,10,5.5,1
2009-10-11,2009,5,Detroit Lions,DET,20,Pittsburgh Steelers,PIT,28,PIT,-11,44,48,0,28,20,8,PIT,1,Away,28,20,8,11,0
2009-10-18,2009,6,Pittsburgh Steelers,PIT,27,Cleveland Browns,CLE,14,PIT,-14,38,41,0,27,14,13,PIT,1,Home,27,14,13,14,0
2009-10-25,2009,7,Pittsburgh Steelers,PIT,27,Minnesota Vikings,MIN,17,PIT,-6,46.5,44,0,27,17,10,PIT,1,Home,27,17,10,6,1
2009-11-09,2009,9,Denver Broncos,DEN,10,Pittsburgh Steelers,PIT,28,PIT,-3,41.5,38,0,28,10,18,PIT,1,Away,28,10,18,3,1
2009-11-15,2009,10,Pittsburgh Steelers,PIT,12,Cincinnati Bengals,CIN,18,PIT,-6.5,41.5,30,0,12,18,-6,PIT,1,Home,12,18,-6,6.5,0
2009-11-22,2009,11,Kansas City Chiefs,KC,27,Pittsburgh Steelers,PIT,24,PIT,-11.5,39.5,51,0,24,27,-3,PIT,1,Away,24,27,-3,11.5,0
2009-11-29,2009,12,Baltimore Ravens,BAL,20,Pittsburgh Steelers,PIT,17,BAL,-8,34,37,0,20,17,3,PIT,0,Away,17,20,-3,-8,1
2009-12-06,2009,13,Pittsburgh Steelers,PIT,24,Oakland Raiders,OAK,27,PIT,-15,37,51,0,24,27,-3,PIT,1,Home,24,27,-3,15,0
2009-12-10,2009,14,Cleveland Browns,CLE,13,Pittsburgh Steelers,PIT,6,PIT,-10,34.5,19,0,6,13,-7,PIT,1,Away,6,13,-7,10,0
2009-12-20,2009,15,Pittsburgh Steelers,PIT,37,Green Bay Packers,GB,36,PIT,-2.5,41,73,0,37,36,1,PIT,1,Home,37,36,1,2.5,0
2009-12-27,2009,16,Pittsburgh Steelers,PIT,23,Baltimore Ravens,BAL,20,PIT,-3,43,43,0,23,20,3,PIT,1,Home,23,20,3,3,0
2010-01-03,2009,17,Miami Dolphins,MIA,24,Pittsburgh Steelers,PIT,30,PIT,-3,46,54,0,30,24,6,PIT,1,Away,30,24,6,3,1
2010-09-12,2010,1,Pittsburgh Steelers,PIT,15,Atlanta Falcons,ATL,9,ATL,-1.5,39.5,24,0,9,15,-6,PIT,0,Home,15,9,6,-1.5,1
2010-09-19,2010,2,Tennessee Titans,TEN,11,Pittsburgh Steelers,PIT,19,TEN,-6,37,30,0,11,19,-8,PIT,0,Away,19,11,8,-6,1
2010-09-26,2010,3,Tampa Bay Buccaneers,TB,13,Pittsburgh Steelers,PIT,38,PIT,-3,33,51,0,38,13,25,PIT,1,Away,38,13,25,3,1
2010-10-03,2010,4,Pittsburgh Steelers,PIT,14,Baltimore Ravens,BAL,17,PIT,-2.5,34.5,31,0,14,17,-3,PIT,1,Home,14,17,-3,2.5,0
2010-10-17,2010,6,Pittsburgh Steelers,PIT,28,Cleveland Browns,CLE,10,PIT,-14,37.5,38,0,28,10,18,PIT,1,Home,28,10,18,14,1
2010-10-24,2010,7,Miami Dolphins,MIA,22,Pittsburgh Steelers,PIT,23,PIT,-3,40.5,45,0,23,22,1,PIT,1,Away,23,22,1,3,0
2010-10-31,2010,8,New Orleans Saints,NO,20,Pittsburgh Steelers,PIT,10,NO,-1,45.5,30,0,20,10,10,PIT,0,Away,10,20,-10,-1,0
2010-11-08,2010,9,Cincinnati Bengals,CIN,21,Pittsburgh Steelers,PIT,27,PIT,-5.5,41.5,48,0,27,21,6,PIT,1,Away,27,21,6,5.5,1
2010-11-14,2010,10,Pittsburgh Steelers,PIT,26,New England Patriots,NE,39,PIT,-4.5,45,65,0,26,39,-13,PIT,1,Home,26,39,-13,4.5,0
2010-11-21,2010,11,Pittsburgh Steelers,PIT,35,Oakland Raiders,OAK,3,PIT,-7,41,38,0,35,3,32,PIT,1,Home,35,3,32,7,1
2010-11-28,2010,12,Buffalo Bills,BUF,16,Pittsburgh Steelers,PIT,19,PIT,-7,44,35,0,19,16,3,PIT,1,Away,19,16,3,7,0
2010-12-05,2010,13,Baltimore Ravens,BAL,10,Pittsburgh Steelers,PIT,13,BAL,-3,39,23,0,10,13,-3,PIT,0,Away,13,10,3,-3,1
2010-12-12,2010,14,Pittsburgh Steelers,PIT,23,Cincinnati Bengals,CIN,7,PIT,-8,39.5,30,0,23,7,16,PIT,1,Home,23,7,16,8,1
2010-12-19,2010,15,Pittsburgh Steelers,PIT,17,New York Jets,NYJ,22,PIT,-4,35.5,39,0,17,22,-5,PIT,1,Home,17,22,-5,4,0
2010-12-23,2010,16,Pittsburgh Steelers,PIT,27,Carolina Panthers,CAR,3,PIT,-14.5,38,30,0,27,3,24,PIT,1,Home,27,3,24,14.5,1
2011-01-02,2010,17,Cleveland Browns,CLE,9,Pittsburgh Steelers,PIT,41,PIT,-6.5,38,50,0,41,9,32,PIT,1,Away,41,9,32,6.5,1
2011-09-11,2011,1,Baltimore Ravens,BAL,35,Pittsburgh Steelers,PIT,7,BAL,-1.5,37,42,0,35,7,28,PIT,0,Away,7,35,-28,-1.5,0
2011-09-18,2011,2,Pittsburgh Steelers,PIT,24,Seattle Seahawks,SEA,0,PIT,-14,40,24,0,24,0,24,PIT,1,Home,24,0,24,14,1
2011-09-25,2011,3,Indianapolis Colts,IND,20,Pittsburgh Steelers,PIT,23,PIT,-11,39.5,43,0,23,20,3,PIT,1,Away,23,20,3,11,0
2011-10-02,2011,4,Houston Texans,HOU,17,Pittsburgh Steelers,PIT,10,HOU,-4,46.5,27,0,17,10,7,PIT,0,Away,10,17,-7,-4,0
2011-10-09,2011,5,Pittsburgh Steelers,PIT,38,Tennessee Titans,TEN,17,PIT,-3,40,55,0,38,17,21,PIT,1,Home,38,17,21,3,1
2011-10-16,2011,6,Pittsburgh Steelers,PIT,17,Jacksonville Jaguars,JAX,13,PIT,-12.5,40,30,0,17,13,4,PIT,1,Home,17,13,4,12.5,0
2011-10-23,2011,7,Arizona Cardinals,ARI,20,Pittsburgh Steelers,PIT,32,PIT,-4.5,46.5,52,0,32,20,12,PIT,1,Away,32,20,12,4.5,1
2011-10-30,2011,8,Pittsburgh Steelers,PIT,25,New England Patriots,NE,17,NE,-3,52,42,0,17,25,-8,PIT,0,Home,25,17,8,-3,1
2011-11-06,2011,9,Pittsburgh Steelers,PIT,20,Baltimore Ravens,BAL,23,PIT,-3.5,42,43,0,20,23,-3,PIT,1,Home,20,23,-3,3.5,0
2011-11-13,2011,10,Cincinnati Bengals,CIN,17,Pittsburgh Steelers,PIT,24,PIT,-4,40.5,41,0,24,17,7,PIT,1,Away,24,17,7,4,1
2011-11-27,2011,12,Kansas City Chiefs,KC,9,Pittsburgh Steelers,PIT,13,PIT,-10.5,40.5,22,0,13,9,4,PIT,1,Away,13,9,4,10.5,0
2011-12-04,2011,13,Pittsburgh Steelers,PIT,35,Cincinnati Bengals,CIN,7,PIT,-7,43,42,0,35,7,28,PIT,1,Home,35,7,28,7,1
2011-12-08,2011,14,Pittsburgh Steelers,PIT,14,Cleveland Browns,CLE,3,PIT,-14,40,17,0,14,3,11,PIT,1,Home,14,3,11,14,0
2011-12-19,2011,15,San Francisco 49ers,SF,20,Pittsburgh Steelers,PIT,3,SF,-3,37,23,0,20,3,17,PIT,0,Away,3,20,-17,-3,0
2011-12-24,2011,16,Pittsburgh Steelers,PIT,27,St. Louis Rams,LAR,0,PIT,-10,34,27,0,27,0,27,PIT,1,Home,27,0,27,10,1
2012-01-01,2011,17,Cleveland Browns,CLE,9,Pittsburgh Steelers,PIT,13,PIT,-7,33,22,0,13,9,4,PIT,1,Away,13,9,4,7,0
2012-09-09,2012,1,Denver Broncos,DEN,31,Pittsburgh Steelers,PIT,19,DEN,-2,45.5,50,0,31,19,12,PIT,0,Away,19,31,-12,-2,0
2012-09-16,2012,2,Pittsburgh Steelers,PIT,27,New York Jets,NYJ,10,PIT,-4.5,43,37,0,27,10,17,PIT,1,Home,27,10,17,4.5,1
2012-09-23,2012,3,Oakland Raiders,OAK,34,Pittsburgh Steelers,PIT,31,PIT,-4,45,65,0,31,34,-3,PIT,1,Away,31,34,-3,4,0
2012-10-07,2012,5,Pittsburgh Steelers,PIT,16,Philadelphia Eagles,PHI,14,PIT,-4,44,30,0,16,14,2,PIT,1,Home,16,14,2,4,0
2012-10-11,2012,6,Tennessee Titans,TEN,26,Pittsburgh Steelers,PIT,23,PIT,-6.5,43,49,0,23,26,-3,PIT,1,Away,23,26,-3,6.5,0
2012-10-21,2012,7,Cincinnati Bengals,CIN,17,Pittsburgh Steelers,PIT,24,CIN,-1,45.5,41,0,17,24,-7,PIT,0,Away,24,17,7,-1,1
2012-10-28,2012,8,Pittsburgh Steelers,PIT,27,Washington Redskins,WAS,12,PIT,-4.5,44,39,0,27,12,15,PIT,1,Home,27,12,15,4.5,1
2012-11-04,2012,9,New York Giants,NYG,20,Pittsburgh Steelers,PIT,24,NYG,-3.5,47.5,44,0,20,24,-4,PIT,0,Away,24,20,4,-3.5,1
2012-11-12,2012,10,Pittsburgh Steelers,PIT,16,Kansas City Chiefs,KC,13,PIT,-13,40,29,0,16,13,3,PIT,1,Home,16,13,3,13,0
2012-11-18,2012,11,Pittsburgh Steelers,PIT,10,Baltimore Ravens,BAL,13,BAL,-3,40.5,23,0,13,10,3,PIT,0,Home,10,13,-3,-3,0
2012-11-25,2012,12,Cleveland Browns,CLE,20,Pittsburgh Steelers,PIT,14,PIT,-2,33.5,34,0,14,20,-6,PIT,1,Away,14,20,-6,2,0
2012-12-02,2012,13,Baltimore Ravens,BAL,20,Pittsburgh Steelers,PIT,23,BAL,-7.5,36.5,43,0,20,23,-3,PIT,0,Away,23,20,3,-7.5,1
2012-12-09,2012,14,Pittsburgh Steelers,PIT,24,San Diego Chargers,LAC,34,PIT,-7.5,38,58,0,24,34,-10,PIT,1,Home,24,34,-10,7.5,0
2012-12-16,2012,15,Dallas Cowboys,DAL,27,Pittsburgh Steelers,PIT,24,PIT,-2.5,46,51,0,24,27,-3,PIT,1,Away,24,27,-3,2.5,0
2012-12-23,2012,16,Pittsburgh Steelers,PIT,10,Cincinnati Bengals,CIN,13,PIT,-3.5,40,23,0,10,13,-3,PIT,1,Home,10,13,-3,3.5,0
2012-12-30,2012,17,Pittsburgh Steelers,PIT,24,Cleveland Browns,CLE,10,PIT,-9.5,36,34,0,24,10,14,PIT,1,Home,24,10,14,9.5,1
2013-09-08,2013,1,Pittsburgh Steelers,PIT,9,Tennessee Titans,TEN,16,PIT,-6,42,25,0,9,16,-7,PIT,1,Home,9,16,-7,6,0
2013-09-16,2013,2,Cincinnati Bengals,CIN,20,Pittsburgh Steelers,PIT,10,CIN,-6.5,41,30,0,20,10,10,PIT,0,Away,10,20,-10,-6.5,0
2013-09-22,2013,3,Pittsburgh Steelers,PIT,23,Chicago Bears,CHI,40,CHI,-2.5,41,63,0,40,23,17,PIT,0,Home,23,40,-17,-2.5,0
2013-10-13,2013,6,New York Jets,NYJ,6,Pittsburgh Steelers,PIT,19,PIT,-1.5,41,25,0,19,6,13,PIT,1,Away,19,6,13,1.5,1
2013-10-20,2013,7,Pittsburgh Steelers,PIT,19,Baltimore Ravens,BAL,16,PIT,-2.5,41,35,0,19,16,3,PIT,1,Home,19,16,3,2.5,1
2013-10-27,2013,8,Oakland Raiders,OAK,21,Pittsburgh Steelers,PIT,18,PIT,-2.5,40.5,39,0,18,21,-3,PIT,1,Away,18,21,-3,2.5,0
2013-11-03,2013,9,New England Patriots,NE,55,Pittsburgh Steelers,PIT,31,NE,-5.5,43,86,0,55,31,24,PIT,0,Away,31,55,-24,-5.5,0
2013-11-10,2013,10,Pittsburgh Steelers,PIT,23,Buffalo Bills,BUF,10,PIT,-2.5,43,33,0,23,10,13,PIT,1,Home,23,10,13,2.5,1
2013-11-17,2013,11,Pittsburgh Steelers,PIT,37,Detroit Lions,DET,27,DET,-3,45,64,0,27,37,-10,PIT,0,Home,37,27,10,-3,1
2013-11-24,2013,12,Cleveland Browns,CLE,11,Pittsburgh Steelers,PIT,27,CLE,-2,39,38,0,11,27,-16,PIT,0,Away,27,11,16,-2,1
2013-11-28,2013,13,Baltimore Ravens,BAL,22,Pittsburgh Steelers,PIT,20,BAL,-3,40.5,42,0,22,20,2,PIT,0,Away,20,22,-2,-3,1
2013-12-08,2013,14,Pittsburgh Steelers,PIT,28,Miami Dolphins,MIA,34,PIT,-3,41,62,0,28,34,-6,PIT,1,Home,28,34,-6,3,0
2013-12-15,2013,15,Pittsburgh Steelers,PIT,30,Cincinnati Bengals,CIN,20,CIN,-1.5,43,50,0,20,30,-10,PIT,0,Home,30,20,10,-1.5,1
2013-12-22,2013,16,Green Bay Packers,GB,31,Pittsburgh Steelers,PIT,38,GB,-2,44.5,69,0,31,38,-7,PIT,0,Away,38,31,7,-2,1
2013-12-29,2013,17,Pittsburgh Steelers,PIT,20,Cleveland Browns,CLE,7,PIT,-9.5,44.5,27,0,20,7,13,PIT,1,Home,20,7,13,9.5,1
2014-09-07,2014,1,Pittsburgh Steelers,PIT,30,Cleveland Browns,CLE,27,PIT,-5.5,41,57,0,30,27,3,PIT,1,Home,30,27,3,5.5,0
2014-09-11,2014,2,Baltimore Ravens,BAL,26,Pittsburgh Steelers,PIT,6,BAL,-2.5,44.5,32,0,26,6,20,PIT,0,Away,6,26,-20,-2.5,0
2014-09-21,2014,3,Carolina Panthers,CAR,19,Pittsburgh Steelers,PIT,37,CAR,-3,42.5,56,0,19,37,-18,PIT,0,Away,37,19,18,-3,1
2014-09-28,2014,4,Pittsburgh Steelers,PIT,24,Tampa Bay Buccaneers,TB,27,PIT,-7.5,45,51,0,24,27,-3,PIT,1,Home,24,27,-3,7.5,0
2014-10-05,2014,5,Jacksonville Jaguars,JAX,9,Pittsburgh Steelers,PIT,17,PIT,-6,47.5,26,0,17,9,8,PIT,1,Away,17,9,8,6,1
2014-10-12,2014,6,Cleveland Browns,CLE,31,Pittsburgh Steelers,PIT,10,CLE,-2.5,46.5,41,0,31,10,21,PIT,0,Away,10,31,-21,-2.5,0
2014-10-20,2014,7,Pittsburgh Steelers,PIT,30,Houston Texans,HOU,23,PIT,-3,44.5,53,0,30,23,7,PIT,1,Home,30,23,7,3,1
2014-10-26,2014,8,Pittsburgh Steelers,PIT,51,Indianapolis Colts,IND,34,IND,-5,48.5,85,0,34,51,-17,PIT,0,Home,51,34,17,-5,1
2014-11-02,2014,9,Pittsburgh Steelers,PIT,43,Baltimore Ravens,BAL,23,PIT,-2.5,48,66,0,43,23,20,PIT,1,Home,43,23,20,2.5,1
2014-11-09,2014,10,New York Jets,NYJ,20,Pittsburgh Steelers,PIT,13,PIT,-4.5,47,33,0,13,20,-7,PIT,1,Away,13,20,-7,4.5,0
2014-11-17,2014,11,Tennessee Titans,TEN,24,Pittsburgh Steelers,PIT,27,PIT,-7,46,51,0,27,24,3,PIT,1,Away,27,24,3,7,0
2014-11-30,2014,13,Pittsburgh Steelers,PIT,32,New Orleans Saints,NO,35,PIT,-3.5,54.5,67,0,32,35,-3,PIT,1,Home,32,35,-3,3.5,0
2014-12-07,2014,14,Cincinnati Bengals,CIN,21,Pittsburgh Steelers,PIT,42,CIN,-3,47.5,63,0,21,42,-21,PIT,0,Away,42,21,21,-3,1
2014-12-14,2014,15,Atlanta Falcons,ATL,20,Pittsburgh Steelers,PIT,27,PIT,-3,55.5,47,0,27,20,7,PIT,1,Away,27,20,7,3,1
2014-12-21,2014,16,Pittsburgh Steelers,PIT,20,Kansas City Chiefs,KC,12,PIT,-2.5,49.5,32,0,20,12,8,PIT,1,Home,20,12,8,2.5,1
2014-12-28,2014,17,Pittsburgh Steelers,PIT,27,Cincinnati Bengals,CIN,17,PIT,-3,48.5,44,0,27,17,10,PIT,1,Home,27,17,10,3,1
2015-09-10,2015,1,New England Patriots,NE,28,Pittsburgh Steelers,PIT,21,NE,-7,51,49,0,28,21,7,PIT,0,Away,21,28,-7,-7,0
2015-09-20,2015,2,Pittsburgh Steelers,PIT,43,San Francisco 49ers,SF,18,PIT,-6,46,61,0,43,18,25,PIT,1,Home,43,18,25,6,1
2015-09-27,2015,3,St. Louis Rams,LAR,6,Pittsburgh Steelers,PIT,12,LAR,-1,48.5,18,0,6,12,-6,PIT,0,Away,12,6,6,-1,1
2015-10-01,2015,4,Pittsburgh Steelers,PIT,20,Baltimore Ravens,BAL,23,BAL,-3,44,43,0,23,20,3,PIT,0,Home,20,23,-3,-3,0
2015-10-12,2015,5,San Diego Chargers,LAC,20,Pittsburgh Steelers,PIT,24,LAC,-4,45.5,44,0,20,24,-4,PIT,0,Away,24,20,4,-4,1
2015-10-18,2015,6,Pittsburgh Steelers,PIT,25,Arizona Cardinals,ARI,13,ARI,-5.5,45,38,0,13,25,-12,PIT,0,Home,25,13,12,-5.5,1
2015-10-25,2015,7,Kansas City Chiefs,KC,23,Pittsburgh Steelers,PIT,13,KC,-3.5,41.5,36,0,23,13,10,PIT,0,Away,13,23,-10,-3.5,0
2015-11-01,2015,8,Pittsburgh Steelers,PIT,10,Cincinnati Bengals,CIN,16,PICK,0,49.5,26,0,16,10,6,PIT,0,Home,10,16,-6,0,0
2015-11-08,2015,9,Pittsburgh Steelers,PIT,38,Oakland Raiders,OAK,35,PIT,-6,48,73,0,38,35,3,PIT,1,Home,38,35,3,6,0
2015-11-15,2015,10,Pittsburgh Steelers,PIT,30,Cleveland Browns,CLE,9,PIT,-7,43,39,0,30,9,21,PIT,1,Home,30,9,21,7,1
2015-11-29,2015,12,Seattle Seahawks,SEA,39,Pittsburgh Steelers,PIT,30,SEA,-3,46.5,69,0,39,30,9,PIT,0,Away,30,39,-9,-3,0
2015-12-06,2015,13,Pittsburgh Steelers,PIT,45,Indianapolis Colts,IND,10,PIT,-9.5,50.5,55,0,45,10,35,PIT,1,Home,45,10,35,9.5,1
2015-12-13,2015,14,Cincinnati Bengals,CIN,20,Pittsburgh Steelers,PIT,33,CIN,-1,48.5,53,0,20,33,-13,PIT,0,Away,33,20,13,-1,1
2015-12-20,2015,15,Pittsburgh Steelers,PIT,34,Denver Broncos,DEN,27,PIT,-7.5,45.5,61,0,34,27,7,PIT,1,Home,34,27,7,7.5,0
2015-12-27,2015,16,Baltimore Ravens,BAL,20,Pittsburgh Steelers,PIT,17,PIT,-11.5,47.5,37,0,17,20,-3,PIT,1,Away,17,20,-3,11.5,0
2016-01-03,2015,17,Cleveland Browns,CLE,12,Pittsburgh Steelers,PIT,28,PIT,-13,47,40,0,28,12,16,PIT,1,Away,28,12,16,13,1
2016-09-12,2016,1,Washington Redskins,WAS,16,Pittsburgh Steelers,PIT,38,PIT,-2.5,49,54,0,38,16,22,PIT,1,Away,38,16,22,2.5,1
2016-09-18,2016,2,Pittsburgh Steelers,PIT,24,Cincinnati Bengals,CIN,16,PIT,-3,48,40,0,24,16,8,PIT,1,Home,24,16,8,3,1
2016-09-25,2016,3,Philadelphia Eagles,PHI,34,Pittsburgh Steelers,PIT,3,PIT,-4,46.5,37,0,3,34,-31,PIT,1,Away,3,34,-31,4,0
2016-10-02,2016,4,Pittsburgh Steelers,PIT,43,Kansas City Chiefs,KC,14,PIT,-3.5,48.5,57,0,43,14,29,PIT,1,Home,43,14,29,3.5,1
2016-10-09,2016,5,Pittsburgh Steelers,PIT,31,New York Jets,NYJ,13,PIT,-10,50,44,0,31,13,18,PIT,1,Home,31,13,18,10,1
2016-10-16,2016,6,Miami Dolphins,MIA,30,Pittsburgh Steelers,PIT,15,PIT,-7.5,49.5,45,0,15,30,-15,PIT,1,Away,15,30,-15,7.5,0
2016-10-23,2016,7,Pittsburgh Steelers,PIT,16,New England Patriots,NE,27,NE,-7.5,49,43,0,27,16,11,PIT,0,Home,16,27,-11,-7.5,0
2016-11-06,2016,9,Baltimore Ravens,BAL,21,Pittsburgh Steelers,PIT,14,PIT,-3.5,46,35,0,14,21,-7,PIT,1,Away,14,21,-7,3.5,0
2016-11-13,2016,10,Pittsburgh Steelers,PIT,30,Dallas Cowboys,DAL,35,PIT,-3,51,65,0,30,35,-5,PIT,1,Home,30,35,-5,3,0
2016-11-20,2016,11,Cleveland Browns,CLE,9,Pittsburgh Steelers,PIT,24,PIT,-8.5,45.5,33,0,24,9,15,PIT,1,Away,24,9,15,8.5,1
2016-11-24,2016,12,Indianapolis Colts,IND,7,Pittsburgh Steelers,PIT,28,PIT,-8.5,49.5,35,0,28,7,21,PIT,1,Away,28,7,21,8.5,1
2016-12-04,2016,13,Pittsburgh Steelers,PIT,24,New York Giants,NYG,14,PIT,-6.5,49.5,38,0,24,14,10,PIT,1,Home,24,14,10,6.5,1
2016-12-11,2016,14,Buffalo Bills,BUF,20,Pittsburgh Steelers,PIT,27,PIT,-2,45.5,47,0,27,20,7,PIT,1,Away,27,20,7,2,1
2016-12-18,2016,15,Cincinnati Bengals,CIN,20,Pittsburgh Steelers,PIT,24,PIT,-3,45.5,44,0,24,20,4,PIT,1,Away,24,20,4,3,1
2016-12-25,2016,16,Pittsburgh Steelers,PIT,31,Baltimore Ravens,BAL,27,PIT,-5.5,46.5,58,0,31,27,4,PIT,1,Home,31,27,4,5.5,0
2017-01-01,2016,17,Pittsburgh Steelers,PIT,27,Cleveland Browns,CLE,24,PIT,-3,41.5,51,0,27,24,3,PIT,1,Home,27,24,3,3,0
2017-09-10,2017,1,Cleveland Browns,CLE,18,Pittsburgh Steelers,PIT,21,PIT,-9,47,39,0,21,18,3,PIT,1,Away,21,18,3,9,0
2017-09-17,2017,2,Pittsburgh Steelers,PIT,26,Minnesota Vikings,MIN,9,PIT,-6,45.5,35,0,26,9,17,PIT,1,Home,26,9,17,6,1
2017-09-24,2017,3,Chicago Bears,CHI,23,Pittsburgh Steelers,PIT,17,PIT,-7,43.5,40,0,17,23,-6,PIT,1,Away,17,23,-6,7,0
2017-10-01,2017,4,Baltimore Ravens,BAL,9,Pittsburgh Steelers,PIT,26,PIT,-3,42,35,0,26,9,17,PIT,1,Away,26,9,17,3,1
2017-10-08,2017,5,Pittsburgh Steelers,PIT,9,Jacksonville Jaguars,JAX,30,PIT,-8.5,43.5,39,0,9,30,-21,PIT,1,Home,9,30,-21,8.5,0
2017-10-15,2017,6,Kansas City Chiefs,KC,13,Pittsburgh Steelers,PIT,19,KC,-3.5,47,32,0,13,19,-6,PIT,0,Away,19,13,6,-3.5,1
2017-10-22,2017,7,Pittsburgh Steelers,PIT,29,Cincinnati Bengals,CIN,14,PIT,-4,40,43,0,29,14,15,PIT,1,Home,29,14,15,4,1
2017-10-29,2017,8,Detroit Lions,DET,15,Pittsburgh Steelers,PIT,20,PIT,-3,45.5,35,0,20,15,5,PIT,1,Away,20,15,5,3,1
2017-11-12,2017,10,Indianapolis Colts,IND,17,Pittsburgh Steelers,PIT,20,PIT,-10.5,47,37,0,20,17,3,PIT,1,Away,20,17,3,10.5,0
2017-11-16,2017,11,Pittsburgh Steelers,PIT,40,Tennessee Titans,TEN,17,PIT,-7,44.5,57,0,40,17,23,PIT,1,Home,40,17,23,7,1
2017-11-26,2017,12,Pittsburgh Steelers,PIT,31,Green Bay Packers,GB,28,PIT,-14,41.5,59,0,31,28,3,PIT,1,Home,31,28,3,14,0
2017-12-04,2017,13,Cincinnati Bengals,CIN,20,Pittsburgh Steelers,PIT,23,PIT,-4.5,43.5,43,0,23,20,3,PIT,1,Away,23,20,3,4.5,0
2017-12-10,2017,14,Pittsburgh Steelers,PIT,39,Baltimore Ravens,BAL,38,PIT,-6,43,77,0,39,38,1,PIT,1,Home,39,38,1,6,0
2017-12-17,2017,15,Pittsburgh Steelers,PIT,24,New England Patriots,NE,27,NE,-2.5,52.5,51,0,27,24,3,PIT,0,Home,24,27,-3,-2.5,0
2017-12-25,2017,16,Houston Texans,HOU,6,Pittsburgh Steelers,PIT,34,PIT,-8,45.5,40,0,34,6,28,PIT,1,Away,34,6,28,8,1
2017-12-31,2017,17,Pittsburgh Steelers,PIT,28,Cleveland Browns,CLE,24,PIT,-5,38.5,52,0,28,24,4,PIT,1,Home,28,24,4,5,0
2018-09-09,2018,1,Cleveland Browns,CLE,21,Pittsburgh Steelers,PIT,21,PIT,-3.5,41,42,0,21,21,0,PIT,1,Away,21,21,0,3.5,0
2018-09-16,2018,2,Pittsburgh Steelers,PIT,37,Kansas City Chiefs,KC,42,PIT,-4.5,52,79,0,37,42,-5,PIT,1,Home,37,42,-5,4.5,0
2018-09-24,2018,3,Tampa Bay Buccaneers,TB,27,Pittsburgh Steelers,PIT,30,PIT,-1,55,57,0,30,27,3,PIT,1,Away,30,27,3,1,1
2018-09-30,2018,4,Pittsburgh Steelers,PIT,14,Baltimore Ravens,BAL,26,PIT,-3,51,40,0,14,26,-12,PIT,1,Home,14,26,-12,3,0
2018-10-07,2018,5,Pittsburgh Steelers,PIT,41,Atlanta Falcons,ATL,17,PIT,-3.5,57,58,0,41,17,24,PIT,1,Home,41,17,24,3.5,1
2018-10-14,2018,6,Cincinnati Bengals,CIN,21,Pittsburgh Steelers,PIT,28,CIN,-1.5,49.5,49,0,21,28,-7,PIT,0,Away,28,21,7,-1.5,1
2018-10-28,2018,8,Pittsburgh Steelers,PIT,33,Cleveland Browns,CLE,18,PIT,-8.5,47.5,51,0,33,18,15,PIT,1,Home,33,18,15,8.5,1
2018-11-04,2018,9,Baltimore Ravens,BAL,16,Pittsburgh Steelers,PIT,23,BAL,-1.5,46.5,39,0,16,23,-7,PIT,0,Away,23,16,7,-1.5,1
2018-11-08,2018,10,Pittsburgh Steelers,PIT,52,Carolina Panthers,CAR,21,PIT,-3.5,51,73,0,52,21,31,PIT,1,Home,52,21,31,3.5,1
2018-11-18,2018,11,Jacksonville Jaguars,JAX,16,Pittsburgh Steelers,PIT,20,PIT,-4,47,36,0,20,16,4,PIT,1,Away,20,16,4,4,0
2018-11-25,2018,12,Denver Broncos,DEN,24,Pittsburgh Steelers,PIT,17,PIT,-3,47.5,41,0,17,24,-7,PIT,1,Away,17,24,-7,3,0
2018-12-02,2018,13,Pittsburgh Steelers,PIT,30,Los Angeles Chargers,LAC,33,PIT,-3,52.5,63,0,30,33,-3,PIT,1,Home,30,33,-3,3,0
2018-12-09,2018,14,Oakland Raiders,OAK,24,Pittsburgh Steelers,PIT,21,PIT,-10.5,51,45,0,21,24,-3,PIT,1,Away,21,24,-3,10.5,0
2018-12-16,2018,15,Pittsburgh Steelers,PIT,17,New England Patriots,NE,10,NE,-2.5,56,27,0,10,17,-7,PIT,0,Home,17,10,7,-2.5,1
2018-12-23,2018,16,New Orleans Saints,NO,31,Pittsburgh Steelers,PIT,28,NO,-6.5,53,59,0,31,28,3,PIT,0,Away,28,31,-3,-6.5,1
2018-12-30,2018,17,Pittsburgh Steelers,PIT,16,Cincinnati Bengals,CIN,13,PIT,-14,45,29,0,16,13,3,PIT,1,Home,16,13,3,14,0
2019-09-08,2019,1,New England Patriots,NE,33,Pittsburgh Steelers,PIT,3,NE,-5.5,49,36,0,33,3,30,PIT,0,Away,3,33,-30,-5.5,0
2019-09-15,2019,2,Pittsburgh Steelers,PIT,26,Seattle Seahawks,SEA,28,PIT,-4,47,54,0,26,28,-2,PIT,1,Home,26,28,-2,4,0
2019-09-22,2019,3,San Francisco 49ers,SF,24,Pittsburgh Steelers,PIT,20,SF,-6,44.5,44,0,24,20,4,PIT,0,Away,20,24,-4,-6,1
2019-09-30,2019,4,Pittsburgh Steelers,PIT,27,Cincinnati Bengals,CIN,3,PIT,-3.5,45,30,0,27,3,24,PIT,1,Home,27,3,24,3.5,1
2019-10-06,2019,5,Pittsburgh Steelers,PIT,23,Baltimore Ravens,BAL,26,BAL,-3,44,49,0,26,23,3,PIT,0,Home,23,26,-3,-3,0
2019-10-13,2019,6,Los Angeles Chargers,LAC,17,Pittsburgh Steelers,PIT,24,LAC,-6,42.5,41,0,17,24,-7,PIT,0,Away,24,17,7,-6,1
2019-10-28,2019,8,Pittsburgh Steelers,PIT,27,Miami Dolphins,MIA,14,PIT,-14,44,41,0,27,14,13,PIT,1,Home,27,14,13,14,0
2019-11-03,2019,9,Pittsburgh Steelers,PIT,26,Indianapolis Colts,IND,24,PIT,-1,40,50,0,26,24,2,PIT,1,Home,26,24,2,1,1
2019-11-10,2019,10,Pittsburgh Steelers,PIT,17,Los Angeles Rams,LAR,12,LAR,-4.5,43.5,29,0,12,17,-5,PIT,0,Home,17,12,5,-4.5,1
2019-11-14,2019,11,Cleveland Browns,CLE,21,Pittsburgh Steelers,PIT,7,CLE,-3,41.5,28,0,21,7,14,PIT,0,Away,7,21,-14,-3,0
2019-11-24,2019,12,Cincinnati Bengals,CIN,10,Pittsburgh Steelers,PIT,16,PIT,-6.5,37,26,0,16,10,6,PIT,1,Away,16,10,6,6.5,0
2019-12-01,2019,13,Pittsburgh Steelers,PIT,20,Cleveland Browns,CLE,13,CLE,-1,40,33,0,13,20,-7,PIT,0,Home,20,13,7,-1,1
2019-12-08,2019,14,Arizona Cardinals,ARI,17,Pittsburgh Steelers,PIT,23,PIT,-2.5,43.5,40,0,23,17,6,PIT,1,Away,23,17,6,2.5,1
2019-12-15,2019,15,Pittsburgh Steelers,PIT,10,Buffalo Bills,BUF,17,PIT,-1,37,27,0,10,17,-7,PIT,1,Home,10,17,-7,1,0
2019-12-22,2019,16,New York Jets,NYJ,16,Pittsburgh Steelers,PIT,10,PIT,-3,36.5,26,0,10,16,-6,PIT,1,Away,10,16,-6,3,0
2019-12-29,2019,17,Baltimore Ravens,BAL,28,Pittsburgh Steelers,PIT,10,PIT,-1,35,38,0,10,28,-18,PIT,1,Away,10,28,-18,1,0
2000-09-03,2000,1,Washington Redskins,WAS,20,Carolina Panthers,CAR,17,WAS,-10.5,47.5,37,0,20,17,3,WAS,1,Home,20,17,3,10.5,0
2000-09-10,2000,2,Detroit Lions,DET,15,Washington Redskins,WAS,10,WAS,-5.5,43,25,0,10,15,-5,WAS,1,Away,10,15,-5,5.5,0
2000-09-18,2000,3,Washington Redskins,WAS,21,Dallas Cowboys,DAL,27,WAS,-10.5,44,48,0,21,27,-6,WAS,1,Home,21,27,-6,10.5,0
2000-09-24,2000,4,New York Giants,NYG,6,Washington Redskins,WAS,16,NYG,-1,42,22,0,6,16,-10,WAS,0,Away,16,6,10,-1,1
2000-10-01,2000,5,Washington Redskins,WAS,20,Tampa Bay Buccaneers,TB,17,WAS,-1.5,36,37,0,20,17,3,WAS,1,Home,20,17,3,1.5,1
2000-10-08,2000,6,Philadelphia Eagles,PHI,14,Washington Redskins,WAS,17,WAS,-3.5,37.5,31,0,17,14,3,WAS,1,Away,17,14,3,3.5,0
2000-10-15,2000,7,Washington Redskins,WAS,10,Baltimore Ravens,BAL,3,WAS,-3.5,34.5,13,0,10,3,7,WAS,1,Home,10,3,7,3.5,1
2000-10-22,2000,8,Jacksonville Jaguars,JAX,16,Washington Redskins,WAS,35,WAS,-4,36,51,0,35,16,19,WAS,1,Away,35,16,19,4,1
2000-10-30,2000,9,Washington Redskins,WAS,21,Tennessee Titans,TEN,27,WAS,-4,37.5,48,0,21,27,-6,WAS,1,Home,21,27,-6,4,0
2000-11-05,2000,10,Arizona Cardinals,ARI,16,Washington Redskins,WAS,15,WAS,-10,40,31,0,15,16,-1,WAS,1,Away,15,16,-1,10,0
2000-11-20,2000,12,St. Louis Rams,LAR,20,Washington Redskins,WAS,33,LAR,-5.5,56,53,0,20,33,-13,WAS,0,Away,33,20,13,-5.5,1
2000-11-26,2000,13,Washington Redskins,WAS,20,Philadelphia Eagles,PHI,23,WAS,-7,37,43,0,20,23,-3,WAS,1,Home,20,23,-3,7,0
2000-12-03,2000,14,Washington Redskins,WAS,7,New York Giants,NYG,9,WAS,-6,38,16,0,7,9,-2,WAS,1,Home,7,9,-2,6,0
2000-12-10,2000,15,Dallas Cowboys,DAL,32,Washington Redskins,WAS,13,WAS,-6,39,45,0,13,32,-19,WAS,1,Away,13,32,-19,6,0
2000-12-16,2000,16,Pittsburgh Steelers,PIT,24,Washington Redskins,WAS,3,WAS,-1,37.5,27,0,3,24,-21,WAS,1,Away,3,24,-21,1,0
2000-12-24,2000,17,Washington Redskins,WAS,20,Arizona Cardinals,ARI,3,WAS,-7,38.5,23,0,20,3,17,WAS,1,Home,20,3,17,7,1
2001-09-09,2001,1,San Diego Chargers,LAC,30,Washington Redskins,WAS,3,LAC,-2.5,36.5,33,0,30,3,27,WAS,0,Away,3,30,-27,-2.5,0
2001-09-24,2001,2,Green Bay Packers,GB,37,Washington Redskins,WAS,0,GB,-8.5,41,37,0,37,0,37,WAS,0,Away,0,37,-37,-8.5,0
2001-09-30,2001,3,Washington Redskins,WAS,13,Kansas City Chiefs,KC,45,KC,-3,35.5,58,0,45,13,32,WAS,0,Home,13,45,-32,-3,0
2001-10-07,2001,4,New York Giants,NYG,23,Washington Redskins,WAS,9,NYG,-14,36,32,0,23,9,14,WAS,0,Away,9,23,-14,-14,0
2001-10-15,2001,5,Dallas Cowboys,DAL,9,Washington Redskins,WAS,7,DAL,-3,37,16,0,9,7,2,WAS,0,Away,7,9,-2,-3,1
2001-10-21,2001,6,Washington Redskins,WAS,17,Carolina Panthers,CAR,14,CAR,-3.5,36,31,0,14,17,-3,WAS,0,Home,17,14,3,-3.5,1
2001-10-28,2001,7,Washington Redskins,WAS,35,New York Giants,NYG,21,NYG,-7.5,33.5,56,0,21,35,-14,WAS,0,Home,35,21,14,-7.5,1
2001-11-04,2001,8,Washington Redskins,WAS,27,Seattle Seahawks,SEA,14,SEA,-2.5,37,41,0,14,27,-13,WAS,0,Home,27,14,13,-2.5,1
2001-11-18,2001,10,Denver Broncos,DEN,10,Washington Redskins,WAS,17,DEN,-8.5,43,27,0,10,17,-7,WAS,0,Away,17,10,7,-8.5,1
2001-11-25,2001,11,Philadelphia Eagles,PHI,3,Washington Redskins,WAS,13,PHI,-8,37.5,16,0,3,13,-10,WAS,0,Away,13,3,10,-8,1
2001-12-02,2001,12,Washington Redskins,WAS,14,Dallas Cowboys,DAL,20,WAS,-8.5,35.5,34,0,14,20,-6,WAS,1,Home,14,20,-6,8.5,0
2001-12-09,2001,13,Arizona Cardinals,ARI,10,Washington Redskins,WAS,20,ARI,-2,38.5,30,0,10,20,-10,WAS,0,Away,20,10,10,-2,1
2001-12-16,2001,14,Washington Redskins,WAS,6,Philadelphia Eagles,PHI,20,PHI,-2.5,34.5,26,0,20,6,14,WAS,0,Home,6,20,-14,-2.5,0
2001-12-23,2001,15,Washington Redskins,WAS,15,Chicago Bears,CHI,20,WAS,-1,33,35,0,15,20,-5,WAS,1,Home,15,20,-5,1,0
2001-12-30,2001,16,New Orleans Saints,NO,10,Washington Redskins,WAS,40,NO,-5,39.5,50,0,10,40,-30,WAS,0,Away,40,10,30,-5,1
2002-01-06,2001,17,Washington Redskins,WAS,20,Arizona Cardinals,ARI,17,WAS,-3.5,36.5,37,0,20,17,3,WAS,1,Home,20,17,3,3.5,0
2002-09-08,2002,1,Washington Redskins,WAS,31,Arizona Cardinals,ARI,23,WAS,-6,44.5,54,0,31,23,8,WAS,1,Home,31,23,8,6,1
2002-09-16,2002,2,Washington Redskins,WAS,7,Philadelphia Eagles,PHI,37,PHI,-3,44,44,0,37,7,30,WAS,0,Home,7,37,-30,-3,0
2002-09-22,2002,3,San Francisco 49ers,SF,20,Washington Redskins,WAS,10,SF,-10,44,30,0,20,10,10,WAS,0,Away,10,20,-10,-10,0
2002-10-06,2002,5,Tennessee Titans,TEN,14,Washington Redskins,WAS,31,TEN,-3.5,43.5,45,0,14,31,-17,WAS,0,Away,31,14,17,-3.5,1
2002-10-13,2002,6,Washington Redskins,WAS,27,New Orleans Saints,NO,43,NO,-1.5,45.5,70,0,43,27,16,WAS,0,Home,27,43,-16,-1.5,0
2002-10-20,2002,7,Green Bay Packers,GB,30,Washington Redskins,WAS,9,GB,-7,48,39,0,30,9,21,WAS,0,Away,9,30,-21,-7,0
2002-10-27,2002,8,Washington Redskins,WAS,26,Indianapolis Colts,IND,21,WAS,-1,46,47,0,26,21,5,WAS,1,Home,26,21,5,1,1
2002-11-03,2002,9,Seattle Seahawks,SEA,3,Washington Redskins,WAS,14,SEA,-2,41.5,17,0,3,14,-11,WAS,0,Away,14,3,11,-2,1
2002-11-10,2002,10,Jacksonville Jaguars,JAX,26,Washington Redskins,WAS,7,JAX,-1.5,39.5,33,0,26,7,19,WAS,0,Away,7,26,-19,-1.5,0
2002-11-17,2002,11,New York Giants,NYG,19,Washington Redskins,WAS,17,NYG,-3.5,34.5,36,0,19,17,2,WAS,0,Away,17,19,-2,-3.5,1
2002-11-24,2002,12,Washington Redskins,WAS,20,St. Louis Rams,LAR,17,LAR,-3.5,41,37,0,17,20,-3,WAS,0,Home,20,17,3,-3.5,1
2002-11-28,2002,13,Dallas Cowboys,DAL,27,Washington Redskins,WAS,20,WAS,-1,36.5,47,0,20,27,-7,WAS,1,Away,20,27,-7,1,0
2002-12-08,2002,14,Washington Redskins,WAS,21,New York Giants,NYG,27,WAS,-3,37.5,48,0,21,27,-6,WAS,1,Home,21,27,-6,3,0
2002-12-15,2002,15,Philadelphia Eagles,PHI,34,Washington Redskins,WAS,21,PHI,-7.5,38,55,0,34,21,13,WAS,0,Away,21,34,-13,-7.5,0
2002-12-22,2002,16,Washington Redskins,WAS,26,Houston Texans,HOU,10,WAS,-6.5,36.5,36,0,26,10,16,WAS,1,Home,26,10,16,6.5,1
2002-12-29,2002,17,Washington Redskins,WAS,20,Dallas Cowboys,DAL,14,WAS,-7.5,36.5,34,0,20,14,6,WAS,1,Home,20,14,6,7.5,0
2003-09-04,2003,1,Washington Redskins,WAS,16,New York Jets,NYJ,13,WAS,-3,40,29,0,16,13,3,WAS,1,Home,16,13,3,3,0
2003-09-14,2003,2,Atlanta Falcons,ATL,31,Washington Redskins,WAS,33,ATL,-3,39.5,64,0,31,33,-2,WAS,0,Away,33,31,2,-3,1
2003-09-21,2003,3,Washington Redskins,WAS,21,New York Giants,NYG,24,WAS,-1.5,43.5,45,0,21,24,-3,WAS,1,Home,21,24,-3,1.5,0
2003-09-28,2003,4,Washington Redskins,WAS,20,New England Patriots,NE,17,WAS,-3.5,43,37,0,20,17,3,WAS,1,Home,20,17,3,3.5,0
2003-10-05,2003,5,Philadelphia Eagles,PHI,27,Washington Redskins,WAS,25,PHI,-4.5,40.5,52,0,27,25,2,WAS,0,Away,25,27,-2,-4.5,1
2003-10-12,2003,6,Washington Redskins,WAS,13,Tampa Bay Buccaneers,TB,35,TB,-3.5,37,48,0,35,13,22,WAS,0,Home,13,35,-22,-3.5,0
2003-10-19,2003,7,Buffalo Bills,BUF,24,Washington Redskins,WAS,7,BUF,-3,38,31,0,24,7,17,WAS,0,Away,7,24,-17,-3,0
2003-11-02,2003,9,Dallas Cowboys,DAL,21,Washington Redskins,WAS,14,DAL,-6,38.5,35,0,21,14,7,WAS,0,Away,14,21,-7,-6,0
2003-11-09,2003,10,Washington Redskins,WAS,27,Seattle Seahawks,SEA,20,SEA,-3,41,47,0,20,27,-7,WAS,0,Home,27,20,7,-3,1
2003-11-16,2003,11,Carolina Panthers,CAR,20,Washington Redskins,WAS,17,CAR,-6,37,37,0,20,17,3,WAS,0,Away,17,20,-3,-6,1
2003-11-23,2003,12,Miami Dolphins,MIA,24,Washington Redskins,WAS,23,MIA,-7,35,47,0,24,23,1,WAS,0,Away,23,24,-1,-7,1
2003-11-30,2003,13,Washington Redskins,WAS,20,New Orleans Saints,NO,24,NO,-1,42.5,44,0,24,20,4,WAS,0,Home,20,24,-4,-1,0
2003-12-07,2003,14,New York Giants,NYG,7,Washington Redskins,WAS,20,NYG,-3,36,27,0,7,20,-13,WAS,0,Away,20,7,13,-3,1
2003-12-14,2003,15,Washington Redskins,WAS,0,Dallas Cowboys,DAL,27,DAL,-3,34,27,0,27,0,27,WAS,0,Home,0,27,-27,-3,0
2003-12-21,2003,16,Chicago Bears,CHI,27,Washington Redskins,WAS,24,CHI,-4,35,51,0,27,24,3,WAS,0,Away,24,27,-3,-4,1
2003-12-27,2003,17,Washington Redskins,WAS,7,Philadelphia Eagles,PHI,31,PHI,-9,42,38,0,31,7,24,WAS,0,Home,7,31,-24,-9,0
2004-09-12,2004,1,Washington Redskins,WAS,16,Tampa Bay Buccaneers,TB,10,WAS,-2.5,38.5,26,0,16,10,6,WAS,1,Home,16,10,6,2.5,1
2004-09-19,2004,2,New York Giants,NYG,20,Washington Redskins,WAS,14,WAS,-3,40,34,0,14,20,-6,WAS,1,Away,14,20,-6,3,0
2004-09-27,2004,3,Washington Redskins,WAS,18,Dallas Cowboys,DAL,21,WAS,-1.5,35.5,39,0,18,21,-3,WAS,1,Home,18,21,-3,1.5,0
2004-10-03,2004,4,Cleveland Browns,CLE,17,Washington Redskins,WAS,13,WAS,-2.5,36,30,0,13,17,-4,WAS,1,Away,13,17,-4,2.5,0
2004-10-10,2004,5,Washington Redskins,WAS,10,Baltimore Ravens,BAL,17,PICK,0,34,27,0,17,10,7,WAS,0,Home,10,17,-7,0,0
2004-10-17,2004,6,Chicago Bears,CHI,10,Washington Redskins,WAS,13,CHI,-1.5,33.5,23,0,10,13,-3,WAS,0,Away,13,10,3,-1.5,1
2004-10-31,2004,8,Washington Redskins,WAS,14,Green Bay Packers,GB,28,GB,-1,40.5,42,0,28,14,14,WAS,0,Home,14,28,-14,-1,0
2004-11-07,2004,9,Detroit Lions,DET,10,Washington Redskins,WAS,17,DET,-3.5,37,27,0,10,17,-7,WAS,0,Away,17,10,7,-3.5,1
2004-11-14,2004,10,Washington Redskins,WAS,10,Cincinnati Bengals,CIN,17,WAS,-4,36.5,27,0,10,17,-7,WAS,1,Home,10,17,-7,4,0
2004-11-21,2004,11,Philadelphia Eagles,PHI,28,Washington Redskins,WAS,6,PHI,-10,38.5,34,0,28,6,22,WAS,0,Away,6,28,-22,-10,0
2004-11-28,2004,12,Pittsburgh Steelers,PIT,16,Washington Redskins,WAS,7,PIT,-10,34.5,23,0,16,7,9,WAS,0,Away,7,16,-9,-10,1
2004-12-05,2004,13,Washington Redskins,WAS,31,New York Giants,NYG,7,WAS,-3,33,38,0,31,7,24,WAS,1,Home,31,7,24,3,1
2004-12-12,2004,14,Washington Redskins,WAS,14,Philadelphia Eagles,PHI,17,PHI,-8,38.5,31,0,17,14,3,WAS,0,Home,14,17,-3,-8,1
2004-12-18,2004,15,San Francisco 49ers,SF,16,Washington Redskins,WAS,26,WAS,-6.5,36.5,42,0,26,16,10,WAS,1,Away,26,16,10,6.5,1
2004-12-26,2004,16,Dallas Cowboys,DAL,13,Washington Redskins,WAS,10,WAS,-2.5,35,23,0,10,13,-3,WAS,1,Away,10,13,-3,2.5,0
2005-01-02,2004,17,Washington Redskins,WAS,21,Minnesota Vikings,MIN,18,MIN,-4,41,39,0,18,21,-3,WAS,0,Home,21,18,3,-4,1
2005-09-11,2005,1,Washington Redskins,WAS,9,Chicago Bears,CHI,7,WAS,-6,33,16,0,9,7,2,WAS,1,Home,9,7,2,6,0
2005-09-19,2005,2,Dallas Cowboys,DAL,13,Washington Redskins,WAS,14,DAL,-6,36,27,0,13,14,-1,WAS,0,Away,14,13,1,-6,1
2005-10-02,2005,4,Washington Redskins,WAS,20,Seattle Seahawks,SEA,17,WAS,-2,37,37,0,20,17,3,WAS,1,Home,20,17,3,2,1
2005-10-09,2005,5,Denver Broncos,DEN,21,Washington Redskins,WAS,19,DEN,-7,34.5,40,0,21,19,2,WAS,0,Away,19,21,-2,-7,1
2005-10-16,2005,6,Kansas City Chiefs,KC,28,Washington Redskins,WAS,21,KC,-6.5,42.5,49,0,28,21,7,WAS,0,Away,21,28,-7,-6.5,0
2005-10-23,2005,7,Washington Redskins,WAS,52,San Francisco 49ers,SF,17,WAS,-11.5,38,69,0,52,17,35,WAS,1,Home,52,17,35,11.5,1
2005-10-30,2005,8,New York Giants,NYG,36,Washington Redskins,WAS,0,NYG,-3,41,36,0,36,0,36,WAS,0,Away,0,36,-36,-3,0
2005-11-06,2005,9,Washington Redskins,WAS,17,Philadelphia Eagles,PHI,10,PICK,0,41,27,0,10,17,-7,WAS,0,Home,17,10,7,0,1
2005-11-13,2005,10,Tampa Bay Buccaneers,TB,36,Washington Redskins,WAS,35,WAS,-1,34,71,0,35,36,-1,WAS,1,Away,35,36,-1,1,0
2005-11-20,2005,11,Washington Redskins,WAS,13,Oakland Raiders,OAK,16,WAS,-6,42,29,0,13,16,-3,WAS,1,Home,13,16,-3,6,0
2005-11-27,2005,12,Washington Redskins,WAS,17,San Diego Chargers,LAC,23,LAC,-3,44,40,0,23,17,6,WAS,0,Home,17,23,-6,-3,0
2005-12-04,2005,13,St. Louis Rams,LAR,9,Washington Redskins,WAS,24,WAS,-3,45,33,0,24,9,15,WAS,1,Away,24,9,15,3,1
2005-12-11,2005,14,Arizona Cardinals,ARI,13,Washington Redskins,WAS,17,WAS,-3,41.5,30,0,17,13,4,WAS,1,Away,17,13,4,3,1
2005-12-18,2005,15,Washington Redskins,WAS,35,Dallas Cowboys,DAL,7,WAS,-3,36,42,0,35,7,28,WAS,1,Home,35,7,28,3,1
2005-12-24,2005,16,Washington Redskins,WAS,35,New York Giants,NYG,20,WAS,-3,38,55,0,35,20,15,WAS,1,Home,35,20,15,3,1
2006-01-01,2005,17,Philadelphia Eagles,PHI,20,Washington Redskins,WAS,31,WAS,-7,37,51,0,31,20,11,WAS,1,Away,31,20,11,7,1
2006-09-11,2006,1,Washington Redskins,WAS,16,Minnesota Vikings,MIN,19,WAS,-4,35.5,35,0,16,19,-3,WAS,1,Home,16,19,-3,4,0
2006-09-17,2006,2,Dallas Cowboys,DAL,27,Washington Redskins,WAS,10,DAL,-7,37,37,0,27,10,17,WAS,0,Away,10,27,-17,-7,0
2006-09-24,2006,3,Houston Texans,HOU,15,Washington Redskins,WAS,31,WAS,-3.5,37.5,46,0,31,15,16,WAS,1,Away,31,15,16,3.5,1
2006-10-01,2006,4,Washington Redskins,WAS,36,Jacksonville Jaguars,JAX,30,JAX,-3,34,66,0,30,36,-6,WAS,0,Home,36,30,6,-3,1
2006-10-08,2006,5,New York Giants,NYG,19,Washington Redskins,WAS,3,NYG,-5.5,45.5,22,0,19,3,16,WAS,0,Away,3,19,-16,-5.5,0
2006-10-15,2006,6,Washington Redskins,WAS,22,Tennessee Titans,TEN,25,WAS,-12,39.5,47,0,22,25,-3,WAS,1,Home,22,25,-3,12,0
2006-10-22,2006,7,Indianapolis Colts,IND,36,Washington Redskins,WAS,22,IND,-8.5,47,58,0,36,22,14,WAS,0,Away,22,36,-14,-8.5,0
2006-11-05,2006,9,Washington Redskins,WAS,22,Dallas Cowboys,DAL,19,DAL,-3,40.5,41,0,19,22,-3,WAS,0,Home,22,19,3,-3,1
2006-11-12,2006,10,Philadelphia Eagles,PHI,27,Washington Redskins,WAS,3,PHI,-8,41.5,30,0,27,3,24,WAS,0,Away,3,27,-24,-8,0
2006-11-19,2006,11,Tampa Bay Buccaneers,TB,20,Washington Redskins,WAS,17,TB,-3,34,37,0,20,17,3,WAS,0,Away,17,20,-3,-3,0
2006-11-26,2006,12,Washington Redskins,WAS,17,Carolina Panthers,CAR,13,CAR,-6,36,30,0,13,17,-4,WAS,0,Home,17,13,4,-6,1
2006-12-03,2006,13,Washington Redskins,WAS,14,Atlanta Falcons,ATL,24,WAS,-1.5,38.5,38,0,14,24,-10,WAS,1,Home,14,24,-10,1.5,0
2006-12-10,2006,14,Washington Redskins,WAS,19,Philadelphia Eagles,PHI,21,PHI,-2,40.5,40,0,21,19,2,WAS,0,Home,19,21,-2,-2,0
2006-12-17,2006,15,New Orleans Saints,NO,10,Washington Redskins,WAS,16,NO,-9.5,47,26,0,10,16,-6,WAS,0,Away,16,10,6,-9.5,1
2006-12-24,2006,16,St. Louis Rams,LAR,37,Washington Redskins,WAS,31,LAR,-2,43,68,0,37,31,6,WAS,0,Away,31,37,-6,-2,0
2006-12-30,2006,17,Washington Redskins,WAS,28,New York Giants,NYG,34,NYG,-2,43,62,0,34,28,6,WAS,0,Home,28,34,-6,-2,0
2007-09-09,2007,1,Washington Redskins,WAS,16,Miami Dolphins,MIA,13,WAS,-3,34.5,29,0,16,13,3,WAS,1,Home,16,13,3,3,0
2007-09-17,2007,2,Philadelphia Eagles,PHI,12,Washington Redskins,WAS,20,PHI,-7,38.5,32,0,12,20,-8,WAS,0,Away,20,12,8,-7,1
2007-09-23,2007,3,Washington Redskins,WAS,17,New York Giants,NYG,24,WAS,-3.5,42.5,41,0,17,24,-7,WAS,1,Home,17,24,-7,3.5,0
2007-10-07,2007,5,Washington Redskins,WAS,34,Detroit Lions,DET,3,WAS,-4,44.5,37,0,34,3,31,WAS,1,Home,34,3,31,4,1
2007-10-14,2007,6,Green Bay Packers,GB,17,Washington Redskins,WAS,14,GB,-3,40.5,31,0,17,14,3,WAS,0,Away,14,17,-3,-3,0
2007-10-21,2007,7,Washington Redskins,WAS,21,Arizona Cardinals,ARI,19,WAS,-8,36,40,0,21,19,2,WAS,1,Home,21,19,2,8,0
2007-10-28,2007,8,New England Patriots,NE,52,Washington Redskins,WAS,7,NE,-14.5,46.5,59,0,52,7,45,WAS,0,Away,7,52,-45,-14.5,0
2007-11-04,2007,9,New York Jets,NYJ,20,Washington Redskins,WAS,23,WAS,-3.5,36,43,0,23,20,3,WAS,1,Away,23,20,3,3.5,0
2007-11-11,2007,10,Washington Redskins,WAS,25,Philadelphia Eagles,PHI,33,WAS,-2.5,37.5,58,0,25,33,-8,WAS,1,Home,25,33,-8,2.5,0
2007-11-18,2007,11,Dallas Cowboys,DAL,28,Washington Redskins,WAS,23,DAL,-11,47,51,0,28,23,5,WAS,0,Away,23,28,-5,-11,1
2007-11-25,2007,12,Tampa Bay Buccaneers,TB,19,Washington Redskins,WAS,13,TB,-3,38.5,32,0,19,13,6,WAS,0,Away,13,19,-6,-3,0
2007-12-02,2007,13,Washington Redskins,WAS,16,Buffalo Bills,BUF,17,WAS,-6.5,37.5,33,0,16,17,-1,WAS,1,Home,16,17,-1,6.5,0
2007-12-06,2007,14,Washington Redskins,WAS,24,Chicago Bears,CHI,16,WAS,-3,40,40,0,24,16,8,WAS,1,Home,24,16,8,3,1
2007-12-16,2007,15,New York Giants,NYG,10,Washington Redskins,WAS,22,NYG,-6.5,36.5,32,0,10,22,-12,WAS,0,Away,22,10,12,-6.5,1
2007-12-23,2007,16,Minnesota Vikings,MIN,21,Washington Redskins,WAS,32,MIN,-6.5,40.5,53,0,21,32,-11,WAS,0,Away,32,21,11,-6.5,1
2007-12-30,2007,17,Washington Redskins,WAS,27,Dallas Cowboys,DAL,6,WAS,-9,39.5,33,0,27,6,21,WAS,1,Home,27,6,21,9,1
2008-09-04,2008,1,New York Giants,NYG,16,Washington Redskins,WAS,7,NYG,-4.5,41.5,23,0,16,7,9,WAS,0,Away,7,16,-9,-4.5,0
2008-09-14,2008,2,Washington Redskins,WAS,29,New Orleans Saints,NO,24,WAS,-1,43.5,53,0,29,24,5,WAS,1,Home,29,24,5,1,1
2008-09-21,2008,3,Washington Redskins,WAS,24,Arizona Cardinals,ARI,17,WAS,-3,43.5,41,0,24,17,7,WAS,1,Home,24,17,7,3,1
2008-09-28,2008,4,Dallas Cowboys,DAL,24,Washington Redskins,WAS,26,DAL,-10,47,50,0,24,26,-2,WAS,0,Away,26,24,2,-10,1
2008-10-05,2008,5,Philadelphia Eagles,PHI,17,Washington Redskins,WAS,23,PHI,-6.5,42,40,0,17,23,-6,WAS,0,Away,23,17,6,-6.5,1
2008-10-12,2008,6,Washington Redskins,WAS,17,St. Louis Rams,LAR,19,WAS,-13.5,44,36,0,17,19,-2,WAS,1,Home,17,19,-2,13.5,0
2008-10-19,2008,7,Washington Redskins,WAS,14,Cleveland Browns,CLE,11,WAS,-7,42,25,0,14,11,3,WAS,1,Home,14,11,3,7,0
2008-10-26,2008,8,Detroit Lions,DET,17,Washington Redskins,WAS,25,WAS,-7,42,42,0,25,17,8,WAS,1,Away,25,17,8,7,1
2008-11-03,2008,9,Washington Redskins,WAS,6,Pittsburgh Steelers,PIT,23,WAS,-2.5,37,29,0,6,23,-17,WAS,1,Home,6,23,-17,2.5,0
2008-11-16,2008,11,Washington Redskins,WAS,10,Dallas Cowboys,DAL,14,DAL,-2,43,24,0,14,10,4,WAS,0,Home,10,14,-4,-2,0
2008-11-23,2008,12,Seattle Seahawks,SEA,17,Washington Redskins,WAS,20,WAS,-3,40,37,0,20,17,3,WAS,1,Away,20,17,3,3,0
2008-11-30,2008,13,Washington Redskins,WAS,7,New York Giants,NYG,23,NYG,-4,41,30,0,23,7,16,WAS,0,Home,7,23,-16,-4,0
2008-12-07,2008,14,Baltimore Ravens,BAL,24,Washington Redskins,WAS,10,BAL,-6.5,35,34,0,24,10,14,WAS,0,Away,10,24,-14,-6.5,0
2008-12-14,2008,15,Cincinnati Bengals,CIN,20,Washington Redskins,WAS,13,WAS,-6.5,36.5,33,0,13,20,-7,WAS,1,Away,13,20,-7,6.5,0
2008-12-21,2008,16,Washington Redskins,WAS,10,Philadelphia Eagles,PHI,3,PHI,-6,37.5,13,0,3,10,-7,WAS,0,Home,10,3,7,-6,1
2008-12-28,2008,17,San Francisco 49ers,SF,27,Washington Redskins,WAS,24,SF,-3,37,51,0,27,24,3,WAS,0,Away,24,27,-3,-3,0
2009-09-13,2009,1,New York Giants,NYG,23,Washington Redskins,WAS,17,NYG,-6,37,40,0,23,17,6,WAS,0,Away,17,23,-6,-6,0
2009-09-20,2009,2,Washington Redskins,WAS,9,St. Louis Rams,LAR,7,WAS,-10,37,16,0,9,7,2,WAS,1,Home,9,7,2,10,0
2009-09-27,2009,3,Detroit Lions,DET,19,Washington Redskins,WAS,14,WAS,-6,39.5,33,0,14,19,-5,WAS,1,Away,14,19,-5,6,0
2009-10-04,2009,4,Washington Redskins,WAS,16,Tampa Bay Buccaneers,TB,13,WAS,-9,35.5,29,0,16,13,3,WAS,1,Home,16,13,3,9,0
2009-10-11,2009,5,Carolina Panthers,CAR,20,Washington Redskins,WAS,17,CAR,-5.5,38,37,0,20,17,3,WAS,0,Away,17,20,-3,-5.5,1
2009-10-18,2009,6,Washington Redskins,WAS,6,Kansas City Chiefs,KC,14,WAS,-6.5,36.5,20,0,6,14,-8,WAS,1,Home,6,14,-8,6.5,0
2009-10-26,2009,7,Washington Redskins,WAS,17,Philadelphia Eagles,PHI,27,PHI,-9,38,44,0,27,17,10,WAS,0,Home,17,27,-10,-9,0
2009-11-08,2009,9,Atlanta Falcons,ATL,31,Washington Redskins,WAS,17,ATL,-9,41,48,0,31,17,14,WAS,0,Away,17,31,-14,-9,0
2009-11-15,2009,10,Washington Redskins,WAS,27,Denver Broncos,DEN,17,DEN,-3.5,36.5,44,0,17,27,-10,WAS,0,Home,27,17,10,-3.5,1
2009-11-22,2009,11,Dallas Cowboys,DAL,7,Washington Redskins,WAS,6,DAL,-10.5,41.5,13,0,7,6,1,WAS,0,Away,6,7,-1,-10.5,1
2009-11-29,2009,12,Philadelphia Eagles,PHI,27,Washington Redskins,WAS,24,PHI,-10,40.5,51,0,27,24,3,WAS,0,Away,24,27,-3,-10,1
2009-12-06,2009,13,Washington Redskins,WAS,30,New Orleans Saints,NO,33,NO,-8,47,63,0,33,30,3,WAS,0,Home,30,33,-3,-8,1
2009-12-13,2009,14,Oakland Raiders,OAK,13,Washington Redskins,WAS,34,WAS,-2.5,37.5,47,0,34,13,21,WAS,1,Away,34,13,21,2.5,1
2009-12-21,2009,15,Washington Redskins,WAS,12,New York Giants,NYG,45,NYG,-3,43.5,57,0,45,12,33,WAS,0,Home,12,45,-33,-3,0
2009-12-27,2009,16,Washington Redskins,WAS,0,Dallas Cowboys,DAL,17,DAL,-7,42,17,0,17,0,17,WAS,0,Home,0,17,-17,-7,0
2010-01-03,2009,17,San Diego Chargers,LAC,23,Washington Redskins,WAS,20,LAC,-3,39,43,0,23,20,3,WAS,0,Away,20,23,-3,-3,0
2010-09-12,2010,1,Washington Redskins,WAS,13,Dallas Cowboys,DAL,7,DAL,-3,40,20,0,7,13,-6,WAS,0,Home,13,7,6,-3,1
2010-09-19,2010,2,Washington Redskins,WAS,27,Houston Texans,HOU,30,HOU,-3,42.5,57,0,30,27,3,WAS,0,Home,27,30,-3,-3,0
2010-09-26,2010,3,St. Louis Rams,LAR,30,Washington Redskins,WAS,16,WAS,-5,39,46,0,16,30,-14,WAS,1,Away,16,30,-14,5,0
2010-10-03,2010,4,Philadelphia Eagles,PHI,12,Washington Redskins,WAS,17,PHI,-5,43.5,29,0,12,17,-5,WAS,0,Away,17,12,5,-5,1
2010-10-10,2010,5,Washington Redskins,WAS,16,Green Bay Packers,GB,13,GB,-3,45.5,29,0,13,16,-3,WAS,0,Home,16,13,3,-3,1
2010-10-17,2010,6,Washington Redskins,WAS,24,Indianapolis Colts,IND,27,IND,-3,45,51,0,27,24,3,WAS,0,Home,24,27,-3,-3,0
2010-10-24,2010,7,Chicago Bears,CHI,14,Washington Redskins,WAS,17,CHI,-3,40,31,0,14,17,-3,WAS,0,Away,17,14,3,-3,1
2010-10-31,2010,8,Detroit Lions,DET,37,Washington Redskins,WAS,25,DET,-3,45,62,0,37,25,12,WAS,0,Away,25,37,-12,-3,0
2010-11-15,2010,10,Washington Redskins,WAS,28,Philadelphia Eagles,PHI,59,PHI,-3.5,43.5,87,0,59,28,31,WAS,0,Home,28,59,-31,-3.5,0
2010-11-21,2010,11,Tennessee Titans,TEN,16,Washington Redskins,WAS,19,TEN,-7,44.5,35,0,16,19,-3,WAS,0,Away,19,16,3,-7,1
2010-11-28,2010,12,Washington Redskins,WAS,13,Minnesota Vikings,MIN,17,MIN,-2.5,44,30,0,17,13,4,WAS,0,Home,13,17,-4,-2.5,0
2010-12-05,2010,13,New York Giants,NYG,31,Washington Redskins,WAS,7,NYG,-7.5,43,38,0,31,7,24,WAS,0,Away,7,31,-24,-7.5,0
2010-12-12,2010,14,Washington Redskins,WAS,16,Tampa Bay Buccaneers,TB,17,TB,-1.5,41.5,33,0,17,16,1,WAS,0,Home,16,17,-1,-1.5,1
2010-12-19,2010,15,Dallas Cowboys,DAL,33,Washington Redskins,WAS,30,DAL,-9.5,44.5,63,0,33,30,3,WAS,0,Away,30,33,-3,-9.5,1
2010-12-26,2010,16,Jacksonville Jaguars,JAX,17,Washington Redskins,WAS,20,JAX,-6.5,45,37,0,17,20,-3,WAS,0,Away,20,17,3,-6.5,1
2011-01-02,2010,17,Washington Redskins,WAS,14,New York Giants,NYG,17,NYG,-4,44.5,31,0,17,14,3,WAS,0,Home,14,17,-3,-4,1
2011-09-11,2011,1,Washington Redskins,WAS,28,New York Giants,NYG,14,NYG,-2,40,42,0,14,28,-14,WAS,0,Home,28,14,14,-2,1
2011-09-18,2011,2,Washington Redskins,WAS,22,Arizona Cardinals,ARI,21,WAS,-4.5,45,43,0,22,21,1,WAS,1,Home,22,21,1,4.5,0
2011-09-26,2011,3,Dallas Cowboys,DAL,18,Washington Redskins,WAS,16,DAL,-3.5,45,34,0,18,16,2,WAS,0,Away,16,18,-2,-3.5,1
2011-10-02,2011,4,St. Louis Rams,LAR,10,Washington Redskins,WAS,17,WAS,-3,44,27,0,17,10,7,WAS,1,Away,17,10,7,3,1
2011-10-16,2011,6,Washington Redskins,WAS,13,Philadelphia Eagles,PHI,20,PHI,-3,46.5,33,0,20,13,7,WAS,0,Home,13,20,-7,-3,0
2011-10-23,2011,7,Carolina Panthers,CAR,33,Washington Redskins,WAS,20,CAR,-2.5,44.5,53,0,33,20,13,WAS,0,Away,20,33,-13,-2.5,0
2011-11-06,2011,9,Washington Redskins,WAS,11,San Francisco 49ers,SF,19,SF,-4.5,37.5,30,0,19,11,8,WAS,0,Home,11,19,-8,-4.5,0
2011-11-13,2011,10,Miami Dolphins,MIA,20,Washington Redskins,WAS,9,MIA,-4,38,29,0,20,9,11,WAS,0,Away,9,20,-11,-4,0
2011-11-20,2011,11,Washington Redskins,WAS,24,Dallas Cowboys,DAL,27,DAL,-7,43,51,0,27,24,3,WAS,0,Home,24,27,-3,-7,1
2011-11-27,2011,12,Seattle Seahawks,SEA,17,Washington Redskins,WAS,23,SEA,-3,37.5,40,0,17,23,-6,WAS,0,Away,23,17,6,-3,1
2011-12-04,2011,13,Washington Redskins,WAS,19,New York Jets,NYJ,34,NYJ,-3,38.5,53,0,34,19,15,WAS,0,Home,19,34,-15,-3,0
2011-12-11,2011,14,Washington Redskins,WAS,27,New England Patriots,NE,34,NE,-7.5,47,61,0,34,27,7,WAS,0,Home,27,34,-7,-7.5,1
2011-12-18,2011,15,New York Giants,NYG,10,Washington Redskins,WAS,23,NYG,-6,46.5,33,0,10,23,-13,WAS,0,Away,23,10,13,-6,1
2011-12-24,2011,16,Washington Redskins,WAS,26,Minnesota Vikings,MIN,33,WAS,-6,43,59,0,26,33,-7,WAS,1,Home,26,33,-7,6,0
2012-01-01,2011,17,Philadelphia Eagles,PHI,34,Washington Redskins,WAS,10,PHI,-7,44.5,44,0,34,10,24,WAS,0,Away,10,34,-24,-7,0
2012-09-09,2012,1,New Orleans Saints,NO,32,Washington Redskins,WAS,40,NO,-9,50.5,72,0,32,40,-8,WAS,0,Away,40,32,8,-9,1
2012-09-16,2012,2,St. Louis Rams,LAR,31,Washington Redskins,WAS,28,WAS,-3.5,42.5,59,0,28,31,-3,WAS,1,Away,28,31,-3,3.5,0
2012-09-23,2012,3,Washington Redskins,WAS,31,Cincinnati Bengals,CIN,38,WAS,-3,49.5,69,0,31,38,-7,WAS,1,Home,31,38,-7,3,0
2012-09-30,2012,4,Tampa Bay Buccaneers,TB,22,Washington Redskins,WAS,24,TB,-2,45,46,0,22,24,-2,WAS,0,Away,24,22,2,-2,1
2012-10-07,2012,5,Washington Redskins,WAS,17,Atlanta Falcons,ATL,24,ATL,-3,51,41,0,24,17,7,WAS,0,Home,17,24,-7,-3,0
2012-10-14,2012,6,Washington Redskins,WAS,38,Minnesota Vikings,MIN,26,MIN,-2,44,64,0,26,38,-12,WAS,0,Home,38,26,12,-2,1
2012-10-21,2012,7,New York Giants,NYG,27,Washington Redskins,WAS,23,NYG,-6.5,51.5,50,0,27,23,4,WAS,0,Away,23,27,-4,-6.5,1
2012-10-28,2012,8,Pittsburgh Steelers,PIT,27,Washington Redskins,WAS,12,PIT,-4.5,44,39,0,27,12,15,WAS,0,Away,12,27,-15,-4.5,0
2012-11-04,2012,9,Washington Redskins,WAS,13,Carolina Panthers,CAR,21,WAS,-3,48.5,34,0,13,21,-8,WAS,1,Home,13,21,-8,3,0
2012-11-18,2012,11,Washington Redskins,WAS,31,Philadelphia Eagles,PHI,6,WAS,-3.5,46,37,0,31,6,25,WAS,1,Home,31,6,25,3.5,1
2012-11-22,2012,12,Dallas Cowboys,DAL,31,Washington Redskins,WAS,38,DAL,-3.5,47.5,69,0,31,38,-7,WAS,0,Away,38,31,7,-3.5,1
2012-12-03,2012,13,Washington Redskins,WAS,17,New York Giants,NYG,16,NYG,-3,50,33,0,16,17,-1,WAS,0,Home,17,16,1,-3,1
2012-12-09,2012,14,Washington Redskins,WAS,31,Baltimore Ravens,BAL,28,WAS,-1.5,48,59,0,31,28,3,WAS,1,Home,31,28,3,1.5,1
2012-12-16,2012,15,Cleveland Browns,CLE,21,Washington Redskins,WAS,38,CLE,-4,40.5,59,0,21,38,-17,WAS,0,Away,38,21,17,-4,1
2012-12-23,2012,16,Philadelphia Eagles,PHI,20,Washington Redskins,WAS,27,WAS,-6,46,47,0,27,20,7,WAS,1,Away,27,20,7,6,1
2012-12-30,2012,17,Washington Redskins,WAS,28,Dallas Cowboys,DAL,18,WAS,-3,49,46,0,28,18,10,WAS,1,Home,28,18,10,3,1
2013-09-09,2013,1,Washington Redskins,WAS,27,Philadelphia Eagles,PHI,33,WAS,-4.5,53.5,60,0,27,33,-6,WAS,1,Home,27,33,-6,4.5,0
2013-09-15,2013,2,Green Bay Packers,GB,38,Washington Redskins,WAS,20,GB,-8,50,58,0,38,20,18,WAS,0,Away,20,38,-18,-8,0
2013-09-22,2013,3,Washington Redskins,WAS,20,Detroit Lions,DET,27,DET,-1,49.5,47,0,27,20,7,WAS,0,Home,20,27,-7,-1,0
2013-09-29,2013,4,Oakland Raiders,OAK,14,Washington Redskins,WAS,24,WAS,-4,46,38,0,24,14,10,WAS,1,Away,24,14,10,4,1
2013-10-13,2013,6,Dallas Cowboys,DAL,31,Washington Redskins,WAS,16,DAL,-5.5,51.5,47,0,31,16,15,WAS,0,Away,16,31,-15,-5.5,0
2013-10-20,2013,7,Washington Redskins,WAS,45,Chicago Bears,CHI,41,CHI,-1,48,86,0,41,45,-4,WAS,0,Home,45,41,4,-1,1
2013-10-27,2013,8,Denver Broncos,DEN,45,Washington Redskins,WAS,21,DEN,-11,58,66,0,45,21,24,WAS,0,Away,21,45,-24,-11,0
2013-11-03,2013,9,Washington Redskins,WAS,30,San Diego Chargers,LAC,24,PICK,0,48.5,54,0,24,30,-6,WAS,0,Home,30,24,6,0,1
2013-11-07,2013,10,Minnesota Vikings,MIN,34,Washington Redskins,WAS,27,WAS,-1,48,61,0,27,34,-7,WAS,1,Away,27,34,-7,1,0
2013-11-17,2013,11,Philadelphia Eagles,PHI,24,Washington Redskins,WAS,16,PHI,-4,54,40,0,24,16,8,WAS,0,Away,16,24,-8,-4,0
2013-11-25,2013,12,Washington Redskins,WAS,6,San Francisco 49ers,SF,27,SF,-5,47,33,0,27,6,21,WAS,0,Home,6,27,-21,-5,0
2013-12-01,2013,13,Washington Redskins,WAS,17,New York Giants,NYG,24,WAS,-1,44.5,41,0,17,24,-7,WAS,1,Home,17,24,-7,1,0
2013-12-08,2013,14,Washington Redskins,WAS,10,Kansas City Chiefs,KC,45,KC,-3,44.5,55,0,45,10,35,WAS,0,Home,10,45,-35,-3,0
2013-12-15,2013,15,Atlanta Falcons,ATL,27,Washington Redskins,WAS,26,ATL,-5.5,49,53,0,27,26,1,WAS,0,Away,26,27,-1,-5.5,1
2013-12-22,2013,16,Washington Redskins,WAS,23,Dallas Cowboys,DAL,24,DAL,-2.5,52,47,0,24,23,1,WAS,0,Home,23,24,-1,-2.5,1
2013-12-29,2013,17,New York Giants,NYG,20,Washington Redskins,WAS,6,NYG,-3.5,44.5,26,0,20,6,14,WAS,0,Away,6,20,-14,-3.5,0
2014-09-07,2014,1,Houston Texans,HOU,17,Washington Redskins,WAS,6,HOU,-3,44.5,23,0,17,6,11,WAS,0,Away,6,17,-11,-3,0
2014-09-14,2014,2,Washington Redskins,WAS,41,Jacksonville Jaguars,JAX,10,WAS,-5,43,51,0,41,10,31,WAS,1,Home,41,10,31,5,1
2014-09-21,2014,3,Philadelphia Eagles,PHI,37,Washington Redskins,WAS,34,PHI,-4,50,71,0,37,34,3,WAS,0,Away,34,37,-3,-4,1
2014-09-25,2014,4,Washington Redskins,WAS,14,New York Giants,NYG,45,WAS,-3,44.5,59,0,14,45,-31,WAS,1,Home,14,45,-31,3,0
2014-10-06,2014,5,Washington Redskins,WAS,17,Seattle Seahawks,SEA,27,SEA,-7,46,44,0,27,17,10,WAS,0,Home,17,27,-10,-7,0
2014-10-12,2014,6,Arizona Cardinals,ARI,30,Washington Redskins,WAS,20,ARI,-5,46.5,50,0,30,20,10,WAS,0,Away,20,30,-10,-5,0
2014-10-19,2014,7,Washington Redskins,WAS,19,Tennessee Titans,TEN,17,WAS,-6,46.5,36,0,19,17,2,WAS,1,Home,19,17,2,6,0
2014-10-27,2014,8,Dallas Cowboys,DAL,17,Washington Redskins,WAS,20,DAL,-9.5,49,37,0,17,20,-3,WAS,0,Away,20,17,3,-9.5,1
2014-11-02,2014,9,Minnesota Vikings,MIN,29,Washington Redskins,WAS,26,WAS,-1,44,55,0,26,29,-3,WAS,1,Away,26,29,-3,1,0
2014-11-16,2014,11,Washington Redskins,WAS,7,Tampa Bay Buccaneers,TB,27,WAS,-6.5,46,34,0,7,27,-20,WAS,1,Home,7,27,-20,6.5,0
2014-11-23,2014,12,San Francisco 49ers,SF,17,Washington Redskins,WAS,13,SF,-9,44,30,0,17,13,4,WAS,0,Away,13,17,-4,-9,1
2014-11-30,2014,13,Indianapolis Colts,IND,49,Washington Redskins,WAS,27,IND,-7.5,49,76,0,49,27,22,WAS,0,Away,27,49,-22,-7.5,0
2014-12-07,2014,14,Washington Redskins,WAS,0,St. Louis Rams,LAR,24,LAR,-2.5,44.5,24,0,24,0,24,WAS,0,Home,0,24,-24,-2.5,0
2014-12-14,2014,15,New York Giants,NYG,24,Washington Redskins,WAS,13,NYG,-7,46.5,37,0,24,13,11,WAS,0,Away,13,24,-11,-7,0
2014-12-20,2014,16,Washington Redskins,WAS,27,Philadelphia Eagles,PHI,24,PHI,-7,51,51,0,24,27,-3,WAS,0,Home,27,24,3,-7,1
2014-12-28,2014,17,Washington Redskins,WAS,17,Dallas Cowboys,DAL,44,DAL,-6,47.5,61,0,44,17,27,WAS,0,Home,17,44,-27,-6,0
2015-09-13,2015,1,Washington Redskins,WAS,10,Miami Dolphins,MIA,17,MIA,-4,45.5,27,0,17,10,7,WAS,0,Home,10,17,-7,-4,0
2015-09-20,2015,2,Washington Redskins,WAS,24,St. Louis Rams,LAR,10,LAR,-3,41,34,0,10,24,-14,WAS,0,Home,24,10,14,-3,1
2015-09-24,2015,3,New York Giants,NYG,32,Washington Redskins,WAS,21,NYG,-3,45,53,0,32,21,11,WAS,0,Away,21,32,-11,-3,0
2015-10-04,2015,4,Washington Redskins,WAS,23,Philadelphia Eagles,PHI,20,PHI,-3,45.5,43,0,20,23,-3,WAS,0,Home,23,20,3,-3,1
2015-10-11,2015,5,Atlanta Falcons,ATL,25,Washington Redskins,WAS,19,ATL,-7,48.5,44,0,25,19,6,WAS,0,Away,19,25,-6,-7,1
2015-10-18,2015,6,New York Jets,NYJ,34,Washington Redskins,WAS,20,NYJ,-7.5,40,54,0,34,20,14,WAS,0,Away,20,34,-14,-7.5,0
2015-10-25,2015,7,Washington Redskins,WAS,31,Tampa Bay Buccaneers,TB,30,WAS,-3,41.5,61,0,31,30,1,WAS,1,Home,31,30,1,3,0
2015-11-08,2015,9,New England Patriots,NE,27,Washington Redskins,WAS,10,NE,-13.5,51.5,37,0,27,10,17,WAS,0,Away,10,27,-17,-13.5,0
2015-11-15,2015,10,Washington Redskins,WAS,47,New Orleans Saints,NO,14,NO,-1,52,61,0,14,47,-33,WAS,0,Home,47,14,33,-1,1
2015-11-22,2015,11,Carolina Panthers,CAR,44,Washington Redskins,WAS,16,CAR,-7,44.5,60,0,44,16,28,WAS,0,Away,16,44,-28,-7,0
2015-11-29,2015,12,Washington Redskins,WAS,20,New York Giants,NYG,14,NYG,-1.5,48,34,0,14,20,-6,WAS,0,Home,20,14,6,-1.5,1
2015-12-07,2015,13,Washington Redskins,WAS,16,Dallas Cowboys,DAL,19,WAS,-2,43.5,35,0,16,19,-3,WAS,1,Home,16,19,-3,2,0
2015-12-13,2015,14,Chicago Bears,CHI,21,Washington Redskins,WAS,24,CHI,-4,43.5,45,0,21,24,-3,WAS,0,Away,24,21,3,-4,1
2015-12-20,2015,15,Washington Redskins,WAS,35,Buffalo Bills,BUF,25,BUF,-2,46,60,0,25,35,-10,WAS,0,Home,35,25,10,-2,1
2015-12-26,2015,16,Philadelphia Eagles,PHI,24,Washington Redskins,WAS,38,PHI,-3.5,48.5,62,0,24,38,-14,WAS,0,Away,38,24,14,-3.5,1
2016-01-03,2015,17,Dallas Cowboys,DAL,23,Washington Redskins,WAS,34,DAL,-3,41,57,0,23,34,-11,WAS,0,Away,34,23,11,-3,1
2016-09-12,2016,1,Washington Redskins,WAS,16,Pittsburgh Steelers,PIT,38,PIT,-2.5,49,54,0,38,16,22,WAS,0,Home,16,38,-22,-2.5,0
2016-09-18,2016,2,Washington Redskins,WAS,23,Dallas Cowboys,DAL,27,WAS,-3,47,50,0,23,27,-4,WAS,1,Home,23,27,-4,3,0
2016-09-25,2016,3,New York Giants,NYG,27,Washington Redskins,WAS,29,NYG,-3.5,47,56,0,27,29,-2,WAS,0,Away,29,27,2,-3.5,1
2016-10-02,2016,4,Washington Redskins,WAS,31,Cleveland Browns,CLE,20,WAS,-7.5,47.5,51,0,31,20,11,WAS,1,Home,31,20,11,7.5,1
2016-10-09,2016,5,Baltimore Ravens,BAL,10,Washington Redskins,WAS,16,BAL,-4,44.5,26,0,10,16,-6,WAS,0,Away,16,10,6,-4,1
2016-10-16,2016,6,Washington Redskins,WAS,27,Philadelphia Eagles,PHI,20,PHI,-3,45,47,0,20,27,-7,WAS,0,Home,27,20,7,-3,1
2016-10-23,2016,7,Detroit Lions,DET,20,Washington Redskins,WAS,17,WAS,-1,50,37,0,17,20,-3,WAS,1,Away,17,20,-3,1,0
2016-11-13,2016,10,Washington Redskins,WAS,26,Minnesota Vikings,MIN,20,WAS,-2.5,41.5,46,0,26,20,6,WAS,1,Home,26,20,6,2.5,1
2016-11-20,2016,11,Washington Redskins,WAS,42,Green Bay Packers,GB,24,WAS,-3,48.5,66,0,42,24,18,WAS,1,Home,42,24,18,3,1
2016-11-24,2016,12,Dallas Cowboys,DAL,31,Washington Redskins,WAS,26,DAL,-6,53.5,57,0,31,26,5,WAS,0,Away,26,31,-5,-6,1
2016-12-04,2016,13,Arizona Cardinals,ARI,31,Washington Redskins,WAS,23,ARI,-2.5,48.5,54,0,31,23,8,WAS,0,Away,23,31,-8,-2.5,0
2016-12-11,2016,14,Philadelphia Eagles,PHI,22,Washington Redskins,WAS,27,WAS,-2.5,48.5,49,0,27,22,5,WAS,1,Away,27,22,5,2.5,1
2016-12-19,2016,15,Washington Redskins,WAS,15,Carolina Panthers,CAR,26,WAS,-7,50.5,41,0,15,26,-11,WAS,1,Home,15,26,-11,7,0
2016-12-24,2016,16,Chicago Bears,CHI,21,Washington Redskins,WAS,41,WAS,-3,49,62,0,41,21,20,WAS,1,Away,41,21,20,3,1
2017-01-01,2016,17,Washington Redskins,WAS,10,New York Giants,NYG,19,WAS,-9,47.5,29,0,10,19,-9,WAS,1,Home,10,19,-9,9,0
2017-09-10,2017,1,Washington Redskins,WAS,17,Philadelphia Eagles,PHI,30,PHI,-1,47.5,47,0,30,17,13,WAS,0,Home,17,30,-13,-1,0
2017-09-17,2017,2,Los Angeles Rams,LAR,20,Washington Redskins,WAS,27,LAR,-2.5,46,47,0,20,27,-7,WAS,0,Away,27,20,7,-2.5,1
2017-09-24,2017,3,Washington Redskins,WAS,27,Oakland Raiders,OAK,10,OAK,-3,53.5,37,0,10,27,-17,WAS,0,Home,27,10,17,-3,1
2017-10-02,2017,4,Kansas City Chiefs,KC,29,Washington Redskins,WAS,20,KC,-7,49.5,49,0,29,20,9,WAS,0,Away,20,29,-9,-7,0
2017-10-15,2017,6,Washington Redskins,WAS,26,San Francisco 49ers,SF,24,WAS,-12,46,50,0,26,24,2,WAS,1,Home,26,24,2,12,0
2017-10-23,2017,7,Philadelphia Eagles,PHI,34,Washington Redskins,WAS,24,PHI,-4.5,49,58,0,34,24,10,WAS,0,Away,24,34,-10,-4.5,0
2017-10-29,2017,8,Washington Redskins,WAS,19,Dallas Cowboys,DAL,33,DAL,-2,50,52,0,33,19,14,WAS,0,Home,19,33,-14,-2,0
2017-11-05,2017,9,Seattle Seahawks,SEA,14,Washington Redskins,WAS,17,SEA,-8,44.5,31,0,14,17,-3,WAS,0,Away,17,14,3,-8,1
2017-11-12,2017,10,Washington Redskins,WAS,30,Minnesota Vikings,MIN,38,MIN,-1,43,68,0,38,30,8,WAS,0,Home,30,38,-8,-1,0
2017-11-19,2017,11,New Orleans Saints,NO,34,Washington Redskins,WAS,31,NO,-7.5,52.5,65,0,34,31,3,WAS,0,Away,31,34,-3,-7.5,1
2017-11-23,2017,12,Washington Redskins,WAS,20,New York Giants,NYG,10,WAS,-7.5,45,30,0,20,10,10,WAS,1,Home,20,10,10,7.5,1
2017-11-30,2017,13,Dallas Cowboys,DAL,38,Washington Redskins,WAS,14,WAS,-2,47,52,0,14,38,-24,WAS,1,Away,14,38,-24,2,0
2017-12-10,2017,14,Los Angeles Chargers,LAC,30,Washington Redskins,WAS,13,LAC,-6,46.5,43,0,30,13,17,WAS,0,Away,13,30,-17,-6,0
2017-12-17,2017,15,Washington Redskins,WAS,20,Arizona Cardinals,ARI,15,WAS,-4,40,35,0,20,15,5,WAS,1,Home,20,15,5,4,1
2017-12-24,2017,16,Washington Redskins,WAS,27,Denver Broncos,DEN,11,WAS,-3,39.5,38,0,27,11,16,WAS,1,Home,27,11,16,3,1
2017-12-31,2017,17,New York Giants,NYG,18,Washington Redskins,WAS,10,WAS,-4.5,41,28,0,10,18,-8,WAS,1,Away,10,18,-8,4.5,0
2018-09-09,2018,1,Arizona Cardinals,ARI,6,Washington Redskins,WAS,24,ARI,-2,43.5,30,0,6,24,-18,WAS,0,Away,24,6,18,-2,1
2018-09-16,2018,2,Washington Redskins,WAS,9,Indianapolis Colts,IND,21,WAS,-6,48,30,0,9,21,-12,WAS,1,Home,9,21,-12,6,0
2018-09-23,2018,3,Washington Redskins,WAS,31,Green Bay Packers,GB,17,GB,-2.5,45.5,48,0,17,31,-14,WAS,0,Home,31,17,14,-2.5,1
2018-10-08,2018,5,New Orleans Saints,NO,43,Washington Redskins,WAS,19,NO,-5.5,51.5,62,0,43,19,24,WAS,0,Away,19,43,-24,-5.5,0
2018-10-14,2018,6,Washington Redskins,WAS,23,Carolina Panthers,CAR,17,CAR,-1,44.5,40,0,17,23,-6,WAS,0,Home,23,17,6,-1,1
2018-10-21,2018,7,Washington Redskins,WAS,20,Dallas Cowboys,DAL,17,DAL,-1,40.5,37,0,17,20,-3,WAS,0,Home,20,17,3,-1,1
2018-10-28,2018,8,New York Giants,NYG,13,Washington Redskins,WAS,20,WAS,-1,44,33,0,20,13,7,WAS,1,Away,20,13,7,1,1
2018-11-04,2018,9,Washington Redskins,WAS,14,Atlanta Falcons,ATL,38,WAS,-1.5,46.5,52,0,14,38,-24,WAS,1,Home,14,38,-24,1.5,0
2018-11-11,2018,10,Tampa Bay Buccaneers,TB,3,Washington Redskins,WAS,16,TB,-3.5,51,19,0,3,16,-13,WAS,0,Away,16,3,13,-3.5,1
2018-11-18,2018,11,Washington Redskins,WAS,21,Houston Texans,HOU,23,HOU,-3,40.5,44,0,23,21,2,WAS,0,Home,21,23,-2,-3,1
2018-11-22,2018,12,Dallas Cowboys,DAL,31,Washington Redskins,WAS,23,DAL,-7,40,54,0,31,23,8,WAS,0,Away,23,31,-8,-7,0
2018-12-03,2018,13,Philadelphia Eagles,PHI,28,Washington Redskins,WAS,13,PHI,-5.5,45,41,0,28,13,15,WAS,0,Away,13,28,-15,-5.5,0
2018-12-09,2018,14,Washington Redskins,WAS,16,New York Giants,NYG,40,NYG,-3,40.5,56,0,40,16,24,WAS,0,Home,16,40,-24,-3,0
2018-12-16,2018,15,Jacksonville Jaguars,JAX,13,Washington Redskins,WAS,16,JAX,-7.5,36.5,29,0,13,16,-3,WAS,0,Away,16,13,3,-7.5,1
2018-12-22,2018,16,Tennessee Titans,TEN,25,Washington Redskins,WAS,16,TEN,-11.5,37.5,41,0,25,16,9,WAS,0,Away,16,25,-9,-11.5,1
2018-12-30,2018,17,Washington Redskins,WAS,0,Philadelphia Eagles,PHI,24,PHI,-6,42.5,24,0,24,0,24,WAS,0,Home,0,24,-24,-6,0
2019-09-08,2019,1,Philadelphia Eagles,PHI,32,Washington Redskins,WAS,27,PHI,-10,44.5,59,0,32,27,5,WAS,0,Away,27,32,-5,-10,1
2019-09-15,2019,2,Washington Redskins,WAS,21,Dallas Cowboys,DAL,31,DAL,-6,46,52,0,31,21,10,WAS,0,Home,21,31,-10,-6,0
2019-09-23,2019,3,Washington Redskins,WAS,15,Chicago Bears,CHI,31,CHI,-5,41,46,0,31,15,16,WAS,0,Home,15,31,-16,-5,0
2019-09-29,2019,4,New York Giants,NYG,24,Washington Redskins,WAS,3,NYG,-3,48,27,0,24,3,21,WAS,0,Away,3,24,-21,-3,0
2019-10-06,2019,5,Washington Redskins,WAS,7,New England Patriots,NE,33,NE,-16.5,41.5,40,0,33,7,26,WAS,0,Home,7,33,-26,-16.5,0
2019-10-13,2019,6,Miami Dolphins,MIA,16,Washington Redskins,WAS,17,WAS,-5.5,42.5,33,0,17,16,1,WAS,1,Away,17,16,1,5.5,0
2019-10-20,2019,7,Washington Redskins,WAS,0,San Francisco 49ers,SF,9,SF,-10,39,9,0,9,0,9,WAS,0,Home,0,9,-9,-10,1
2019-10-24,2019,8,Minnesota Vikings,MIN,19,Washington Redskins,WAS,9,MIN,-16.5,42,28,0,19,9,10,WAS,0,Away,9,19,-10,-16.5,1
2019-11-03,2019,9,Buffalo Bills,BUF,24,Washington Redskins,WAS,9,BUF,-10.5,37,33,0,24,9,15,WAS,0,Away,9,24,-15,-10.5,0
2019-11-17,2019,11,Washington Redskins,WAS,17,New York Jets,NYJ,34,WAS,-2,37.5,51,0,17,34,-17,WAS,1,Home,17,34,-17,2,0
2019-11-24,2019,12,Washington Redskins,WAS,19,Detroit Lions,DET,16,DET,-4,40,35,0,16,19,-3,WAS,0,Home,19,16,3,-4,1
2019-12-01,2019,13,Carolina Panthers,CAR,21,Washington Redskins,WAS,29,CAR,-10.5,38.5,50,0,21,29,-8,WAS,0,Away,29,21,8,-10.5,1
2019-12-08,2019,14,Green Bay Packers,GB,20,Washington Redskins,WAS,15,GB,-13,42,35,0,20,15,5,WAS,0,Away,15,20,-5,-13,1
2019-12-15,2019,15,Washington Redskins,WAS,27,Philadelphia Eagles,PHI,37,PHI,-6.5,38.5,64,0,37,27,10,WAS,0,Home,27,37,-10,-6.5,0
2019-12-22,2019,16,Washington Redskins,WAS,35,New York Giants,NYG,41,NYG,-1,42,76,0,41,35,6,WAS,0,Home,35,41,-6,-1,0
2019-12-29,2019,17,Dallas Cowboys,DAL,47,Washington Redskins,WAS,16,DAL,-12.5,47.5,63,0,47,16,31,WAS,0,Away,16,47,-31,-12.5,0
2000-09-04,2000,1,St. Louis Rams,LAR,41,Denver Broncos,DEN,36,LAR,-6.5,48.5,77,0,41,36,5,LAR,1,Home,41,36,5,6.5,0
2000-09-10,2000,2,Seattle Seahawks,SEA,34,St. Louis Rams,LAR,37,LAR,-7.5,46,71,0,37,34,3,LAR,1,Away,37,34,3,7.5,0
2000-09-17,2000,3,St. Louis Rams,LAR,41,San Francisco 49ers,SF,24,LAR,-17,55.5,65,0,41,24,17,LAR,1,Home,41,24,17,17,0
2000-09-24,2000,4,Atlanta Falcons,ATL,20,St. Louis Rams,LAR,41,LAR,-6.5,55,61,0,41,20,21,LAR,1,Away,41,20,21,6.5,1
2000-10-01,2000,5,St. Louis Rams,LAR,57,San Diego Chargers,LAC,31,LAR,-17,53.5,88,0,57,31,26,LAR,1,Home,57,31,26,17,1
2000-10-15,2000,7,St. Louis Rams,LAR,45,Atlanta Falcons,ATL,29,LAR,-18,58.5,74,0,45,29,16,LAR,1,Home,45,29,16,18,0
2000-10-22,2000,8,Kansas City Chiefs,KC,54,St. Louis Rams,LAR,34,LAR,-7,56,88,0,34,54,-20,LAR,1,Away,34,54,-20,7,0
2000-10-29,2000,9,San Francisco 49ers,SF,24,St. Louis Rams,LAR,34,LAR,-7,63,58,0,34,24,10,LAR,1,Away,34,24,10,7,1
2000-11-05,2000,10,St. Louis Rams,LAR,24,Carolina Panthers,CAR,27,LAR,-13.5,59.5,51,0,24,27,-3,LAR,1,Home,24,27,-3,13.5,0
2000-11-12,2000,11,New York Giants,NYG,24,St. Louis Rams,LAR,38,LAR,-2,48.5,62,0,38,24,14,LAR,1,Away,38,24,14,2,1
2000-11-20,2000,12,St. Louis Rams,LAR,20,Washington Redskins,WAS,33,LAR,-5.5,56,53,0,20,33,-13,LAR,1,Home,20,33,-13,5.5,0
2000-11-26,2000,13,St. Louis Rams,LAR,24,New Orleans Saints,NO,31,LAR,-13.5,53.5,55,0,24,31,-7,LAR,1,Home,24,31,-7,13.5,0
2000-12-03,2000,14,Carolina Panthers,CAR,16,St. Louis Rams,LAR,3,LAR,-8,58,19,0,3,16,-13,LAR,1,Away,3,16,-13,8,0
2000-12-10,2000,15,St. Louis Rams,LAR,40,Minnesota Vikings,MIN,29,LAR,-3.5,56.5,69,0,40,29,11,LAR,1,Home,40,29,11,3.5,1
2000-12-18,2000,16,Tampa Bay Buccaneers,TB,38,St. Louis Rams,LAR,35,LAR,-1,49,73,0,35,38,-3,LAR,1,Away,35,38,-3,1,0
2000-12-24,2000,17,New Orleans Saints,NO,21,St. Louis Rams,LAR,26,LAR,-3.5,56,47,0,26,21,5,LAR,1,Away,26,21,5,3.5,1
2001-09-09,2001,1,Philadelphia Eagles,PHI,17,St. Louis Rams,LAR,20,LAR,-3,46,37,0,20,17,3,LAR,1,Away,20,17,3,3,0
2001-09-23,2001,2,San Francisco 49ers,SF,26,St. Louis Rams,LAR,30,LAR,-6,50,56,0,30,26,4,LAR,1,Away,30,26,4,6,0
2001-09-30,2001,3,St. Louis Rams,LAR,42,Miami Dolphins,MIA,10,LAR,-6,44,52,0,42,10,32,LAR,1,Home,42,10,32,6,1
2001-10-08,2001,4,Detroit Lions,DET,0,St. Louis Rams,LAR,35,LAR,-12.5,48.5,35,0,35,0,35,LAR,1,Away,35,0,35,12.5,1
2001-10-14,2001,5,St. Louis Rams,LAR,15,New York Giants,NYG,14,LAR,-10.5,45,29,0,15,14,1,LAR,1,Home,15,14,1,10.5,0
2001-10-21,2001,6,New York Jets,NYJ,14,St. Louis Rams,LAR,34,LAR,-7,46.5,48,0,34,14,20,LAR,1,Away,34,14,20,7,1
2001-10-28,2001,7,St. Louis Rams,LAR,31,New Orleans Saints,NO,34,LAR,-12,48.5,65,0,31,34,-3,LAR,1,Home,31,34,-3,12,0
2001-11-11,2001,9,St. Louis Rams,LAR,48,Carolina Panthers,CAR,14,LAR,-18,47,62,0,48,14,34,LAR,1,Home,48,14,34,18,1
2001-11-18,2001,10,New England Patriots,NE,17,St. Louis Rams,LAR,24,LAR,-8.5,46.5,41,0,24,17,7,LAR,1,Away,24,17,7,8.5,0
2001-11-26,2001,11,St. Louis Rams,LAR,17,Tampa Bay Buccaneers,TB,24,LAR,-9.5,46,41,0,17,24,-7,LAR,1,Home,17,24,-7,9.5,0
2001-12-02,2001,12,Atlanta Falcons,ATL,6,St. Louis Rams,LAR,35,LAR,-8,47,41,0,35,6,29,LAR,1,Away,35,6,29,8,1
2001-12-09,2001,13,St. Louis Rams,LAR,27,San Francisco 49ers,SF,14,LAR,-7,55,41,0,27,14,13,LAR,1,Home,27,14,13,7,1
2001-12-17,2001,14,New Orleans Saints,NO,21,St. Louis Rams,LAR,34,LAR,-6,51,55,0,34,21,13,LAR,1,Away,34,21,13,6,1
2001-12-23,2001,15,Carolina Panthers,CAR,32,St. Louis Rams,LAR,38,LAR,-12.5,46.5,70,0,38,32,6,LAR,1,Away,38,32,6,12.5,0
2001-12-30,2001,16,St. Louis Rams,LAR,42,Indianapolis Colts,IND,17,LAR,-13,58.5,59,0,42,17,25,LAR,1,Home,42,17,25,13,1
2002-01-06,2001,17,St. Louis Rams,LAR,31,Atlanta Falcons,ATL,13,LAR,-14.5,48,44,0,31,13,18,LAR,1,Home,31,13,18,14.5,1
2002-09-08,2002,1,Denver Broncos,DEN,23,St. Louis Rams,LAR,16,LAR,-3,51,39,0,16,23,-7,LAR,1,Away,16,23,-7,3,0
2002-09-15,2002,2,St. Louis Rams,LAR,21,New York Giants,NYG,26,LAR,-12,46,47,0,21,26,-5,LAR,1,Home,21,26,-5,12,0
2002-09-23,2002,3,Tampa Bay Buccaneers,TB,26,St. Louis Rams,LAR,14,LAR,-1.5,44,40,0,14,26,-12,LAR,1,Away,14,26,-12,1.5,0
2002-09-29,2002,4,St. Louis Rams,LAR,10,Dallas Cowboys,DAL,13,LAR,-12,44,23,0,10,13,-3,LAR,1,Home,10,13,-3,12,0
2002-10-06,2002,5,San Francisco 49ers,SF,37,St. Louis Rams,LAR,13,SF,-6,41.5,50,0,37,13,24,LAR,0,Away,13,37,-24,-6,0
2002-10-13,2002,6,St. Louis Rams,LAR,28,Oakland Raiders,OAK,13,OAK,-7,49,41,0,13,28,-15,LAR,0,Home,28,13,15,-7,1
2002-10-20,2002,7,St. Louis Rams,LAR,37,Seattle Seahawks,SEA,20,LAR,-6.5,44.5,57,0,37,20,17,LAR,1,Home,37,20,17,6.5,1
2002-11-03,2002,9,Arizona Cardinals,ARI,14,St. Louis Rams,LAR,27,LAR,-5,43.5,41,0,27,14,13,LAR,1,Away,27,14,13,5,1
2002-11-10,2002,10,St. Louis Rams,LAR,28,San Diego Chargers,LAC,24,LAR,-6,44,52,0,28,24,4,LAR,1,Home,28,24,4,6,0
2002-11-18,2002,11,St. Louis Rams,LAR,21,Chicago Bears,CHI,16,LAR,-10.5,43.5,37,0,21,16,5,LAR,1,Home,21,16,5,10.5,0
2002-11-24,2002,12,Washington Redskins,WAS,20,St. Louis Rams,LAR,17,LAR,-3.5,41,37,0,17,20,-3,LAR,1,Away,17,20,-3,3.5,0
2002-12-01,2002,13,Philadelphia Eagles,PHI,10,St. Louis Rams,LAR,3,LAR,-2,38,13,0,3,10,-7,LAR,1,Away,3,10,-7,2,0
2002-12-08,2002,14,Kansas City Chiefs,KC,49,St. Louis Rams,LAR,10,KC,-4.5,45.5,59,0,49,10,39,LAR,0,Away,10,49,-39,-4.5,0
2002-12-15,2002,15,St. Louis Rams,LAR,30,Arizona Cardinals,ARI,28,LAR,-11,43,58,0,30,28,2,LAR,1,Home,30,28,2,11,0
2002-12-22,2002,16,Seattle Seahawks,SEA,30,St. Louis Rams,LAR,10,SEA,-2.5,48,40,0,30,10,20,LAR,0,Away,10,30,-20,-2.5,0
2002-12-30,2002,17,St. Louis Rams,LAR,31,San Francisco 49ers,SF,20,LAR,-2,39.5,51,0,31,20,11,LAR,1,Home,31,20,11,2,1
2003-09-07,2003,1,New York Giants,NYG,23,St. Louis Rams,LAR,13,LAR,-1,46.5,36,0,13,23,-10,LAR,1,Away,13,23,-10,1,0
2003-09-14,2003,2,St. Louis Rams,LAR,27,San Francisco 49ers,SF,24,LAR,-3,47.5,51,0,27,24,3,LAR,1,Home,27,24,3,3,0
2003-09-21,2003,3,Seattle Seahawks,SEA,24,St. Louis Rams,LAR,23,SEA,-3,47,47,0,24,23,1,LAR,0,Away,23,24,-1,-3,1
2003-09-28,2003,4,St. Louis Rams,LAR,37,Arizona Cardinals,ARI,13,LAR,-11.5,45.5,50,0,37,13,24,LAR,1,Home,37,13,24,11.5,1
2003-10-13,2003,6,St. Louis Rams,LAR,36,Atlanta Falcons,ATL,0,LAR,-10,46,36,0,36,0,36,LAR,1,Home,36,0,36,10,1
2003-10-19,2003,7,St. Louis Rams,LAR,34,Green Bay Packers,GB,24,LAR,-4,48.5,58,0,34,24,10,LAR,1,Home,34,24,10,4,1
2003-10-26,2003,8,Pittsburgh Steelers,PIT,21,St. Louis Rams,LAR,33,PIT,-1,45.5,54,0,21,33,-12,LAR,0,Away,33,21,12,-1,1
2003-11-02,2003,9,San Francisco 49ers,SF,30,St. Louis Rams,LAR,10,LAR,-5,44,40,0,10,30,-20,LAR,1,Away,10,30,-20,5,0
2003-11-09,2003,10,St. Louis Rams,LAR,33,Baltimore Ravens,BAL,22,LAR,-6.5,43,55,0,33,22,11,LAR,1,Home,33,22,11,6.5,1
2003-11-16,2003,11,Chicago Bears,CHI,21,St. Louis Rams,LAR,23,LAR,-6,41,44,0,23,21,2,LAR,1,Away,23,21,2,6,0
2003-11-23,2003,12,Arizona Cardinals,ARI,27,St. Louis Rams,LAR,30,LAR,-7,44,57,0,30,27,3,LAR,1,Away,30,27,3,7,0
2003-11-30,2003,13,St. Louis Rams,LAR,48,Minnesota Vikings,MIN,17,LAR,-6,51,65,0,48,17,31,LAR,1,Home,48,17,31,6,1
2003-12-08,2003,14,Cleveland Browns,CLE,20,St. Louis Rams,LAR,26,LAR,-5.5,43.5,46,0,26,20,6,LAR,1,Away,26,20,6,5.5,1
2003-12-14,2003,15,St. Louis Rams,LAR,27,Seattle Seahawks,SEA,22,LAR,-7,52,49,0,27,22,5,LAR,1,Home,27,22,5,7,0
2003-12-21,2003,16,St. Louis Rams,LAR,27,Cincinnati Bengals,CIN,10,LAR,-7,54,37,0,27,10,17,LAR,1,Home,27,10,17,7,1
2003-12-28,2003,17,Detroit Lions,DET,30,St. Louis Rams,LAR,20,LAR,-12,45,50,0,20,30,-10,LAR,1,Away,20,30,-10,12,0
2004-09-12,2004,1,St. Louis Rams,LAR,17,Arizona Cardinals,ARI,10,LAR,-11,46,27,0,17,10,7,LAR,1,Home,17,10,7,11,0
2004-09-19,2004,2,Atlanta Falcons,ATL,34,St. Louis Rams,LAR,17,ATL,-2,46,51,0,34,17,17,LAR,0,Away,17,34,-17,-2,0
2004-09-26,2004,3,St. Louis Rams,LAR,25,New Orleans Saints,NO,28,LAR,-6,49,53,0,25,28,-3,LAR,1,Home,25,28,-3,6,0
2004-10-03,2004,4,San Francisco 49ers,SF,14,St. Louis Rams,LAR,24,LAR,-4,44,38,0,24,14,10,LAR,1,Away,24,14,10,4,1
2004-10-10,2004,5,Seattle Seahawks,SEA,27,St. Louis Rams,LAR,33,SEA,-8,44,60,0,27,33,-6,LAR,0,Away,33,27,6,-8,1
2004-10-18,2004,6,St. Louis Rams,LAR,28,Tampa Bay Buccaneers,TB,21,LAR,-6.5,42.5,49,0,28,21,7,LAR,1,Home,28,21,7,6.5,1
2004-10-24,2004,7,Miami Dolphins,MIA,31,St. Louis Rams,LAR,14,LAR,-5,37.5,45,0,14,31,-17,LAR,1,Away,14,31,-17,5,0
2004-11-07,2004,9,St. Louis Rams,LAR,22,New England Patriots,NE,40,LAR,-2.5,49.5,62,0,22,40,-18,LAR,1,Home,22,40,-18,2.5,0
2004-11-14,2004,10,St. Louis Rams,LAR,23,Seattle Seahawks,SEA,12,SEA,-2.5,50.5,35,0,12,23,-11,LAR,0,Home,23,12,11,-2.5,1
2004-11-21,2004,11,Buffalo Bills,BUF,37,St. Louis Rams,LAR,17,BUF,-2,40,54,0,37,17,20,LAR,0,Away,17,37,-20,-2,0
2004-11-29,2004,12,Green Bay Packers,GB,45,St. Louis Rams,LAR,17,GB,-7,51,62,0,45,17,28,LAR,0,Away,17,45,-28,-7,0
2004-12-05,2004,13,St. Louis Rams,LAR,16,San Francisco 49ers,SF,6,LAR,-11,49,22,0,16,6,10,LAR,1,Home,16,6,10,11,0
2004-12-12,2004,14,Carolina Panthers,CAR,20,St. Louis Rams,LAR,7,CAR,-7,44.5,27,0,20,7,13,LAR,0,Away,7,20,-13,-7,0
2004-12-19,2004,15,Arizona Cardinals,ARI,31,St. Louis Rams,LAR,7,LAR,-3,41.5,38,0,7,31,-24,LAR,1,Away,7,31,-24,3,0
2004-12-27,2004,16,St. Louis Rams,LAR,20,Philadelphia Eagles,PHI,7,LAR,-4,42.5,27,0,20,7,13,LAR,1,Home,20,7,13,4,1
2005-01-02,2004,17,St. Louis Rams,LAR,32,New York Jets,NYJ,29,NYJ,-3.5,46,61,0,29,32,-3,LAR,0,Home,32,29,3,-3.5,1
2005-09-11,2005,1,San Francisco 49ers,SF,28,St. Louis Rams,LAR,25,LAR,-4.5,46,53,0,25,28,-3,LAR,1,Away,25,28,-3,4.5,0
2005-09-18,2005,2,Arizona Cardinals,ARI,12,St. Louis Rams,LAR,17,LAR,-1,44,29,0,17,12,5,LAR,1,Away,17,12,5,1,1
2005-09-25,2005,3,St. Louis Rams,LAR,31,Tennessee Titans,TEN,27,LAR,-6.5,46,58,0,31,27,4,LAR,1,Home,31,27,4,6.5,0
2005-10-02,2005,4,New York Giants,NYG,44,St. Louis Rams,LAR,24,NYG,-3,46,68,0,44,24,20,LAR,0,Away,24,44,-20,-3,0
2005-10-09,2005,5,St. Louis Rams,LAR,31,Seattle Seahawks,SEA,37,LAR,-3,48,68,0,31,37,-6,LAR,1,Home,31,37,-6,3,0
2005-10-17,2005,6,Indianapolis Colts,IND,45,St. Louis Rams,LAR,28,IND,-13,50.5,73,0,45,28,17,LAR,0,Away,28,45,-17,-13,0
2005-10-23,2005,7,St. Louis Rams,LAR,28,New Orleans Saints,NO,17,LAR,-5,50,45,0,28,17,11,LAR,1,Home,28,17,11,5,1
2005-10-30,2005,8,St. Louis Rams,LAR,24,Jacksonville Jaguars,JAX,21,JAX,-3,43,45,0,21,24,-3,LAR,0,Home,24,21,3,-3,1
2005-11-13,2005,10,Seattle Seahawks,SEA,31,St. Louis Rams,LAR,16,SEA,-7,48.5,47,0,31,16,15,LAR,0,Away,16,31,-15,-7,0
2005-11-20,2005,11,St. Louis Rams,LAR,28,Arizona Cardinals,ARI,38,LAR,-9,48,66,0,28,38,-10,LAR,1,Home,28,38,-10,9,0
2005-11-27,2005,12,Houston Texans,HOU,27,St. Louis Rams,LAR,33,LAR,-3.5,44.5,60,0,33,27,6,LAR,1,Away,33,27,6,3.5,1
2005-12-04,2005,13,St. Louis Rams,LAR,9,Washington Redskins,WAS,24,WAS,-3,45,33,0,24,9,15,LAR,0,Home,9,24,-15,-3,0
2005-12-11,2005,14,Minnesota Vikings,MIN,27,St. Louis Rams,LAR,13,MIN,-7,45.5,40,0,27,13,14,LAR,0,Away,13,27,-14,-7,0
2005-12-18,2005,15,St. Louis Rams,LAR,16,Philadelphia Eagles,PHI,17,LAR,-3,44,33,0,16,17,-1,LAR,1,Home,16,17,-1,3,0
2005-12-24,2005,16,St. Louis Rams,LAR,20,San Francisco 49ers,SF,24,LAR,-9,42,44,0,20,24,-4,LAR,1,Home,20,24,-4,9,0
2006-01-01,2005,17,Dallas Cowboys,DAL,10,St. Louis Rams,LAR,20,DAL,-12.5,43,30,0,10,20,-10,LAR,0,Away,20,10,10,-12.5,1
2006-09-10,2006,1,St. Louis Rams,LAR,18,Denver Broncos,DEN,10,DEN,-3.5,46,28,0,10,18,-8,LAR,0,Home,18,10,8,-3.5,1
2006-09-17,2006,2,San Francisco 49ers,SF,20,St. Louis Rams,LAR,13,LAR,-3,44.5,33,0,13,20,-7,LAR,1,Away,13,20,-7,3,0
2006-09-24,2006,3,Arizona Cardinals,ARI,14,St. Louis Rams,LAR,16,ARI,-5.5,45,30,0,14,16,-2,LAR,0,Away,16,14,2,-5.5,1
2006-10-01,2006,4,St. Louis Rams,LAR,41,Detroit Lions,DET,34,LAR,-5,42.5,75,0,41,34,7,LAR,1,Home,41,34,7,5,1
2006-10-08,2006,5,Green Bay Packers,GB,20,St. Louis Rams,LAR,23,LAR,-2.5,46.5,43,0,23,20,3,LAR,1,Away,23,20,3,2.5,1
2006-10-15,2006,6,St. Louis Rams,LAR,28,Seattle Seahawks,SEA,30,SEA,-3,45,58,0,30,28,2,LAR,0,Home,28,30,-2,-3,1
2006-10-29,2006,8,San Diego Chargers,LAC,38,St. Louis Rams,LAR,24,LAC,-9,46,62,0,38,24,14,LAR,0,Away,24,38,-14,-9,0
2006-11-05,2006,9,St. Louis Rams,LAR,17,Kansas City Chiefs,KC,31,LAR,-3,48.5,48,0,17,31,-14,LAR,1,Home,17,31,-14,3,0
2006-11-12,2006,10,Seattle Seahawks,SEA,24,St. Louis Rams,LAR,22,SEA,-3,43.5,46,0,24,22,2,LAR,0,Away,22,24,-2,-3,1
2006-11-19,2006,11,Carolina Panthers,CAR,15,St. Louis Rams,LAR,0,CAR,-6.5,44.5,15,0,15,0,15,LAR,0,Away,0,15,-15,-6.5,0
2006-11-26,2006,12,St. Louis Rams,LAR,20,San Francisco 49ers,SF,17,LAR,-4.5,45,37,0,20,17,3,LAR,1,Home,20,17,3,4.5,0
2006-12-03,2006,13,St. Louis Rams,LAR,20,Arizona Cardinals,ARI,34,LAR,-6.5,47,54,0,20,34,-14,LAR,1,Home,20,34,-14,6.5,0
2006-12-11,2006,14,St. Louis Rams,LAR,27,Chicago Bears,CHI,42,CHI,-6.5,41.5,69,0,42,27,15,LAR,0,Home,27,42,-15,-6.5,0
2006-12-17,2006,15,Oakland Raiders,OAK,0,St. Louis Rams,LAR,20,OAK,-2,39.5,20,0,0,20,-20,LAR,0,Away,20,0,20,-2,1
2006-12-24,2006,16,St. Louis Rams,LAR,37,Washington Redskins,WAS,31,LAR,-2,43,68,0,37,31,6,LAR,1,Home,37,31,6,2,1
2006-12-31,2006,17,Minnesota Vikings,MIN,21,St. Louis Rams,LAR,41,LAR,-2.5,44,62,0,41,21,20,LAR,1,Away,41,21,20,2.5,1
2007-09-09,2007,1,St. Louis Rams,LAR,13,Carolina Panthers,CAR,27,LAR,-1,43,40,0,13,27,-14,LAR,1,Home,13,27,-14,1,0
2007-09-16,2007,2,St. Louis Rams,LAR,16,San Francisco 49ers,SF,17,LAR,-3,44,33,0,16,17,-1,LAR,1,Home,16,17,-1,3,0
2007-09-23,2007,3,Tampa Bay Buccaneers,TB,24,St. Louis Rams,LAR,3,TB,-3.5,38.5,27,0,24,3,21,LAR,0,Away,3,24,-21,-3.5,0
2007-09-30,2007,4,Dallas Cowboys,DAL,35,St. Louis Rams,LAR,7,DAL,-13,47,42,0,35,7,28,LAR,0,Away,7,35,-28,-13,0
2007-10-07,2007,5,St. Louis Rams,LAR,31,Arizona Cardinals,ARI,34,ARI,-3.5,41,65,0,34,31,3,LAR,0,Home,31,34,-3,-3.5,1
2007-10-14,2007,6,Baltimore Ravens,BAL,22,St. Louis Rams,LAR,3,BAL,-9,36.5,25,0,22,3,19,LAR,0,Away,3,22,-19,-9,0
2007-10-21,2007,7,Seattle Seahawks,SEA,33,St. Louis Rams,LAR,6,SEA,-7.5,39.5,39,0,33,6,27,LAR,0,Away,6,33,-27,-7.5,0
2007-10-28,2007,8,St. Louis Rams,LAR,20,Cleveland Browns,CLE,27,CLE,-3,46.5,47,0,27,20,7,LAR,0,Home,20,27,-7,-3,0
2007-11-11,2007,10,New Orleans Saints,NO,29,St. Louis Rams,LAR,37,NO,-10.5,47,66,0,29,37,-8,LAR,0,Away,37,29,8,-10.5,1
2007-11-18,2007,11,San Francisco 49ers,SF,9,St. Louis Rams,LAR,13,LAR,-3,39.5,22,0,13,9,4,LAR,1,Away,13,9,4,3,1
2007-11-25,2007,12,St. Louis Rams,LAR,19,Seattle Seahawks,SEA,24,SEA,-3,46,43,0,24,19,5,LAR,0,Home,19,24,-5,-3,0
2007-12-02,2007,13,St. Louis Rams,LAR,28,Atlanta Falcons,ATL,16,LAR,-3,40,44,0,28,16,12,LAR,1,Home,28,16,12,3,1
2007-12-09,2007,14,Cincinnati Bengals,CIN,19,St. Louis Rams,LAR,10,CIN,-10,45.5,29,0,19,10,9,LAR,0,Away,10,19,-9,-10,1
2007-12-16,2007,15,St. Louis Rams,LAR,14,Green Bay Packers,GB,33,GB,-7,47,47,0,33,14,19,LAR,0,Home,14,33,-19,-7,0
2007-12-20,2007,16,St. Louis Rams,LAR,24,Pittsburgh Steelers,PIT,41,PIT,-8,43,65,0,41,24,17,LAR,0,Home,24,41,-17,-8,0
2007-12-30,2007,17,Arizona Cardinals,ARI,48,St. Louis Rams,LAR,19,ARI,-6,49,67,0,48,19,29,LAR,0,Away,19,48,-29,-6,0
2008-09-07,2008,1,Philadelphia Eagles,PHI,38,St. Louis Rams,LAR,3,PHI,-8,44,41,0,38,3,35,LAR,0,Away,3,38,-35,-8,0
2008-09-14,2008,2,St. Louis Rams,LAR,13,New York Giants,NYG,41,NYG,-8,43.5,54,0,41,13,28,LAR,0,Home,13,41,-28,-8,0
2008-09-21,2008,3,Seattle Seahawks,SEA,37,St. Louis Rams,LAR,13,SEA,-8,44.5,50,0,37,13,24,LAR,0,Away,13,37,-24,-8,0
2008-09-28,2008,4,St. Louis Rams,LAR,14,Buffalo Bills,BUF,31,BUF,-8.5,43.5,45,0,31,14,17,LAR,0,Home,14,31,-17,-8.5,0
2008-10-12,2008,6,Washington Redskins,WAS,17,St. Louis Rams,LAR,19,WAS,-13.5,44,36,0,17,19,-2,LAR,0,Away,19,17,2,-13.5,1
2008-10-19,2008,7,St. Louis Rams,LAR,34,Dallas Cowboys,DAL,14,DAL,-8,45,48,0,14,34,-20,LAR,0,Home,34,14,20,-8,1
2008-10-26,2008,8,New England Patriots,NE,23,St. Louis Rams,LAR,16,NE,-9,41,39,0,23,16,7,LAR,0,Away,16,23,-7,-9,1
2008-11-02,2008,9,St. Louis Rams,LAR,13,Arizona Cardinals,ARI,34,ARI,-3,50,47,0,34,13,21,LAR,0,Home,13,34,-21,-3,0
2008-11-09,2008,10,New York Jets,NYJ,47,St. Louis Rams,LAR,3,NYJ,-9.5,43.5,50,0,47,3,44,LAR,0,Away,3,47,-44,-9.5,0
2008-11-16,2008,11,San Francisco 49ers,SF,35,St. Louis Rams,LAR,16,SF,-7,43.5,51,0,35,16,19,LAR,0,Away,16,35,-19,-7,0
2008-11-23,2008,12,St. Louis Rams,LAR,3,Chicago Bears,CHI,27,CHI,-7,44.5,30,0,27,3,24,LAR,0,Home,3,27,-24,-7,0
2008-11-30,2008,13,St. Louis Rams,LAR,12,Miami Dolphins,MIA,16,MIA,-7,44.5,28,0,16,12,4,LAR,0,Home,12,16,-4,-7,1
2008-12-07,2008,14,Arizona Cardinals,ARI,34,St. Louis Rams,LAR,10,ARI,-14.5,48.5,44,0,34,10,24,LAR,0,Away,10,34,-24,-14.5,0
2008-12-14,2008,15,St. Louis Rams,LAR,20,Seattle Seahawks,SEA,23,SEA,-2.5,42,43,0,23,20,3,LAR,0,Home,20,23,-3,-2.5,0
2008-12-21,2008,16,St. Louis Rams,LAR,16,San Francisco 49ers,SF,17,SF,-3.5,42,33,0,17,16,1,LAR,0,Home,16,17,-1,-3.5,1
2008-12-28,2008,17,Atlanta Falcons,ATL,31,St. Louis Rams,LAR,27,ATL,-14,44.5,58,0,31,27,4,LAR,0,Away,27,31,-4,-14,1
2009-09-13,2009,1,Seattle Seahawks,SEA,28,St. Louis Rams,LAR,0,SEA,-7,41,28,0,28,0,28,LAR,0,Away,0,28,-28,-7,0
2009-09-20,2009,2,Washington Redskins,WAS,9,St. Louis Rams,LAR,7,WAS,-10,37,16,0,9,7,2,LAR,0,Away,7,9,-2,-10,1
2009-09-27,2009,3,St. Louis Rams,LAR,17,Green Bay Packers,GB,36,GB,-6.5,43,53,0,36,17,19,LAR,0,Home,17,36,-19,-6.5,0
2009-10-04,2009,4,San Francisco 49ers,SF,35,St. Louis Rams,LAR,0,SF,-9.5,36.5,35,0,35,0,35,LAR,0,Away,0,35,-35,-9.5,0
2009-10-11,2009,5,St. Louis Rams,LAR,10,Minnesota Vikings,MIN,38,MIN,-10.5,41,48,0,38,10,28,LAR,0,Home,10,38,-28,-10.5,0
2009-10-18,2009,6,Jacksonville Jaguars,JAX,23,St. Louis Rams,LAR,20,JAX,-9.5,42.5,43,0,23,20,3,LAR,0,Away,20,23,-3,-9.5,1
2009-10-25,2009,7,St. Louis Rams,LAR,6,Indianapolis Colts,IND,42,IND,-14.5,45,48,0,42,6,36,LAR,0,Home,6,42,-36,-14.5,0
2009-11-01,2009,8,Detroit Lions,DET,10,St. Louis Rams,LAR,17,DET,-4,43.5,27,0,10,17,-7,LAR,0,Away,17,10,7,-4,1
2009-11-15,2009,10,St. Louis Rams,LAR,23,New Orleans Saints,NO,28,NO,-14.5,51,51,0,28,23,5,LAR,0,Home,23,28,-5,-14.5,1
2009-11-22,2009,11,St. Louis Rams,LAR,13,Arizona Cardinals,ARI,21,ARI,-9,47,34,0,21,13,8,LAR,0,Home,13,21,-8,-9,1
2009-11-29,2009,12,St. Louis Rams,LAR,17,Seattle Seahawks,SEA,27,SEA,-3.5,42.5,44,0,27,17,10,LAR,0,Home,17,27,-10,-3.5,0
2009-12-06,2009,13,Chicago Bears,CHI,17,St. Louis Rams,LAR,9,CHI,-9,41,26,0,17,9,8,LAR,0,Away,9,17,-8,-9,1
2009-12-13,2009,14,Tennessee Titans,TEN,47,St. Louis Rams,LAR,7,TEN,-14,40,54,0,47,7,40,LAR,0,Away,7,47,-40,-14,0
2009-12-20,2009,15,St. Louis Rams,LAR,13,Houston Texans,HOU,16,HOU,-14,43.5,29,0,16,13,3,LAR,0,Home,13,16,-3,-14,1
2009-12-27,2009,16,Arizona Cardinals,ARI,31,St. Louis Rams,LAR,10,ARI,-16,43.5,41,0,31,10,21,LAR,0,Away,10,31,-21,-16,0
2010-01-03,2009,17,St. Louis Rams,LAR,6,San Francisco 49ers,SF,28,SF,-7,39.5,34,0,28,6,22,LAR,0,Home,6,28,-22,-7,0
2010-09-12,2010,1,St. Louis Rams,LAR,13,Arizona Cardinals,ARI,17,ARI,-3,39.5,30,0,17,13,4,LAR,0,Home,13,17,-4,-3,0
2010-09-19,2010,2,Oakland Raiders,OAK,16,St. Louis Rams,LAR,14,OAK,-3,37.5,30,0,16,14,2,LAR,0,Away,14,16,-2,-3,1
2010-09-26,2010,3,St. Louis Rams,LAR,30,Washington Redskins,WAS,16,WAS,-5,39,46,0,16,30,-14,LAR,0,Home,30,16,14,-5,1
2010-10-03,2010,4,St. Louis Rams,LAR,20,Seattle Seahawks,SEA,3,SEA,-2,40,23,0,3,20,-17,LAR,0,Home,20,3,17,-2,1
2010-10-10,2010,5,Detroit Lions,DET,44,St. Louis Rams,LAR,6,DET,-3,42.5,50,0,44,6,38,LAR,0,Away,6,44,-38,-3,0
2010-10-17,2010,6,St. Louis Rams,LAR,20,San Diego Chargers,LAC,17,LAC,-8.5,45,37,0,17,20,-3,LAR,0,Home,20,17,3,-8.5,1
2010-10-24,2010,7,Tampa Bay Buccaneers,TB,18,St. Louis Rams,LAR,17,TB,-3,39,35,0,18,17,1,LAR,0,Away,17,18,-1,-3,1
2010-10-31,2010,8,St. Louis Rams,LAR,20,Carolina Panthers,CAR,10,LAR,-2.5,37,30,0,20,10,10,LAR,1,Home,20,10,10,2.5,1
2010-11-14,2010,10,San Francisco 49ers,SF,23,St. Louis Rams,LAR,20,SF,-4.5,39,43,0,23,20,3,LAR,0,Away,20,23,-3,-4.5,1
2010-11-21,2010,11,St. Louis Rams,LAR,17,Atlanta Falcons,ATL,34,ATL,-3.5,43.5,51,0,34,17,17,LAR,0,Home,17,34,-17,-3.5,0
2010-11-28,2010,12,Denver Broncos,DEN,33,St. Louis Rams,LAR,36,DEN,-3,45,69,0,33,36,-3,LAR,0,Away,36,33,3,-3,1
2010-12-05,2010,13,Arizona Cardinals,ARI,6,St. Louis Rams,LAR,19,LAR,-3.5,44,25,0,19,6,13,LAR,1,Away,19,6,13,3.5,1
2010-12-12,2010,14,New Orleans Saints,NO,31,St. Louis Rams,LAR,13,NO,-9,47,44,0,31,13,18,LAR,0,Away,13,31,-18,-9,0
2010-12-19,2010,15,St. Louis Rams,LAR,13,Kansas City Chiefs,KC,27,LAR,-3,42.5,40,0,13,27,-14,LAR,1,Home,13,27,-14,3,0
2010-12-26,2010,16,St. Louis Rams,LAR,25,San Francisco 49ers,SF,17,LAR,-2.5,40,42,0,25,17,8,LAR,1,Home,25,17,8,2.5,1
2011-01-02,2010,17,Seattle Seahawks,SEA,16,St. Louis Rams,LAR,6,LAR,-3,41.5,22,0,6,16,-10,LAR,1,Away,6,16,-10,3,0
2011-09-11,2011,1,St. Louis Rams,LAR,13,Philadelphia Eagles,PHI,31,PHI,-4,44.5,44,0,31,13,18,LAR,0,Home,13,31,-18,-4,0
2011-09-19,2011,2,New York Giants,NYG,28,St. Louis Rams,LAR,16,NYG,-7,44,44,0,28,16,12,LAR,0,Away,16,28,-12,-7,0
2011-09-25,2011,3,St. Louis Rams,LAR,7,Baltimore Ravens,BAL,37,BAL,-6,42,44,0,37,7,30,LAR,0,Home,7,37,-30,-6,0
2011-10-02,2011,4,St. Louis Rams,LAR,10,Washington Redskins,WAS,17,WAS,-3,44,27,0,17,10,7,LAR,0,Home,10,17,-7,-3,0
2011-10-16,2011,6,Green Bay Packers,GB,24,St. Louis Rams,LAR,3,GB,-14,47.5,27,0,24,3,21,LAR,0,Away,3,24,-21,-14,0
2011-10-23,2011,7,Dallas Cowboys,DAL,34,St. Louis Rams,LAR,7,DAL,-14,43,41,0,34,7,27,LAR,0,Away,7,34,-27,-14,0
2011-10-30,2011,8,St. Louis Rams,LAR,31,New Orleans Saints,NO,21,NO,-14,48.5,52,0,21,31,-10,LAR,0,Home,31,21,10,-14,1
2011-11-06,2011,9,Arizona Cardinals,ARI,19,St. Louis Rams,LAR,13,ARI,-3,41.5,32,0,19,13,6,LAR,0,Away,13,19,-6,-3,0
2011-11-13,2011,10,Cleveland Browns,CLE,12,St. Louis Rams,LAR,13,CLE,-3,36.5,25,0,12,13,-1,LAR,0,Away,13,12,1,-3,1
2011-11-20,2011,11,St. Louis Rams,LAR,7,Seattle Seahawks,SEA,24,LAR,-3,40,31,0,7,24,-17,LAR,1,Home,7,24,-17,3,0
2011-11-27,2011,12,St. Louis Rams,LAR,20,Arizona Cardinals,ARI,23,LAR,-2.5,40,43,0,20,23,-3,LAR,1,Home,20,23,-3,2.5,0
2011-12-04,2011,13,San Francisco 49ers,SF,26,St. Louis Rams,LAR,0,SF,-14.5,38.5,26,0,26,0,26,LAR,0,Away,0,26,-26,-14.5,0
2011-12-12,2011,14,Seattle Seahawks,SEA,30,St. Louis Rams,LAR,13,SEA,-9.5,37,43,0,30,13,17,LAR,0,Away,13,30,-17,-9.5,0
2011-12-18,2011,15,St. Louis Rams,LAR,13,Cincinnati Bengals,CIN,20,CIN,-7,39,33,0,20,13,7,LAR,0,Home,13,20,-7,-7,0
2011-12-24,2011,16,Pittsburgh Steelers,PIT,27,St. Louis Rams,LAR,0,PIT,-10,34,27,0,27,0,27,LAR,0,Away,0,27,-27,-10,0
2012-01-01,2011,17,St. Louis Rams,LAR,27,San Francisco 49ers,SF,34,SF,-12.5,34.5,61,0,34,27,7,LAR,0,Home,27,34,-7,-12.5,1
2012-09-09,2012,1,Detroit Lions,DET,27,St. Louis Rams,LAR,23,DET,-9,46.5,50,0,27,23,4,LAR,0,Away,23,27,-4,-9,1
2012-09-16,2012,2,St. Louis Rams,LAR,31,Washington Redskins,WAS,28,WAS,-3.5,42.5,59,0,28,31,-3,LAR,0,Home,31,28,3,-3.5,1
2012-09-23,2012,3,Chicago Bears,CHI,23,St. Louis Rams,LAR,6,CHI,-7,42,29,0,23,6,17,LAR,0,Away,6,23,-17,-7,0
2012-09-30,2012,4,St. Louis Rams,LAR,19,Seattle Seahawks,SEA,13,SEA,-2.5,39,32,0,13,19,-6,LAR,0,Home,19,13,6,-2.5,1
2012-10-04,2012,5,St. Louis Rams,LAR,17,Arizona Cardinals,ARI,3,ARI,-1.5,38,20,0,3,17,-14,LAR,0,Home,17,3,14,-1.5,1
2012-10-14,2012,6,Miami Dolphins,MIA,17,St. Louis Rams,LAR,14,MIA,-5,38,31,0,17,14,3,LAR,0,Away,14,17,-3,-5,1
2012-10-21,2012,7,St. Louis Rams,LAR,20,Green Bay Packers,GB,30,GB,-5,45,50,0,30,20,10,LAR,0,Home,20,30,-10,-5,0
2012-11-11,2012,10,San Francisco 49ers,SF,24,St. Louis Rams,LAR,24,SF,-13,38,48,0,24,24,0,LAR,0,Away,24,24,0,-13,1
2012-11-18,2012,11,St. Louis Rams,LAR,13,New York Jets,NYJ,27,LAR,-3.5,38.5,40,0,13,27,-14,LAR,1,Home,13,27,-14,3.5,0
2012-11-25,2012,12,Arizona Cardinals,ARI,17,St. Louis Rams,LAR,31,ARI,-1,36.5,48,0,17,31,-14,LAR,0,Away,31,17,14,-1,1
2012-12-02,2012,13,St. Louis Rams,LAR,16,San Francisco 49ers,SF,13,SF,-8,41,29,0,13,16,-3,LAR,0,Home,16,13,3,-8,1
2012-12-09,2012,14,Buffalo Bills,BUF,12,St. Louis Rams,LAR,15,BUF,-3,42.5,27,0,12,15,-3,LAR,0,Away,15,12,3,-3,1
2012-12-16,2012,15,St. Louis Rams,LAR,22,Minnesota Vikings,MIN,36,LAR,-2.5,39.5,58,0,22,36,-14,LAR,1,Home,22,36,-14,2.5,0
2012-12-23,2012,16,Tampa Bay Buccaneers,TB,13,St. Louis Rams,LAR,28,TB,-3,44,41,0,13,28,-15,LAR,0,Away,28,13,15,-3,1
2012-12-30,2012,17,Seattle Seahawks,SEA,20,St. Louis Rams,LAR,13,SEA,-12,42.5,33,0,20,13,7,LAR,0,Away,13,20,-7,-12,1
2013-09-08,2013,1,St. Louis Rams,LAR,27,Arizona Cardinals,ARI,24,LAR,-3.5,41.5,51,0,27,24,3,LAR,1,Home,27,24,3,3.5,0
2013-09-15,2013,2,Atlanta Falcons,ATL,31,St. Louis Rams,LAR,24,ATL,-5.5,47.5,55,0,31,24,7,LAR,0,Away,24,31,-7,-5.5,0
2013-09-22,2013,3,Dallas Cowboys,DAL,31,St. Louis Rams,LAR,7,DAL,-3.5,47,38,0,31,7,24,LAR,0,Away,7,31,-24,-3.5,0
2013-09-26,2013,4,St. Louis Rams,LAR,11,San Francisco 49ers,SF,35,SF,-4,43.5,46,0,35,11,24,LAR,0,Home,11,35,-24,-4,0
2013-10-06,2013,5,St. Louis Rams,LAR,34,Jacksonville Jaguars,JAX,20,LAR,-11,41,54,0,34,20,14,LAR,1,Home,34,20,14,11,1
2013-10-13,2013,6,Houston Texans,HOU,13,St. Louis Rams,LAR,38,HOU,-9,42.5,51,0,13,38,-25,LAR,0,Away,38,13,25,-9,1
2013-10-20,2013,7,Carolina Panthers,CAR,30,St. Louis Rams,LAR,15,CAR,-7,42,45,0,30,15,15,LAR,0,Away,15,30,-15,-7,0
2013-10-28,2013,8,St. Louis Rams,LAR,9,Seattle Seahawks,SEA,14,SEA,-13,43.5,23,0,14,9,5,LAR,0,Home,9,14,-5,-13,1
2013-11-03,2013,9,St. Louis Rams,LAR,21,Tennessee Titans,TEN,28,TEN,-3,40.5,49,0,28,21,7,LAR,0,Home,21,28,-7,-3,0
2013-11-10,2013,10,Indianapolis Colts,IND,8,St. Louis Rams,LAR,38,IND,-7,43,46,0,8,38,-30,LAR,0,Away,38,8,30,-7,1
2013-11-24,2013,12,St. Louis Rams,LAR,42,Chicago Bears,CHI,21,LAR,-1.5,45,63,0,42,21,21,LAR,1,Home,42,21,21,1.5,1
2013-12-01,2013,13,San Francisco 49ers,SF,23,St. Louis Rams,LAR,13,SF,-7.5,40,36,0,23,13,10,LAR,0,Away,13,23,-10,-7.5,0
2013-12-08,2013,14,Arizona Cardinals,ARI,30,St. Louis Rams,LAR,10,ARI,-4.5,41,40,0,30,10,20,LAR,0,Away,10,30,-20,-4.5,0
2013-12-15,2013,15,St. Louis Rams,LAR,27,New Orleans Saints,NO,16,NO,-7,48,43,0,16,27,-11,LAR,0,Home,27,16,11,-7,1
2013-12-22,2013,16,St. Louis Rams,LAR,23,Tampa Bay Buccaneers,TB,13,LAR,-3.5,43,36,0,23,13,10,LAR,1,Home,23,13,10,3.5,1
2013-12-29,2013,17,Seattle Seahawks,SEA,27,St. Louis Rams,LAR,9,SEA,-12.5,41,36,0,27,9,18,LAR,0,Away,9,27,-18,-12.5,0
2014-09-07,2014,1,St. Louis Rams,LAR,6,Minnesota Vikings,MIN,34,LAR,-3,43,40,0,6,34,-28,LAR,1,Home,6,34,-28,3,0
2014-09-14,2014,2,Tampa Bay Buccaneers,TB,17,St. Louis Rams,LAR,19,TB,-4,37.5,36,0,17,19,-2,LAR,0,Away,19,17,2,-4,1
2014-09-21,2014,3,St. Louis Rams,LAR,31,Dallas Cowboys,DAL,34,DAL,-1.5,45,65,0,34,31,3,LAR,0,Home,31,34,-3,-1.5,0
2014-10-05,2014,5,Philadelphia Eagles,PHI,34,St. Louis Rams,LAR,28,PHI,-3.5,48,62,0,34,28,6,LAR,0,Away,28,34,-6,-3.5,0
2014-10-13,2014,6,St. Louis Rams,LAR,17,San Francisco 49ers,SF,31,SF,-3.5,44.5,48,0,31,17,14,LAR,0,Home,17,31,-14,-3.5,0
2014-10-19,2014,7,St. Louis Rams,LAR,28,Seattle Seahawks,SEA,26,SEA,-7,43.5,54,0,26,28,-2,LAR,0,Home,28,26,2,-7,1
2014-10-26,2014,8,Kansas City Chiefs,KC,34,St. Louis Rams,LAR,7,KC,-7.5,44,41,0,34,7,27,LAR,0,Away,7,34,-27,-7.5,0
2014-11-02,2014,9,San Francisco 49ers,SF,10,St. Louis Rams,LAR,13,SF,-10.5,44,23,0,10,13,-3,LAR,0,Away,13,10,3,-10.5,1
2014-11-09,2014,10,Arizona Cardinals,ARI,31,St. Louis Rams,LAR,14,ARI,-7,43.5,45,0,31,14,17,LAR,0,Away,14,31,-17,-7,0
2014-11-16,2014,11,St. Louis Rams,LAR,22,Denver Broncos,DEN,7,DEN,-8,50,29,0,7,22,-15,LAR,0,Home,22,7,15,-8,1
2014-11-23,2014,12,San Diego Chargers,LAC,27,St. Louis Rams,LAR,24,LAC,-4,43.5,51,0,27,24,3,LAR,0,Away,24,27,-3,-4,1
2014-11-30,2014,13,St. Louis Rams,LAR,52,Oakland Raiders,OAK,0,LAR,-6.5,43,52,0,52,0,52,LAR,1,Home,52,0,52,6.5,1
2014-12-07,2014,14,Washington Redskins,WAS,0,St. Louis Rams,LAR,24,LAR,-2.5,44.5,24,0,24,0,24,LAR,1,Away,24,0,24,2.5,1
2014-12-11,2014,15,St. Louis Rams,LAR,6,Arizona Cardinals,ARI,12,LAR,-6,40.5,18,0,6,12,-6,LAR,1,Home,6,12,-6,6,0
2014-12-21,2014,16,St. Louis Rams,LAR,27,New York Giants,NYG,37,LAR,-7,43.5,64,0,27,37,-10,LAR,1,Home,27,37,-10,7,0
2014-12-28,2014,17,Seattle Seahawks,SEA,20,St. Louis Rams,LAR,6,SEA,-11,41.5,26,0,20,6,14,LAR,0,Away,6,20,-14,-11,0
2015-09-13,2015,1,St. Louis Rams,LAR,34,Seattle Seahawks,SEA,31,SEA,-3.5,41,65,0,31,34,-3,LAR,0,Home,34,31,3,-3.5,1
2015-09-20,2015,2,Washington Redskins,WAS,24,St. Louis Rams,LAR,10,LAR,-3,41,34,0,10,24,-14,LAR,1,Away,10,24,-14,3,0
2015-09-27,2015,3,St. Louis Rams,LAR,6,Pittsburgh Steelers,PIT,12,LAR,-1,48.5,18,0,6,12,-6,LAR,1,Home,6,12,-6,1,0
2015-10-04,2015,4,Arizona Cardinals,ARI,22,St. Louis Rams,LAR,24,ARI,-7,43.5,46,0,22,24,-2,LAR,0,Away,24,22,2,-7,1
2015-10-11,2015,5,Green Bay Packers,GB,24,St. Louis Rams,LAR,10,GB,-9,46,34,0,24,10,14,LAR,0,Away,10,24,-14,-9,0
2015-10-25,2015,7,St. Louis Rams,LAR,24,Cleveland Browns,CLE,6,LAR,-6,44,30,0,24,6,18,LAR,1,Home,24,6,18,6,1
2015-11-01,2015,8,St. Louis Rams,LAR,27,San Francisco 49ers,SF,6,LAR,-8,41,33,0,27,6,21,LAR,1,Home,27,6,21,8,1
2015-11-08,2015,9,Minnesota Vikings,MIN,21,St. Louis Rams,LAR,18,MIN,-1,40,39,0,21,18,3,LAR,0,Away,18,21,-3,-1,0
2015-11-15,2015,10,St. Louis Rams,LAR,13,Chicago Bears,CHI,37,LAR,-7,42.5,50,0,13,37,-24,LAR,1,Home,13,37,-24,7,0
2015-11-22,2015,11,Baltimore Ravens,BAL,16,St. Louis Rams,LAR,13,BAL,-3,41.5,29,0,16,13,3,LAR,0,Away,13,16,-3,-3,0
2015-11-29,2015,12,Cincinnati Bengals,CIN,31,St. Louis Rams,LAR,7,CIN,-9.5,42,38,0,31,7,24,LAR,0,Away,7,31,-24,-9.5,0
2015-12-06,2015,13,St. Louis Rams,LAR,3,Arizona Cardinals,ARI,27,ARI,-3.5,43,30,0,27,3,24,LAR,0,Home,3,27,-24,-3.5,0
2015-12-13,2015,14,St. Louis Rams,LAR,21,Detroit Lions,DET,14,DET,-3,41.5,35,0,14,21,-7,LAR,0,Home,21,14,7,-3,1
2015-12-17,2015,15,St. Louis Rams,LAR,31,Tampa Bay Buccaneers,TB,23,LAR,-1,41,54,0,31,23,8,LAR,1,Home,31,23,8,1,1
2015-12-27,2015,16,Seattle Seahawks,SEA,17,St. Louis Rams,LAR,23,SEA,-11,42,40,0,17,23,-6,LAR,0,Away,23,17,6,-11,1
2016-01-03,2015,17,San Francisco 49ers,SF,19,St. Louis Rams,LAR,16,LAR,-3,38.5,35,0,16,19,-3,LAR,1,Away,16,19,-3,3,0
2016-09-12,2016,1,San Francisco 49ers,SF,28,Los Angeles Rams,LAR,0,LAR,-2.5,43.5,28,0,0,28,-28,LAR,1,Away,0,28,-28,2.5,0
2016-09-18,2016,2,Los Angeles Rams,LAR,9,Seattle Seahawks,SEA,3,SEA,-5.5,38,12,0,3,9,-6,LAR,0,Home,9,3,6,-5.5,1
2016-09-25,2016,3,Tampa Bay Buccaneers,TB,32,Los Angeles Rams,LAR,37,TB,-3.5,40.5,69,0,32,37,-5,LAR,0,Away,37,32,5,-3.5,1
2016-10-02,2016,4,Arizona Cardinals,ARI,13,Los Angeles Rams,LAR,17,ARI,-10,43.5,30,0,13,17,-4,LAR,0,Away,17,13,4,-10,1
2016-10-09,2016,5,Los Angeles Rams,LAR,19,Buffalo Bills,BUF,30,BUF,-2.5,41.5,49,0,30,19,11,LAR,0,Home,19,30,-11,-2.5,0
2016-10-16,2016,6,Detroit Lions,DET,31,Los Angeles Rams,LAR,28,DET,-2.5,44,59,0,31,28,3,LAR,0,Away,28,31,-3,-2.5,0
2016-11-06,2016,9,Los Angeles Rams,LAR,10,Carolina Panthers,CAR,13,CAR,-3,44.5,23,0,13,10,3,LAR,0,Home,10,13,-3,-3,0
2016-11-13,2016,10,New York Jets,NYJ,6,Los Angeles Rams,LAR,9,LAR,-1,38.5,15,0,9,6,3,LAR,1,Away,9,6,3,1,1
2016-11-20,2016,11,Los Angeles Rams,LAR,10,Miami Dolphins,MIA,14,MIA,-1,38.5,24,0,14,10,4,LAR,0,Home,10,14,-4,-1,0
2016-11-27,2016,12,New Orleans Saints,NO,49,Los Angeles Rams,LAR,21,NO,-8,45,70,0,49,21,28,LAR,0,Away,21,49,-28,-8,0
2016-12-04,2016,13,New England Patriots,NE,26,Los Angeles Rams,LAR,10,NE,-13.5,45,36,0,26,10,16,LAR,0,Away,10,26,-16,-13.5,0
2016-12-11,2016,14,Los Angeles Rams,LAR,14,Atlanta Falcons,ATL,42,ATL,-5,44,56,0,42,14,28,LAR,0,Home,14,42,-28,-5,0
2016-12-15,2016,15,Seattle Seahawks,SEA,24,Los Angeles Rams,LAR,3,SEA,-15,39.5,27,0,24,3,21,LAR,0,Away,3,24,-21,-15,0
2016-12-24,2016,16,Los Angeles Rams,LAR,21,San Francisco 49ers,SF,22,LAR,-6,39.5,43,0,21,22,-1,LAR,1,Home,21,22,-1,6,0
2017-01-01,2016,17,Los Angeles Rams,LAR,6,Arizona Cardinals,ARI,44,ARI,-7,39,50,0,44,6,38,LAR,0,Home,6,44,-38,-7,0
2017-09-10,2017,1,Los Angeles Rams,LAR,46,Indianapolis Colts,IND,9,IND,-1.5,41.5,55,0,9,46,-37,LAR,0,Home,46,9,37,-1.5,1
2017-09-17,2017,2,Los Angeles Rams,LAR,20,Washington Redskins,WAS,27,LAR,-2.5,46,47,0,20,27,-7,LAR,1,Home,20,27,-7,2.5,0
2017-09-21,2017,3,San Francisco 49ers,SF,39,Los Angeles Rams,LAR,41,LAR,-2,40.5,80,0,41,39,2,LAR,1,Away,41,39,2,2,0
2017-10-01,2017,4,Dallas Cowboys,DAL,30,Los Angeles Rams,LAR,35,DAL,-6,48.5,65,0,30,35,-5,LAR,0,Away,35,30,5,-6,1
2017-10-08,2017,5,Los Angeles Rams,LAR,10,Seattle Seahawks,SEA,16,LAR,-1,47.5,26,0,10,16,-6,LAR,1,Home,10,16,-6,1,0
2017-10-15,2017,6,Jacksonville Jaguars,JAX,17,Los Angeles Rams,LAR,27,JAX,-2.5,42.5,44,0,17,27,-10,LAR,0,Away,27,17,10,-2.5,1
2017-11-05,2017,9,New York Giants,NYG,17,Los Angeles Rams,LAR,51,LAR,-5.5,42.5,68,0,51,17,34,LAR,1,Away,51,17,34,5.5,1
2017-11-12,2017,10,Los Angeles Rams,LAR,33,Houston Texans,HOU,7,LAR,-12,45,40,0,33,7,26,LAR,1,Home,33,7,26,12,1
2017-11-19,2017,11,Minnesota Vikings,MIN,24,Los Angeles Rams,LAR,7,MIN,-2.5,45.5,31,0,24,7,17,LAR,0,Away,7,24,-17,-2.5,0
2017-11-26,2017,12,Los Angeles Rams,LAR,26,New Orleans Saints,NO,20,LAR,-2.5,53.5,46,0,26,20,6,LAR,1,Home,26,20,6,2.5,1
2017-12-03,2017,13,Arizona Cardinals,ARI,16,Los Angeles Rams,LAR,32,LAR,-7,44.5,48,0,32,16,16,LAR,1,Away,32,16,16,7,1
2017-12-10,2017,14,Los Angeles Rams,LAR,35,Philadelphia Eagles,PHI,43,LAR,-1,47.5,78,0,35,43,-8,LAR,1,Home,35,43,-8,1,0
2017-12-17,2017,15,Seattle Seahawks,SEA,7,Los Angeles Rams,LAR,42,LAR,-1,47.5,49,0,42,7,35,LAR,1,Away,42,7,35,1,1
2017-12-24,2017,16,Tennessee Titans,TEN,23,Los Angeles Rams,LAR,27,LAR,-5.5,46,50,0,27,23,4,LAR,1,Away,27,23,4,5.5,0
2017-12-31,2017,17,Los Angeles Rams,LAR,13,San Francisco 49ers,SF,34,SF,-6,44.5,47,0,34,13,21,LAR,0,Home,13,34,-21,-6,0
2018-09-10,2018,1,Oakland Raiders,OAK,13,Los Angeles Rams,LAR,33,LAR,-6.5,47.5,46,0,33,13,20,LAR,1,Away,33,13,20,6.5,1
2018-09-16,2018,2,Los Angeles Rams,LAR,34,Arizona Cardinals,ARI,0,LAR,-13.5,43.5,34,0,34,0,34,LAR,1,Home,34,0,34,13.5,1
2018-09-23,2018,3,Los Angeles Rams,LAR,35,Los Angeles Chargers,LAC,23,LAR,-7.5,49,58,0,35,23,12,LAR,1,Home,35,23,12,7.5,1
2018-09-27,2018,4,Los Angeles Rams,LAR,38,Minnesota Vikings,MIN,31,LAR,-7.5,48.5,69,0,38,31,7,LAR,1,Home,38,31,7,7.5,0
2018-10-07,2018,5,Seattle Seahawks,SEA,31,Los Angeles Rams,LAR,33,LAR,-7.5,50.5,64,0,33,31,2,LAR,1,Away,33,31,2,7.5,0
2018-10-14,2018,6,Denver Broncos,DEN,20,Los Angeles Rams,LAR,23,LAR,-7,50,43,0,23,20,3,LAR,1,Away,23,20,3,7,0
2018-10-21,2018,7,San Francisco 49ers,SF,10,Los Angeles Rams,LAR,39,LAR,-8,52,49,0,39,10,29,LAR,1,Away,39,10,29,8,1
2018-10-28,2018,8,Los Angeles Rams,LAR,29,Green Bay Packers,GB,27,LAR,-7.5,57,56,0,29,27,2,LAR,1,Home,29,27,2,7.5,0
2018-11-04,2018,9,New Orleans Saints,NO,45,Los Angeles Rams,LAR,35,LAR,-1.5,57,80,0,35,45,-10,LAR,1,Away,35,45,-10,1.5,0
2018-11-11,2018,10,Los Angeles Rams,LAR,36,Seattle Seahawks,SEA,31,LAR,-10,51,67,0,36,31,5,LAR,1,Home,36,31,5,10,0
2018-11-19,2018,11,Los Angeles Rams,LAR,54,Kansas City Chiefs,KC,51,LAR,-3,63.5,105,0,54,51,3,LAR,1,Home,54,51,3,3,0
2018-12-02,2018,13,Detroit Lions,DET,16,Los Angeles Rams,LAR,30,LAR,-10.5,54,46,0,30,16,14,LAR,1,Away,30,16,14,10.5,1
2018-12-09,2018,14,Chicago Bears,CHI,15,Los Angeles Rams,LAR,6,LAR,-3,51,21,0,6,15,-9,LAR,1,Away,6,15,-9,3,0
2018-12-16,2018,15,Los Angeles Rams,LAR,23,Philadelphia Eagles,PHI,30,LAR,-13.5,52.5,53,0,23,30,-7,LAR,1,Home,23,30,-7,13.5,0
2018-12-23,2018,16,Arizona Cardinals,ARI,9,Los Angeles Rams,LAR,31,LAR,-14.5,43,40,0,31,9,22,LAR,1,Away,31,9,22,14.5,1
2018-12-30,2018,17,Los Angeles Rams,LAR,48,San Francisco 49ers,SF,32,LAR,-10.5,49.5,80,0,48,32,16,LAR,1,Home,48,32,16,10.5,1
2019-09-08,2019,1,Carolina Panthers,CAR,27,Los Angeles Rams,LAR,30,LAR,-2,49.5,57,0,30,27,3,LAR,1,Away,30,27,3,2,1
2019-09-15,2019,2,Los Angeles Rams,LAR,27,New Orleans Saints,NO,9,LAR,-2,52,36,0,27,9,18,LAR,1,Home,27,9,18,2,1
2019-09-22,2019,3,Cleveland Browns,CLE,13,Los Angeles Rams,LAR,20,LAR,-4,48,33,0,20,13,7,LAR,1,Away,20,13,7,4,1
2019-09-29,2019,4,Los Angeles Rams,LAR,40,Tampa Bay Buccaneers,TB,55,LAR,-9,48.5,95,0,40,55,-15,LAR,1,Home,40,55,-15,9,0
2019-10-03,2019,5,Seattle Seahawks,SEA,30,Los Angeles Rams,LAR,29,SEA,-1.5,48.5,59,0,30,29,1,LAR,0,Away,29,30,-1,-1.5,1
2019-10-13,2019,6,Los Angeles Rams,LAR,7,San Francisco 49ers,SF,20,LAR,-3,50,27,0,7,20,-13,LAR,1,Home,7,20,-13,3,0
2019-10-20,2019,7,Atlanta Falcons,ATL,10,Los Angeles Rams,LAR,37,LAR,-3,54.5,47,0,37,10,27,LAR,1,Away,37,10,27,3,1
2019-11-10,2019,10,Pittsburgh Steelers,PIT,17,Los Angeles Rams,LAR,12,LAR,-4.5,43.5,29,0,12,17,-5,LAR,1,Away,12,17,-5,4.5,0
2019-11-17,2019,11,Los Angeles Rams,LAR,17,Chicago Bears,CHI,7,LAR,-5.5,40,24,0,17,7,10,LAR,1,Home,17,7,10,5.5,1
2019-11-25,2019,12,Los Angeles Rams,LAR,6,Baltimore Ravens,BAL,45,BAL,-3.5,47,51,0,45,6,39,LAR,0,Home,6,45,-39,-3.5,0
2019-12-01,2019,13,Arizona Cardinals,ARI,7,Los Angeles Rams,LAR,34,LAR,-2.5,47,41,0,34,7,27,LAR,1,Away,34,7,27,2.5,1
2019-12-08,2019,14,Los Angeles Rams,LAR,28,Seattle Seahawks,SEA,12,LAR,-1,47.5,40,0,28,12,16,LAR,1,Home,28,12,16,1,1
2019-12-15,2019,15,Dallas Cowboys,DAL,44,Los Angeles Rams,LAR,21,LAR,-1,48.5,65,0,21,44,-23,LAR,1,Away,21,44,-23,1,0
2019-12-21,2019,16,San Francisco 49ers,SF,34,Los Angeles Rams,LAR,31,SF,-7,45.5,65,0,34,31,3,LAR,0,Away,31,34,-3,-7,1
2019-12-29,2019,17,Los Angeles Rams,LAR,31,Arizona Cardinals,ARI,24,LAR,-7,45.5,55,0,31,24,7,LAR,1,Home,31,24,7,7,0
2000-09-03,2000,1,New York Giants,NYG,21,Arizona Cardinals,ARI,16,NYG,-6.5,40,37,0,21,16,5,ARI,0,Away,16,21,-5,-6.5,1
2000-09-10,2000,2,Arizona Cardinals,ARI,32,Dallas Cowboys,DAL,31,ARI,-3,38.5,63,0,32,31,1,ARI,1,Home,32,31,1,3,0
2000-09-24,2000,4,Arizona Cardinals,ARI,3,Green Bay Packers,GB,29,ARI,-1,42,32,0,3,29,-26,ARI,1,Home,3,29,-26,1,0
2000-10-01,2000,5,San Francisco 49ers,SF,27,Arizona Cardinals,ARI,20,SF,-3.5,47.5,47,0,27,20,7,ARI,0,Away,20,27,-7,-3.5,0
2000-10-08,2000,6,Arizona Cardinals,ARI,29,Cleveland Browns,CLE,21,ARI,-4.5,40.5,50,0,29,21,8,ARI,1,Home,29,21,8,4.5,1
2000-10-15,2000,7,Arizona Cardinals,ARI,14,Philadelphia Eagles,PHI,33,PHI,-2.5,39,47,0,33,14,19,ARI,0,Home,14,33,-19,-2.5,0
2000-10-22,2000,8,Dallas Cowboys,DAL,48,Arizona Cardinals,ARI,7,DAL,-7,41.5,55,0,48,7,41,ARI,0,Away,7,48,-41,-7,0
2000-10-29,2000,9,Arizona Cardinals,ARI,10,New Orleans Saints,NO,21,NO,-6,41,31,0,21,10,11,ARI,0,Home,10,21,-11,-6,0
2000-11-05,2000,10,Arizona Cardinals,ARI,16,Washington Redskins,WAS,15,WAS,-10,40,31,0,15,16,-1,ARI,0,Home,16,15,1,-10,1
2000-11-12,2000,11,Minnesota Vikings,MIN,31,Arizona Cardinals,ARI,14,MIN,-12.5,46,45,0,31,14,17,ARI,0,Away,14,31,-17,-12.5,0
2000-11-19,2000,12,Philadelphia Eagles,PHI,34,Arizona Cardinals,ARI,9,PHI,-7,38,43,0,34,9,25,ARI,0,Away,9,34,-25,-7,0
2000-11-26,2000,13,Arizona Cardinals,ARI,7,New York Giants,NYG,31,NYG,-6,39,38,0,31,7,24,ARI,0,Home,7,31,-24,-6,0
2000-12-03,2000,14,Cincinnati Bengals,CIN,24,Arizona Cardinals,ARI,13,CIN,-4,38.5,37,0,24,13,11,ARI,0,Away,13,24,-11,-4,0
2000-12-10,2000,15,Jacksonville Jaguars,JAX,44,Arizona Cardinals,ARI,10,JAX,-15,42,54,0,44,10,34,ARI,0,Away,10,44,-34,-15,0
2000-12-17,2000,16,Arizona Cardinals,ARI,7,Baltimore Ravens,BAL,13,BAL,-15,37.5,20,0,13,7,6,ARI,0,Home,7,13,-6,-15,1
2000-12-24,2000,17,Washington Redskins,WAS,20,Arizona Cardinals,ARI,3,WAS,-7,38.5,23,0,20,3,17,ARI,0,Away,3,20,-17,-7,0
2001-09-23,2001,2,Arizona Cardinals,ARI,17,Denver Broncos,DEN,38,DEN,-8.5,45,55,0,38,17,21,ARI,0,Home,17,38,-21,-8.5,0
2001-09-30,2001,3,Arizona Cardinals,ARI,14,Atlanta Falcons,ATL,34,ATL,-3,42,48,0,34,14,20,ARI,0,Home,14,34,-20,-3,0
2001-10-07,2001,4,Philadelphia Eagles,PHI,20,Arizona Cardinals,ARI,21,PHI,-14.5,41,41,0,20,21,-1,ARI,0,Away,21,20,1,-14.5,1
2001-10-14,2001,5,Chicago Bears,CHI,20,Arizona Cardinals,ARI,13,CHI,-7,39.5,33,0,20,13,7,ARI,0,Away,13,20,-7,-7,0
2001-10-21,2001,6,Arizona Cardinals,ARI,24,Kansas City Chiefs,KC,16,KC,-2,41,40,0,16,24,-8,ARI,0,Home,24,16,8,-2,1
2001-10-28,2001,7,Dallas Cowboys,DAL,17,Arizona Cardinals,ARI,3,ARI,-3,38,20,0,3,17,-14,ARI,1,Away,3,17,-14,3,0
2001-11-04,2001,8,Arizona Cardinals,ARI,7,Philadelphia Eagles,PHI,21,PHI,-7,39.5,28,0,21,7,14,ARI,0,Home,7,21,-14,-7,0
2001-11-11,2001,9,Arizona Cardinals,ARI,10,New York Giants,NYG,17,NYG,-5.5,37.5,27,0,17,10,7,ARI,0,Home,10,17,-7,-5.5,0
2001-11-18,2001,10,Arizona Cardinals,ARI,45,Detroit Lions,DET,38,ARI,-2,39.5,83,0,45,38,7,ARI,1,Home,45,38,7,2,1
2001-11-25,2001,11,San Diego Chargers,LAC,17,Arizona Cardinals,ARI,20,LAC,-7,44,37,0,17,20,-3,ARI,0,Away,20,17,3,-7,1
2001-12-02,2001,12,Oakland Raiders,OAK,31,Arizona Cardinals,ARI,34,OAK,-13,44,65,0,31,34,-3,ARI,0,Away,34,31,3,-13,1
2001-12-09,2001,13,Arizona Cardinals,ARI,10,Washington Redskins,WAS,20,ARI,-2,38.5,30,0,10,20,-10,ARI,1,Home,10,20,-10,2,0
2001-12-15,2001,14,New York Giants,NYG,17,Arizona Cardinals,ARI,13,NYG,-5,37.5,30,0,17,13,4,ARI,0,Away,13,17,-4,-5,1
2001-12-23,2001,15,Arizona Cardinals,ARI,17,Dallas Cowboys,DAL,10,ARI,-3.5,37,27,0,17,10,7,ARI,1,Home,17,10,7,3.5,1
2001-12-30,2001,16,Carolina Panthers,CAR,7,Arizona Cardinals,ARI,30,CAR,-1,39.5,37,0,7,30,-23,ARI,0,Away,30,7,23,-1,1
2002-01-06,2001,17,Washington Redskins,WAS,20,Arizona Cardinals,ARI,17,WAS,-3.5,36.5,37,0,20,17,3,ARI,0,Away,17,20,-3,-3.5,1
2002-09-08,2002,1,Washington Redskins,WAS,31,Arizona Cardinals,ARI,23,WAS,-6,44.5,54,0,31,23,8,ARI,0,Away,23,31,-8,-6,0
2002-09-15,2002,2,Seattle Seahawks,SEA,13,Arizona Cardinals,ARI,24,SEA,-4,40.5,37,0,13,24,-11,ARI,0,Away,24,13,11,-4,1
2002-09-22,2002,3,Arizona Cardinals,ARI,15,San Diego Chargers,LAC,23,LAC,-2.5,39,38,0,23,15,8,ARI,0,Home,15,23,-8,-2.5,0
2002-09-29,2002,4,Arizona Cardinals,ARI,21,New York Giants,NYG,7,NYG,-3,38.5,28,0,7,21,-14,ARI,0,Home,21,7,14,-3,1
2002-10-06,2002,5,Carolina Panthers,CAR,13,Arizona Cardinals,ARI,16,CAR,-5,35,29,0,13,16,-3,ARI,0,Away,16,13,3,-5,1
2002-10-20,2002,7,Arizona Cardinals,ARI,9,Dallas Cowboys,DAL,6,ARI,-3.5,36.5,15,0,9,6,3,ARI,1,Home,9,6,3,3.5,0
2002-10-27,2002,8,San Francisco 49ers,SF,38,Arizona Cardinals,ARI,28,SF,-8.5,40.5,66,0,38,28,10,ARI,0,Away,28,38,-10,-8.5,0
2002-11-03,2002,9,Arizona Cardinals,ARI,14,St. Louis Rams,LAR,27,LAR,-5,43.5,41,0,27,14,13,ARI,0,Home,14,27,-13,-5,0
2002-11-10,2002,10,Arizona Cardinals,ARI,6,Seattle Seahawks,SEA,27,ARI,-3,37,33,0,6,27,-21,ARI,1,Home,6,27,-21,3,0
2002-11-17,2002,11,Philadelphia Eagles,PHI,38,Arizona Cardinals,ARI,14,PHI,-12,37.5,52,0,38,14,24,ARI,0,Away,14,38,-24,-12,0
2002-11-24,2002,12,Arizona Cardinals,ARI,20,Oakland Raiders,OAK,41,OAK,-9.5,44,61,0,41,20,21,ARI,0,Home,20,41,-21,-9.5,0
2002-12-01,2002,13,Kansas City Chiefs,KC,49,Arizona Cardinals,ARI,0,KC,-9,47,49,0,49,0,49,ARI,0,Away,0,49,-49,-9,0
2002-12-08,2002,14,Arizona Cardinals,ARI,23,Detroit Lions,DET,20,DET,-1,39.5,43,0,20,23,-3,ARI,0,Home,23,20,3,-1,1
2002-12-15,2002,15,St. Louis Rams,LAR,30,Arizona Cardinals,ARI,28,LAR,-11,43,58,0,30,28,2,ARI,0,Away,28,30,-2,-11,1
2002-12-21,2002,16,Arizona Cardinals,ARI,14,San Francisco 49ers,SF,17,SF,-3.5,41,31,0,17,14,3,ARI,0,Home,14,17,-3,-3.5,1
2002-12-29,2002,17,Denver Broncos,DEN,37,Arizona Cardinals,ARI,7,DEN,-13.5,42,44,0,37,7,30,ARI,0,Away,7,37,-30,-13.5,0
2003-09-07,2003,1,Detroit Lions,DET,42,Arizona Cardinals,ARI,24,DET,-3.5,39,66,0,42,24,18,ARI,0,Away,24,42,-18,-3.5,0
2003-09-14,2003,2,Arizona Cardinals,ARI,0,Seattle Seahawks,SEA,38,SEA,-5,44.5,38,0,38,0,38,ARI,0,Home,0,38,-38,-5,0
2003-09-21,2003,3,Arizona Cardinals,ARI,20,Green Bay Packers,GB,13,GB,-7.5,42.5,33,0,13,20,-7,ARI,0,Home,20,13,7,-7.5,1
2003-09-28,2003,4,St. Louis Rams,LAR,37,Arizona Cardinals,ARI,13,LAR,-11.5,45.5,50,0,37,13,24,ARI,0,Away,13,37,-24,-11.5,0
2003-10-05,2003,5,Dallas Cowboys,DAL,24,Arizona Cardinals,ARI,7,DAL,-7.5,39.5,31,0,24,7,17,ARI,0,Away,7,24,-17,-7.5,0
2003-10-12,2003,6,Arizona Cardinals,ARI,18,Baltimore Ravens,BAL,26,BAL,-6.5,37,44,0,26,18,8,ARI,0,Home,18,26,-8,-6.5,0
2003-10-26,2003,8,Arizona Cardinals,ARI,16,San Francisco 49ers,SF,13,SF,-7,41,29,0,13,16,-3,ARI,0,Home,16,13,3,-7,1
2003-11-02,2003,9,Arizona Cardinals,ARI,17,Cincinnati Bengals,CIN,14,CIN,-3,39,31,0,14,17,-3,ARI,0,Home,17,14,3,-3,1
2003-11-09,2003,10,Pittsburgh Steelers,PIT,28,Arizona Cardinals,ARI,15,PIT,-7,40.5,43,0,28,15,13,ARI,0,Away,15,28,-13,-7,0
2003-11-16,2003,11,Cleveland Browns,CLE,44,Arizona Cardinals,ARI,6,CLE,-5,37.5,50,0,44,6,38,ARI,0,Away,6,44,-38,-5,0
2003-11-23,2003,12,Arizona Cardinals,ARI,27,St. Louis Rams,LAR,30,LAR,-7,44,57,0,30,27,3,ARI,0,Home,27,30,-3,-7,1
2003-11-30,2003,13,Chicago Bears,CHI,28,Arizona Cardinals,ARI,3,CHI,-4.5,36,31,0,28,3,25,ARI,0,Away,3,28,-25,-4.5,0
2003-12-07,2003,14,San Francisco 49ers,SF,50,Arizona Cardinals,ARI,14,SF,-10.5,40.5,64,0,50,14,36,ARI,0,Away,14,50,-36,-10.5,0
2003-12-14,2003,15,Arizona Cardinals,ARI,17,Carolina Panthers,CAR,20,CAR,-7,38.5,37,0,20,17,3,ARI,0,Home,17,20,-3,-7,1
2003-12-21,2003,16,Seattle Seahawks,SEA,28,Arizona Cardinals,ARI,10,SEA,-15.5,44.5,38,0,28,10,18,ARI,0,Away,10,28,-18,-15.5,0
2003-12-28,2003,17,Arizona Cardinals,ARI,18,Minnesota Vikings,MIN,17,MIN,-7.5,45.5,35,0,17,18,-1,ARI,0,Home,18,17,1,-7.5,1
2004-09-12,2004,1,St. Louis Rams,LAR,17,Arizona Cardinals,ARI,10,LAR,-11,46,27,0,17,10,7,ARI,0,Away,10,17,-7,-11,1
2004-09-19,2004,2,Arizona Cardinals,ARI,12,New England Patriots,NE,23,NE,-8,41.5,35,0,23,12,11,ARI,0,Home,12,23,-11,-8,0
2004-09-26,2004,3,Atlanta Falcons,ATL,6,Arizona Cardinals,ARI,3,ATL,-11,44,9,0,6,3,3,ARI,0,Away,3,6,-3,-11,1
2004-10-03,2004,4,Arizona Cardinals,ARI,34,New Orleans Saints,NO,10,NO,-3.5,40,44,0,10,34,-24,ARI,0,Home,34,10,24,-3.5,1
2004-10-10,2004,5,San Francisco 49ers,SF,31,Arizona Cardinals,ARI,28,SF,-1,36.5,59,0,31,28,3,ARI,0,Away,28,31,-3,-1,0
2004-10-24,2004,7,Arizona Cardinals,ARI,25,Seattle Seahawks,SEA,17,SEA,-6.5,40,42,0,17,25,-8,ARI,0,Home,25,17,8,-6.5,1
2004-10-31,2004,8,Buffalo Bills,BUF,38,Arizona Cardinals,ARI,14,BUF,-4.5,33.5,52,0,38,14,24,ARI,0,Away,14,38,-24,-4.5,0
2004-11-07,2004,9,Miami Dolphins,MIA,23,Arizona Cardinals,ARI,24,MIA,-3,34.5,47,0,23,24,-1,ARI,0,Away,24,23,1,-3,1
2004-11-14,2004,10,Arizona Cardinals,ARI,17,New York Giants,NYG,14,ARI,-1,39,31,0,17,14,3,ARI,1,Home,17,14,3,1,1
2004-11-21,2004,11,Carolina Panthers,CAR,35,Arizona Cardinals,ARI,10,CAR,-3,38,45,0,35,10,25,ARI,0,Away,10,35,-25,-3,0
2004-11-28,2004,12,Arizona Cardinals,ARI,3,New York Jets,NYJ,13,NYJ,-3,36.5,16,0,13,3,10,ARI,0,Home,3,13,-10,-3,0
2004-12-05,2004,13,Detroit Lions,DET,26,Arizona Cardinals,ARI,12,DET,-6,37,38,0,26,12,14,ARI,0,Away,12,26,-14,-6,0
2004-12-12,2004,14,Arizona Cardinals,ARI,28,San Francisco 49ers,SF,31,ARI,-7,36,59,0,28,31,-3,ARI,1,Home,28,31,-3,7,0
2004-12-19,2004,15,Arizona Cardinals,ARI,31,St. Louis Rams,LAR,7,LAR,-3,41.5,38,0,7,31,-24,ARI,0,Home,31,7,24,-3,1
2004-12-26,2004,16,Seattle Seahawks,SEA,24,Arizona Cardinals,ARI,21,SEA,-7,44,45,0,24,21,3,ARI,0,Away,21,24,-3,-7,1
2005-01-02,2004,17,Arizona Cardinals,ARI,12,Tampa Bay Buccaneers,TB,7,ARI,-4,38.5,19,0,12,7,5,ARI,1,Home,12,7,5,4,1
2005-09-11,2005,1,New York Giants,NYG,42,Arizona Cardinals,ARI,19,NYG,-1.5,37.5,61,0,42,19,23,ARI,0,Away,19,42,-23,-1.5,0
2005-09-18,2005,2,Arizona Cardinals,ARI,12,St. Louis Rams,LAR,17,LAR,-1,44,29,0,17,12,5,ARI,0,Home,12,17,-5,-1,0
2005-09-25,2005,3,Seattle Seahawks,SEA,37,Arizona Cardinals,ARI,12,SEA,-6.5,42,49,0,37,12,25,ARI,0,Away,12,37,-25,-6.5,0
2005-10-09,2005,5,Arizona Cardinals,ARI,20,Carolina Panthers,CAR,24,CAR,-3,42,44,0,24,20,4,ARI,0,Home,20,24,-4,-3,0
2005-10-23,2005,7,Arizona Cardinals,ARI,20,Tennessee Titans,TEN,10,ARI,-3,45,30,0,20,10,10,ARI,1,Home,20,10,10,3,1
2005-10-30,2005,8,Dallas Cowboys,DAL,34,Arizona Cardinals,ARI,13,DAL,-7,41,47,0,34,13,21,ARI,0,Away,13,34,-21,-7,0
2005-11-06,2005,9,Arizona Cardinals,ARI,19,Seattle Seahawks,SEA,33,SEA,-4.5,44,52,0,33,19,14,ARI,0,Home,19,33,-14,-4.5,0
2005-11-13,2005,10,Detroit Lions,DET,29,Arizona Cardinals,ARI,21,DET,-4,40,50,0,29,21,8,ARI,0,Away,21,29,-8,-4,0
2005-11-20,2005,11,St. Louis Rams,LAR,28,Arizona Cardinals,ARI,38,LAR,-9,48,66,0,28,38,-10,ARI,0,Away,38,28,10,-9,1
2005-11-27,2005,12,Arizona Cardinals,ARI,17,Jacksonville Jaguars,JAX,24,JAX,-3.5,41.5,41,0,24,17,7,ARI,0,Home,17,24,-7,-3.5,0
2005-12-04,2005,13,San Francisco 49ers,SF,10,Arizona Cardinals,ARI,17,ARI,-3,43.5,27,0,17,10,7,ARI,1,Away,17,10,7,3,1
2005-12-11,2005,14,Arizona Cardinals,ARI,13,Washington Redskins,WAS,17,WAS,-3,41.5,30,0,17,13,4,ARI,0,Home,13,17,-4,-3,0
2005-12-18,2005,15,Houston Texans,HOU,30,Arizona Cardinals,ARI,19,ARI,-1,43.5,49,0,19,30,-11,ARI,1,Away,19,30,-11,1,0
2005-12-24,2005,16,Arizona Cardinals,ARI,27,Philadelphia Eagles,PHI,21,ARI,-1,39.5,48,0,27,21,6,ARI,1,Home,27,21,6,1,1
2006-01-01,2005,17,Indianapolis Colts,IND,17,Arizona Cardinals,ARI,13,IND,-6,43.5,30,0,17,13,4,ARI,0,Away,13,17,-4,-6,1
2006-09-10,2006,1,Arizona Cardinals,ARI,34,San Francisco 49ers,SF,27,ARI,-9.5,44,61,0,34,27,7,ARI,1,Home,34,27,7,9.5,0
2006-09-17,2006,2,Seattle Seahawks,SEA,21,Arizona Cardinals,ARI,10,SEA,-7,48,31,0,21,10,11,ARI,0,Away,10,21,-11,-7,0
2006-09-24,2006,3,Arizona Cardinals,ARI,14,St. Louis Rams,LAR,16,ARI,-5.5,45,30,0,14,16,-2,ARI,1,Home,14,16,-2,5.5,0
2006-10-01,2006,4,Atlanta Falcons,ATL,32,Arizona Cardinals,ARI,10,ATL,-7.5,42,42,0,32,10,22,ARI,0,Away,10,32,-22,-7.5,0
2006-10-08,2006,5,Arizona Cardinals,ARI,20,Kansas City Chiefs,KC,23,KC,-3.5,40,43,0,23,20,3,ARI,0,Home,20,23,-3,-3.5,1
2006-10-16,2006,6,Arizona Cardinals,ARI,23,Chicago Bears,CHI,24,CHI,-13,40.5,47,0,24,23,1,ARI,0,Home,23,24,-1,-13,1
2006-10-22,2006,7,Oakland Raiders,OAK,22,Arizona Cardinals,ARI,9,ARI,-3,40,31,0,9,22,-13,ARI,1,Away,9,22,-13,3,0
2006-10-29,2006,8,Green Bay Packers,GB,31,Arizona Cardinals,ARI,14,GB,-4,45.5,45,0,31,14,17,ARI,0,Away,14,31,-17,-4,0
2006-11-12,2006,10,Arizona Cardinals,ARI,10,Dallas Cowboys,DAL,27,DAL,-6.5,43.5,37,0,27,10,17,ARI,0,Home,10,27,-17,-6.5,0
2006-11-19,2006,11,Arizona Cardinals,ARI,17,Detroit Lions,DET,10,ARI,-2.5,45.5,27,0,17,10,7,ARI,1,Home,17,10,7,2.5,1
2006-11-26,2006,12,Minnesota Vikings,MIN,31,Arizona Cardinals,ARI,26,MIN,-6,39,57,0,31,26,5,ARI,0,Away,26,31,-5,-6,1
2006-12-03,2006,13,St. Louis Rams,LAR,20,Arizona Cardinals,ARI,34,LAR,-6.5,47,54,0,20,34,-14,ARI,0,Away,34,20,14,-6.5,1
2006-12-10,2006,14,Arizona Cardinals,ARI,27,Seattle Seahawks,SEA,21,SEA,-3.5,45,48,0,21,27,-6,ARI,0,Home,27,21,6,-3.5,1
2006-12-17,2006,15,Arizona Cardinals,ARI,20,Denver Broncos,DEN,37,DEN,-2.5,44,57,0,37,20,17,ARI,0,Home,20,37,-17,-2.5,0
2006-12-24,2006,16,San Francisco 49ers,SF,20,Arizona Cardinals,ARI,26,SF,-4,45,46,0,20,26,-6,ARI,0,Away,26,20,6,-4,1
2006-12-31,2006,17,San Diego Chargers,LAC,27,Arizona Cardinals,ARI,20,LAC,-14,44,47,0,27,20,7,ARI,0,Away,20,27,-7,-14,1
2007-09-10,2007,1,San Francisco 49ers,SF,20,Arizona Cardinals,ARI,17,SF,-3,46.5,37,0,20,17,3,ARI,0,Away,17,20,-3,-3,0
2007-09-16,2007,2,Arizona Cardinals,ARI,23,Seattle Seahawks,SEA,20,SEA,-2.5,42.5,43,0,20,23,-3,ARI,0,Home,23,20,3,-2.5,1
2007-09-23,2007,3,Baltimore Ravens,BAL,26,Arizona Cardinals,ARI,23,BAL,-7,35.5,49,0,26,23,3,ARI,0,Away,23,26,-3,-7,1
2007-09-30,2007,4,Arizona Cardinals,ARI,21,Pittsburgh Steelers,PIT,14,PIT,-5,42.5,35,0,14,21,-7,ARI,0,Home,21,14,7,-5,1
2007-10-07,2007,5,St. Louis Rams,LAR,31,Arizona Cardinals,ARI,34,ARI,-3.5,41,65,0,34,31,3,ARI,1,Away,34,31,3,3.5,0
2007-10-14,2007,6,Arizona Cardinals,ARI,10,Carolina Panthers,CAR,25,ARI,-6,38.5,35,0,10,25,-15,ARI,1,Home,10,25,-15,6,0
2007-10-21,2007,7,Washington Redskins,WAS,21,Arizona Cardinals,ARI,19,WAS,-8,36,40,0,21,19,2,ARI,0,Away,19,21,-2,-8,1
2007-11-04,2007,9,Tampa Bay Buccaneers,TB,17,Arizona Cardinals,ARI,10,TB,-3.5,39,27,0,17,10,7,ARI,0,Away,10,17,-7,-3.5,0
2007-11-11,2007,10,Arizona Cardinals,ARI,31,Detroit Lions,DET,21,ARI,-2,45,52,0,31,21,10,ARI,1,Home,31,21,10,2,1
2007-11-18,2007,11,Cincinnati Bengals,CIN,27,Arizona Cardinals,ARI,35,CIN,-3.5,49.5,62,0,27,35,-8,ARI,0,Away,35,27,8,-3.5,1
2007-11-25,2007,12,Arizona Cardinals,ARI,31,San Francisco 49ers,SF,37,ARI,-10.5,38,68,0,31,37,-6,ARI,1,Home,31,37,-6,10.5,0
2007-12-02,2007,13,Arizona Cardinals,ARI,27,Cleveland Browns,CLE,21,PICK,0,52,48,0,21,27,-6,ARI,0,Home,27,21,6,0,1
2007-12-09,2007,14,Seattle Seahawks,SEA,42,Arizona Cardinals,ARI,21,SEA,-7.5,44.5,63,0,42,21,21,ARI,0,Away,21,42,-21,-7.5,0
2007-12-16,2007,15,New Orleans Saints,NO,31,Arizona Cardinals,ARI,24,NO,-3.5,49.5,55,0,31,24,7,ARI,0,Away,24,31,-7,-3.5,0
2007-12-23,2007,16,Arizona Cardinals,ARI,30,Atlanta Falcons,ATL,27,ARI,-10.5,43.5,57,0,30,27,3,ARI,1,Home,30,27,3,10.5,0
2007-12-30,2007,17,Arizona Cardinals,ARI,48,St. Louis Rams,LAR,19,ARI,-6,49,67,0,48,19,29,ARI,1,Home,48,19,29,6,1
2008-09-07,2008,1,San Francisco 49ers,SF,13,Arizona Cardinals,ARI,23,ARI,-2.5,42,36,0,23,13,10,ARI,1,Away,23,13,10,2.5,1
2008-09-14,2008,2,Arizona Cardinals,ARI,31,Miami Dolphins,MIA,10,ARI,-6.5,40.5,41,0,31,10,21,ARI,1,Home,31,10,21,6.5,1
2008-09-21,2008,3,Washington Redskins,WAS,24,Arizona Cardinals,ARI,17,WAS,-3,43.5,41,0,24,17,7,ARI,0,Away,17,24,-7,-3,0
2008-09-28,2008,4,New York Jets,NYJ,56,Arizona Cardinals,ARI,35,NYJ,-1.5,43.5,91,0,56,35,21,ARI,0,Away,35,56,-21,-1.5,0
2008-10-05,2008,5,Arizona Cardinals,ARI,41,Buffalo Bills,BUF,17,ARI,-2.5,44.5,58,0,41,17,24,ARI,1,Home,41,17,24,2.5,1
2008-10-12,2008,6,Arizona Cardinals,ARI,30,Dallas Cowboys,DAL,24,DAL,-5,53,54,0,24,30,-6,ARI,0,Home,30,24,6,-5,1
2008-10-26,2008,8,Carolina Panthers,CAR,27,Arizona Cardinals,ARI,23,CAR,-5.5,43,50,0,27,23,4,ARI,0,Away,23,27,-4,-5.5,1
2008-11-02,2008,9,St. Louis Rams,LAR,13,Arizona Cardinals,ARI,34,ARI,-3,50,47,0,34,13,21,ARI,1,Away,34,13,21,3,1
2008-11-10,2008,10,Arizona Cardinals,ARI,29,San Francisco 49ers,SF,24,ARI,-9.5,47.5,53,0,29,24,5,ARI,1,Home,29,24,5,9.5,0
2008-11-16,2008,11,Seattle Seahawks,SEA,20,Arizona Cardinals,ARI,26,ARI,-3,48,46,0,26,20,6,ARI,1,Away,26,20,6,3,1
2008-11-23,2008,12,Arizona Cardinals,ARI,29,New York Giants,NYG,37,NYG,-3,48.5,66,0,37,29,8,ARI,0,Home,29,37,-8,-3,0
2008-11-27,2008,13,Philadelphia Eagles,PHI,48,Arizona Cardinals,ARI,20,PHI,-3,49,68,0,48,20,28,ARI,0,Away,20,48,-28,-3,0
2008-12-07,2008,14,Arizona Cardinals,ARI,34,St. Louis Rams,LAR,10,ARI,-14.5,48.5,44,0,34,10,24,ARI,1,Home,34,10,24,14.5,1
2008-12-14,2008,15,Arizona Cardinals,ARI,14,Minnesota Vikings,MIN,35,ARI,-3.5,46.5,49,0,14,35,-21,ARI,1,Home,14,35,-21,3.5,0
2008-12-21,2008,16,New England Patriots,NE,47,Arizona Cardinals,ARI,7,NE,-8,41,54,0,47,7,40,ARI,0,Away,7,47,-40,-8,0
2008-12-28,2008,17,Arizona Cardinals,ARI,34,Seattle Seahawks,SEA,21,ARI,-7,47,55,0,34,21,13,ARI,1,Home,34,21,13,7,1
2009-09-13,2009,1,Arizona Cardinals,ARI,16,San Francisco 49ers,SF,20,ARI,-4.5,45,36,0,16,20,-4,ARI,1,Home,16,20,-4,4.5,0
2009-09-20,2009,2,Jacksonville Jaguars,JAX,17,Arizona Cardinals,ARI,31,JAX,-3,44,48,0,17,31,-14,ARI,0,Away,31,17,14,-3,1
2009-09-27,2009,3,Arizona Cardinals,ARI,10,Indianapolis Colts,IND,31,ARI,-3,49,41,0,10,31,-21,ARI,1,Home,10,31,-21,3,0
2009-10-11,2009,5,Arizona Cardinals,ARI,28,Houston Texans,HOU,21,ARI,-6,51,49,0,28,21,7,ARI,1,Home,28,21,7,6,1
2009-10-18,2009,6,Seattle Seahawks,SEA,3,Arizona Cardinals,ARI,27,SEA,-3,46,30,0,3,27,-24,ARI,0,Away,27,3,24,-3,1
2009-10-25,2009,7,New York Giants,NYG,17,Arizona Cardinals,ARI,24,NYG,-8,47,41,0,17,24,-7,ARI,0,Away,24,17,7,-8,1
2009-11-01,2009,8,Arizona Cardinals,ARI,21,Carolina Panthers,CAR,34,ARI,-10,41,55,0,21,34,-13,ARI,1,Home,21,34,-13,10,0
2009-11-08,2009,9,Chicago Bears,CHI,21,Arizona Cardinals,ARI,41,CHI,-3,44.5,62,0,21,41,-20,ARI,0,Away,41,21,20,-3,1
2009-11-15,2009,10,Arizona Cardinals,ARI,31,Seattle Seahawks,SEA,20,ARI,-8.5,46.5,51,0,31,20,11,ARI,1,Home,31,20,11,8.5,1
2009-11-22,2009,11,St. Louis Rams,LAR,13,Arizona Cardinals,ARI,21,ARI,-9,47,34,0,21,13,8,ARI,1,Away,21,13,8,9,0
2009-11-29,2009,12,Tennessee Titans,TEN,20,Arizona Cardinals,ARI,17,TEN,-2,45.5,37,0,20,17,3,ARI,0,Away,17,20,-3,-2,0
2009-12-06,2009,13,Arizona Cardinals,ARI,30,Minnesota Vikings,MIN,17,MIN,-3,49,47,0,17,30,-13,ARI,0,Home,30,17,13,-3,1
2009-12-14,2009,14,San Francisco 49ers,SF,24,Arizona Cardinals,ARI,9,ARI,-4,45,33,0,9,24,-15,ARI,1,Away,9,24,-15,4,0
2009-12-20,2009,15,Detroit Lions,DET,24,Arizona Cardinals,ARI,31,ARI,-14,47,55,0,31,24,7,ARI,1,Away,31,24,7,14,0
2009-12-27,2009,16,Arizona Cardinals,ARI,31,St. Louis Rams,LAR,10,ARI,-16,43.5,41,0,31,10,21,ARI,1,Home,31,10,21,16,1
2010-01-03,2009,17,Arizona Cardinals,ARI,7,Green Bay Packers,GB,33,ARI,-3,44,40,0,7,33,-26,ARI,1,Home,7,33,-26,3,0
2010-09-12,2010,1,St. Louis Rams,LAR,13,Arizona Cardinals,ARI,17,ARI,-3,39.5,30,0,17,13,4,ARI,1,Away,17,13,4,3,1
2010-09-19,2010,2,Atlanta Falcons,ATL,41,Arizona Cardinals,ARI,7,ATL,-7,43.5,48,0,41,7,34,ARI,0,Away,7,41,-34,-7,0
2010-09-26,2010,3,Arizona Cardinals,ARI,24,Oakland Raiders,OAK,23,ARI,-5.5,39,47,0,24,23,1,ARI,1,Home,24,23,1,5.5,0
2010-10-03,2010,4,San Diego Chargers,LAC,41,Arizona Cardinals,ARI,10,LAC,-9.5,46.5,51,0,41,10,31,ARI,0,Away,10,41,-31,-9.5,0
2010-10-10,2010,5,Arizona Cardinals,ARI,30,New Orleans Saints,NO,20,NO,-7,45.5,50,0,20,30,-10,ARI,0,Home,30,20,10,-7,1
2010-10-24,2010,7,Seattle Seahawks,SEA,22,Arizona Cardinals,ARI,10,SEA,-6.5,40.5,32,0,22,10,12,ARI,0,Away,10,22,-12,-6.5,0
2010-10-31,2010,8,Arizona Cardinals,ARI,35,Tampa Bay Buccaneers,TB,38,ARI,-3,38,73,0,35,38,-3,ARI,1,Home,35,38,-3,3,0
2010-11-07,2010,9,Minnesota Vikings,MIN,27,Arizona Cardinals,ARI,24,MIN,-7.5,42.5,51,0,27,24,3,ARI,0,Away,24,27,-3,-7.5,1
2010-11-14,2010,10,Arizona Cardinals,ARI,18,Seattle Seahawks,SEA,36,ARI,-4,41.5,54,0,18,36,-18,ARI,1,Home,18,36,-18,4,0
2010-11-21,2010,11,Kansas City Chiefs,KC,31,Arizona Cardinals,ARI,13,KC,-7,45,44,0,31,13,18,ARI,0,Away,13,31,-18,-7,0
2010-11-29,2010,12,Arizona Cardinals,ARI,6,San Francisco 49ers,SF,27,SF,-2,42,33,0,27,6,21,ARI,0,Home,6,27,-21,-2,0
2010-12-05,2010,13,Arizona Cardinals,ARI,6,St. Louis Rams,LAR,19,LAR,-3.5,44,25,0,19,6,13,ARI,0,Home,6,19,-13,-3.5,0
2010-12-12,2010,14,Arizona Cardinals,ARI,43,Denver Broncos,DEN,13,DEN,-4,44,56,0,13,43,-30,ARI,0,Home,43,13,30,-4,1
2010-12-19,2010,15,Carolina Panthers,CAR,19,Arizona Cardinals,ARI,12,CAR,-2.5,37.5,31,0,19,12,7,ARI,0,Away,12,19,-7,-2.5,0
2010-12-25,2010,16,Arizona Cardinals,ARI,27,Dallas Cowboys,DAL,26,DAL,-7.5,45,53,0,26,27,-1,ARI,0,Home,27,26,1,-7.5,1
2011-01-02,2010,17,San Francisco 49ers,SF,38,Arizona Cardinals,ARI,7,SF,-6,39,45,0,38,7,31,ARI,0,Away,7,38,-31,-6,0
2011-09-11,2011,1,Arizona Cardinals,ARI,28,Carolina Panthers,CAR,21,ARI,-7,37.5,49,0,28,21,7,ARI,1,Home,28,21,7,7,0
2011-09-18,2011,2,Washington Redskins,WAS,22,Arizona Cardinals,ARI,21,WAS,-4.5,45,43,0,22,21,1,ARI,0,Away,21,22,-1,-4.5,1
2011-09-25,2011,3,Seattle Seahawks,SEA,13,Arizona Cardinals,ARI,10,ARI,-3,43,23,0,10,13,-3,ARI,1,Away,10,13,-3,3,0
2011-10-02,2011,4,Arizona Cardinals,ARI,27,New York Giants,NYG,31,NYG,-1.5,45,58,0,31,27,4,ARI,0,Home,27,31,-4,-1.5,0
2011-10-09,2011,5,Minnesota Vikings,MIN,34,Arizona Cardinals,ARI,10,MIN,-3.5,45,44,0,34,10,24,ARI,0,Away,10,34,-24,-3.5,0
2011-10-23,2011,7,Arizona Cardinals,ARI,20,Pittsburgh Steelers,PIT,32,PIT,-4.5,46.5,52,0,32,20,12,ARI,0,Home,20,32,-12,-4.5,0
2011-10-30,2011,8,Baltimore Ravens,BAL,30,Arizona Cardinals,ARI,27,BAL,-11.5,43,57,0,30,27,3,ARI,0,Away,27,30,-3,-11.5,1
2011-11-06,2011,9,Arizona Cardinals,ARI,19,St. Louis Rams,LAR,13,ARI,-3,41.5,32,0,19,13,6,ARI,1,Home,19,13,6,3,1
2011-11-13,2011,10,Philadelphia Eagles,PHI,17,Arizona Cardinals,ARI,21,PHI,-13,47.5,38,0,17,21,-4,ARI,0,Away,21,17,4,-13,1
2011-11-20,2011,11,San Francisco 49ers,SF,23,Arizona Cardinals,ARI,7,SF,-10,40.5,30,0,23,7,16,ARI,0,Away,7,23,-16,-10,0
2011-11-27,2011,12,St. Louis Rams,LAR,20,Arizona Cardinals,ARI,23,LAR,-2.5,40,43,0,20,23,-3,ARI,0,Away,23,20,3,-2.5,1
2011-12-04,2011,13,Arizona Cardinals,ARI,19,Dallas Cowboys,DAL,13,DAL,-4.5,46.5,32,0,13,19,-6,ARI,0,Home,19,13,6,-4.5,1
2011-12-11,2011,14,Arizona Cardinals,ARI,21,San Francisco 49ers,SF,19,SF,-3.5,40,40,0,19,21,-2,ARI,0,Home,21,19,2,-3.5,1
2011-12-18,2011,15,Arizona Cardinals,ARI,20,Cleveland Browns,CLE,17,ARI,-6.5,37.5,37,0,20,17,3,ARI,1,Home,20,17,3,6.5,0
2011-12-24,2011,16,Cincinnati Bengals,CIN,23,Arizona Cardinals,ARI,16,CIN,-4,41,39,0,23,16,7,ARI,0,Away,16,23,-7,-4,0
2012-01-01,2011,17,Arizona Cardinals,ARI,23,Seattle Seahawks,SEA,20,ARI,-2.5,40.5,43,0,23,20,3,ARI,1,Home,23,20,3,2.5,1
2012-09-09,2012,1,Arizona Cardinals,ARI,20,Seattle Seahawks,SEA,16,SEA,-3,41,36,0,16,20,-4,ARI,0,Home,20,16,4,-3,1
2012-09-16,2012,2,New England Patriots,NE,18,Arizona Cardinals,ARI,20,NE,-13.5,47,38,0,18,20,-2,ARI,0,Away,20,18,2,-13.5,1
2012-09-23,2012,3,Arizona Cardinals,ARI,27,Philadelphia Eagles,PHI,6,PHI,-3,42,33,0,6,27,-21,ARI,0,Home,27,6,21,-3,1
2012-09-30,2012,4,Arizona Cardinals,ARI,24,Miami Dolphins,MIA,21,ARI,-4,39.5,45,0,24,21,3,ARI,1,Home,24,21,3,4,0
2012-10-04,2012,5,St. Louis Rams,LAR,17,Arizona Cardinals,ARI,3,ARI,-1.5,38,20,0,3,17,-14,ARI,1,Away,3,17,-14,1.5,0
2012-10-14,2012,6,Arizona Cardinals,ARI,16,Buffalo Bills,BUF,19,ARI,-5,44,35,0,16,19,-3,ARI,1,Home,16,19,-3,5,0
2012-10-21,2012,7,Minnesota Vikings,MIN,21,Arizona Cardinals,ARI,14,MIN,-6.5,39.5,35,0,21,14,7,ARI,0,Away,14,21,-7,-6.5,0
2012-10-29,2012,8,Arizona Cardinals,ARI,3,San Francisco 49ers,SF,24,SF,-7,38.5,27,0,24,3,21,ARI,0,Home,3,24,-21,-7,0
2012-11-04,2012,9,Green Bay Packers,GB,31,Arizona Cardinals,ARI,17,GB,-10.5,43.5,48,0,31,17,14,ARI,0,Away,17,31,-14,-10.5,0
2012-11-18,2012,11,Atlanta Falcons,ATL,23,Arizona Cardinals,ARI,19,ATL,-9.5,44,42,0,23,19,4,ARI,0,Away,19,23,-4,-9.5,1
2012-11-25,2012,12,Arizona Cardinals,ARI,17,St. Louis Rams,LAR,31,ARI,-1,36.5,48,0,17,31,-14,ARI,1,Home,17,31,-14,1,0
2012-12-02,2012,13,New York Jets,NYJ,7,Arizona Cardinals,ARI,6,NYJ,-6,36.5,13,0,7,6,1,ARI,0,Away,6,7,-1,-6,1
2012-12-09,2012,14,Seattle Seahawks,SEA,58,Arizona Cardinals,ARI,0,SEA,-10,36,58,0,58,0,58,ARI,0,Away,0,58,-58,-10,0
2012-12-16,2012,15,Arizona Cardinals,ARI,38,Detroit Lions,DET,10,DET,-6.5,43.5,48,0,10,38,-28,ARI,0,Home,38,10,28,-6.5,1
2012-12-23,2012,16,Arizona Cardinals,ARI,13,Chicago Bears,CHI,28,CHI,-7,36.5,41,0,28,13,15,ARI,0,Home,13,28,-15,-7,0
2012-12-30,2012,17,San Francisco 49ers,SF,27,Arizona Cardinals,ARI,13,SF,-16.5,39.5,40,0,27,13,14,ARI,0,Away,13,27,-14,-16.5,1
2013-09-08,2013,1,St. Louis Rams,LAR,27,Arizona Cardinals,ARI,24,LAR,-3.5,41.5,51,0,27,24,3,ARI,0,Away,24,27,-3,-3.5,1
2013-09-15,2013,2,Arizona Cardinals,ARI,25,Detroit Lions,DET,21,DET,-2,48.5,46,0,21,25,-4,ARI,0,Home,25,21,4,-2,1
2013-09-22,2013,3,New Orleans Saints,NO,31,Arizona Cardinals,ARI,7,NO,-7.5,49.5,38,0,31,7,24,ARI,0,Away,7,31,-24,-7.5,0
2013-09-29,2013,4,Tampa Bay Buccaneers,TB,10,Arizona Cardinals,ARI,13,TB,-2.5,40,23,0,10,13,-3,ARI,0,Away,13,10,3,-2.5,1
2013-10-06,2013,5,Arizona Cardinals,ARI,22,Carolina Panthers,CAR,6,CAR,-3,42.5,28,0,6,22,-16,ARI,0,Home,22,6,16,-3,1
2013-10-13,2013,6,San Francisco 49ers,SF,32,Arizona Cardinals,ARI,20,SF,-10.5,41,52,0,32,20,12,ARI,0,Away,20,32,-12,-10.5,0
2013-10-17,2013,7,Arizona Cardinals,ARI,22,Seattle Seahawks,SEA,34,SEA,-4.5,41.5,56,0,34,22,12,ARI,0,Home,22,34,-12,-4.5,0
2013-10-27,2013,8,Arizona Cardinals,ARI,27,Atlanta Falcons,ATL,13,ARI,-3,46.5,40,0,27,13,14,ARI,1,Home,27,13,14,3,1
2013-11-10,2013,10,Arizona Cardinals,ARI,27,Houston Texans,HOU,24,ARI,-3.5,42,51,0,27,24,3,ARI,1,Home,27,24,3,3.5,0
2013-11-17,2013,11,Jacksonville Jaguars,JAX,14,Arizona Cardinals,ARI,27,ARI,-9,40.5,41,0,27,14,13,ARI,1,Away,27,14,13,9,1
2013-11-24,2013,12,Arizona Cardinals,ARI,40,Indianapolis Colts,IND,11,ARI,-3,44.5,51,0,40,11,29,ARI,1,Home,40,11,29,3,1
2013-12-01,2013,13,Philadelphia Eagles,PHI,24,Arizona Cardinals,ARI,21,PHI,-3.5,48.5,45,0,24,21,3,ARI,0,Away,21,24,-3,-3.5,1
2013-12-08,2013,14,Arizona Cardinals,ARI,30,St. Louis Rams,LAR,10,ARI,-4.5,41,40,0,30,10,20,ARI,1,Home,30,10,20,4.5,1
2013-12-15,2013,15,Tennessee Titans,TEN,34,Arizona Cardinals,ARI,37,ARI,-3,42.5,71,0,37,34,3,ARI,1,Away,37,34,3,3,0
2013-12-22,2013,16,Seattle Seahawks,SEA,10,Arizona Cardinals,ARI,17,SEA,-9,43,27,0,10,17,-7,ARI,0,Away,17,10,7,-9,1
2013-12-29,2013,17,Arizona Cardinals,ARI,20,San Francisco 49ers,SF,23,ARI,-3,41,43,0,20,23,-3,ARI,1,Home,20,23,-3,3,0
2014-09-08,2014,1,Arizona Cardinals,ARI,18,San Diego Chargers,LAC,17,ARI,-3,47,35,0,18,17,1,ARI,1,Home,18,17,1,3,0
2014-09-14,2014,2,New York Giants,NYG,14,Arizona Cardinals,ARI,25,NYG,-1,41.5,39,0,14,25,-11,ARI,0,Away,25,14,11,-1,1
2014-09-21,2014,3,Arizona Cardinals,ARI,23,San Francisco 49ers,SF,14,SF,-3,41,37,0,14,23,-9,ARI,0,Home,23,14,9,-3,1
2014-10-05,2014,5,Denver Broncos,DEN,41,Arizona Cardinals,ARI,20,DEN,-8,47.5,61,0,41,20,21,ARI,0,Away,20,41,-21,-8,0
2014-10-12,2014,6,Arizona Cardinals,ARI,30,Washington Redskins,WAS,20,ARI,-5,46.5,50,0,30,20,10,ARI,1,Home,30,20,10,5,1
2014-10-19,2014,7,Oakland Raiders,OAK,13,Arizona Cardinals,ARI,24,ARI,-3.5,46.5,37,0,24,13,11,ARI,1,Away,24,13,11,3.5,1
2014-10-26,2014,8,Arizona Cardinals,ARI,24,Philadelphia Eagles,PHI,20,ARI,-1,48.5,44,0,24,20,4,ARI,1,Home,24,20,4,1,1
2014-11-02,2014,9,Dallas Cowboys,DAL,17,Arizona Cardinals,ARI,28,DAL,-1.5,45,45,0,17,28,-11,ARI,0,Away,28,17,11,-1.5,1
2014-11-09,2014,10,Arizona Cardinals,ARI,31,St. Louis Rams,LAR,14,ARI,-7,43.5,45,0,31,14,17,ARI,1,Home,31,14,17,7,1
2014-11-16,2014,11,Arizona Cardinals,ARI,14,Detroit Lions,DET,6,DET,-1,41.5,20,0,6,14,-8,ARI,0,Home,14,6,8,-1,1
2014-11-23,2014,12,Seattle Seahawks,SEA,19,Arizona Cardinals,ARI,3,SEA,-7.5,41.5,22,0,19,3,16,ARI,0,Away,3,19,-16,-7.5,0
2014-11-30,2014,13,Atlanta Falcons,ATL,29,Arizona Cardinals,ARI,18,ARI,-1.5,45,47,0,18,29,-11,ARI,1,Away,18,29,-11,1.5,0
2014-12-07,2014,14,Arizona Cardinals,ARI,17,Kansas City Chiefs,KC,14,KC,-2.5,41,31,0,14,17,-3,ARI,0,Home,17,14,3,-2.5,1
2014-12-11,2014,15,St. Louis Rams,LAR,6,Arizona Cardinals,ARI,12,LAR,-6,40.5,18,0,6,12,-6,ARI,0,Away,12,6,6,-6,1
2014-12-21,2014,16,Arizona Cardinals,ARI,6,Seattle Seahawks,SEA,35,SEA,-9.5,36.5,41,0,35,6,29,ARI,0,Home,6,35,-29,-9.5,0
2014-12-28,2014,17,San Francisco 49ers,SF,20,Arizona Cardinals,ARI,17,SF,-6,37.5,37,0,20,17,3,ARI,0,Away,17,20,-3,-6,1
2015-09-13,2015,1,Arizona Cardinals,ARI,31,New Orleans Saints,NO,19,ARI,-2.5,48.5,50,0,31,19,12,ARI,1,Home,31,19,12,2.5,1
2015-09-20,2015,2,Chicago Bears,CHI,23,Arizona Cardinals,ARI,48,ARI,-2,46,71,0,48,23,25,ARI,1,Away,48,23,25,2,1
2015-09-27,2015,3,Arizona Cardinals,ARI,47,San Francisco 49ers,SF,7,ARI,-7,45,54,0,47,7,40,ARI,1,Home,47,7,40,7,1
2015-10-04,2015,4,Arizona Cardinals,ARI,22,St. Louis Rams,LAR,24,ARI,-7,43.5,46,0,22,24,-2,ARI,1,Home,22,24,-2,7,0
2015-10-11,2015,5,Detroit Lions,DET,17,Arizona Cardinals,ARI,42,ARI,-4.5,46,59,0,42,17,25,ARI,1,Away,42,17,25,4.5,1
2015-10-18,2015,6,Pittsburgh Steelers,PIT,25,Arizona Cardinals,ARI,13,ARI,-5.5,45,38,0,13,25,-12,ARI,1,Away,13,25,-12,5.5,0
2015-10-26,2015,7,Arizona Cardinals,ARI,26,Baltimore Ravens,BAL,18,ARI,-10,49.5,44,0,26,18,8,ARI,1,Home,26,18,8,10,0
2015-11-01,2015,8,Cleveland Browns,CLE,20,Arizona Cardinals,ARI,34,ARI,-7,46,54,0,34,20,14,ARI,1,Away,34,20,14,7,1
2015-11-15,2015,10,Seattle Seahawks,SEA,32,Arizona Cardinals,ARI,39,SEA,-3,43.5,71,0,32,39,-7,ARI,0,Away,39,32,7,-3,1
2015-11-22,2015,11,Arizona Cardinals,ARI,34,Cincinnati Bengals,CIN,31,ARI,-4,48,65,0,34,31,3,ARI,1,Home,34,31,3,4,0
2015-11-29,2015,12,San Francisco 49ers,SF,13,Arizona Cardinals,ARI,19,ARI,-8.5,45,32,0,19,13,6,ARI,1,Away,19,13,6,8.5,0
2015-12-06,2015,13,St. Louis Rams,LAR,3,Arizona Cardinals,ARI,27,ARI,-3.5,43,30,0,27,3,24,ARI,1,Away,27,3,24,3.5,1
2015-12-10,2015,14,Arizona Cardinals,ARI,23,Minnesota Vikings,MIN,20,ARI,-10,46.5,43,0,23,20,3,ARI,1,Home,23,20,3,10,0
2015-12-20,2015,15,Philadelphia Eagles,PHI,17,Arizona Cardinals,ARI,40,ARI,-4,51.5,57,0,40,17,23,ARI,1,Away,40,17,23,4,1
2015-12-27,2015,16,Arizona Cardinals,ARI,38,Green Bay Packers,GB,8,ARI,-6,50.5,46,0,38,8,30,ARI,1,Home,38,8,30,6,1
2016-01-03,2015,17,Arizona Cardinals,ARI,6,Seattle Seahawks,SEA,36,ARI,-6,47,42,0,6,36,-30,ARI,1,Home,6,36,-30,6,0
2016-09-11,2016,1,Arizona Cardinals,ARI,21,New England Patriots,NE,23,ARI,-8.5,44,44,0,21,23,-2,ARI,1,Home,21,23,-2,8.5,0
2016-09-18,2016,2,Arizona Cardinals,ARI,40,Tampa Bay Buccaneers,TB,7,ARI,-7,49.5,47,0,40,7,33,ARI,1,Home,40,7,33,7,1
2016-09-25,2016,3,Buffalo Bills,BUF,33,Arizona Cardinals,ARI,18,ARI,-5,48,51,0,18,33,-15,ARI,1,Away,18,33,-15,5,0
2016-10-02,2016,4,Arizona Cardinals,ARI,13,Los Angeles Rams,LAR,17,ARI,-10,43.5,30,0,13,17,-4,ARI,1,Home,13,17,-4,10,0
2016-10-06,2016,5,San Francisco 49ers,SF,21,Arizona Cardinals,ARI,33,ARI,-3.5,42.5,54,0,33,21,12,ARI,1,Away,33,21,12,3.5,1
2016-10-17,2016,6,Arizona Cardinals,ARI,28,New York Jets,NYJ,3,ARI,-7,45.5,31,0,28,3,25,ARI,1,Home,28,3,25,7,1
2016-10-23,2016,7,Arizona Cardinals,ARI,6,Seattle Seahawks,SEA,6,ARI,-2.5,43,12,0,6,6,0,ARI,1,Home,6,6,0,2.5,0
2016-10-30,2016,8,Carolina Panthers,CAR,30,Arizona Cardinals,ARI,20,CAR,-2.5,45.5,50,0,30,20,10,ARI,0,Away,20,30,-10,-2.5,0
2016-11-13,2016,10,Arizona Cardinals,ARI,23,San Francisco 49ers,SF,20,ARI,-14,47,43,0,23,20,3,ARI,1,Home,23,20,3,14,0
2016-11-20,2016,11,Minnesota Vikings,MIN,30,Arizona Cardinals,ARI,24,MIN,-2,40,54,0,30,24,6,ARI,0,Away,24,30,-6,-2,0
2016-11-27,2016,12,Atlanta Falcons,ATL,38,Arizona Cardinals,ARI,19,ATL,-4,49,57,0,38,19,19,ARI,0,Away,19,38,-19,-4,0
2016-12-04,2016,13,Arizona Cardinals,ARI,31,Washington Redskins,WAS,23,ARI,-2.5,48.5,54,0,31,23,8,ARI,1,Home,31,23,8,2.5,1
2016-12-11,2016,14,Miami Dolphins,MIA,26,Arizona Cardinals,ARI,23,ARI,-2,44,49,0,23,26,-3,ARI,1,Away,23,26,-3,2,0
2016-12-18,2016,15,Arizona Cardinals,ARI,41,New Orleans Saints,NO,48,ARI,-3,48.5,89,0,41,48,-7,ARI,1,Home,41,48,-7,3,0
2016-12-24,2016,16,Seattle Seahawks,SEA,31,Arizona Cardinals,ARI,34,SEA,-9,43.5,65,0,31,34,-3,ARI,0,Away,34,31,3,-9,1
2017-01-01,2016,17,Los Angeles Rams,LAR,6,Arizona Cardinals,ARI,44,ARI,-7,39,50,0,44,6,38,ARI,1,Away,44,6,38,7,1
2017-09-10,2017,1,Detroit Lions,DET,35,Arizona Cardinals,ARI,23,ARI,-2,48,58,0,23,35,-12,ARI,1,Away,23,35,-12,2,0
2017-09-17,2017,2,Indianapolis Colts,IND,13,Arizona Cardinals,ARI,16,ARI,-7.5,44.5,29,0,16,13,3,ARI,1,Away,16,13,3,7.5,0
2017-09-25,2017,3,Arizona Cardinals,ARI,17,Dallas Cowboys,DAL,28,DAL,-3,46.5,45,0,28,17,11,ARI,0,Home,17,28,-11,-3,0
2017-10-01,2017,4,Arizona Cardinals,ARI,18,San Francisco 49ers,SF,15,ARI,-6.5,44.5,33,0,18,15,3,ARI,1,Home,18,15,3,6.5,0
2017-10-08,2017,5,Philadelphia Eagles,PHI,34,Arizona Cardinals,ARI,7,PHI,-6.5,45,41,0,34,7,27,ARI,0,Away,7,34,-27,-6.5,0
2017-10-15,2017,6,Arizona Cardinals,ARI,38,Tampa Bay Buccaneers,TB,33,TB,-1.5,46,71,0,33,38,-5,ARI,0,Home,38,33,5,-1.5,1
2017-11-05,2017,9,San Francisco 49ers,SF,10,Arizona Cardinals,ARI,20,ARI,-2,39,30,0,20,10,10,ARI,1,Away,20,10,10,2,1
2017-11-09,2017,10,Arizona Cardinals,ARI,16,Seattle Seahawks,SEA,22,SEA,-6,40,38,0,22,16,6,ARI,0,Home,16,22,-6,-6,0
2017-11-19,2017,11,Houston Texans,HOU,31,Arizona Cardinals,ARI,21,HOU,-2,37.5,52,0,31,21,10,ARI,0,Away,21,31,-10,-2,0
2017-11-26,2017,12,Arizona Cardinals,ARI,27,Jacksonville Jaguars,JAX,24,JAX,-5,38,51,0,24,27,-3,ARI,0,Home,27,24,3,-5,1
2017-12-03,2017,13,Arizona Cardinals,ARI,16,Los Angeles Rams,LAR,32,LAR,-7,44.5,48,0,32,16,16,ARI,0,Home,16,32,-16,-7,0
2017-12-10,2017,14,Arizona Cardinals,ARI,12,Tennessee Titans,TEN,7,TEN,-2.5,42,19,0,7,12,-5,ARI,0,Home,12,7,5,-2.5,1
2017-12-17,2017,15,Washington Redskins,WAS,20,Arizona Cardinals,ARI,15,WAS,-4,40,35,0,20,15,5,ARI,0,Away,15,20,-5,-4,0
2017-12-24,2017,16,Arizona Cardinals,ARI,23,New York Giants,NYG,0,ARI,-3,39,23,0,23,0,23,ARI,1,Home,23,0,23,3,1
2017-12-31,2017,17,Seattle Seahawks,SEA,24,Arizona Cardinals,ARI,26,SEA,-8,38,50,0,24,26,-2,ARI,0,Away,26,24,2,-8,1
2018-09-09,2018,1,Arizona Cardinals,ARI,6,Washington Redskins,WAS,24,ARI,-2,43.5,30,0,6,24,-18,ARI,1,Home,6,24,-18,2,0
2018-09-16,2018,2,Los Angeles Rams,LAR,34,Arizona Cardinals,ARI,0,LAR,-13.5,43.5,34,0,34,0,34,ARI,0,Away,0,34,-34,-13.5,0
2018-09-23,2018,3,Arizona Cardinals,ARI,14,Chicago Bears,CHI,16,CHI,-5.5,39,30,0,16,14,2,ARI,0,Home,14,16,-2,-5.5,1
2018-09-30,2018,4,Arizona Cardinals,ARI,17,Seattle Seahawks,SEA,20,SEA,-3.5,40,37,0,20,17,3,ARI,0,Home,17,20,-3,-3.5,1
2018-10-07,2018,5,San Francisco 49ers,SF,18,Arizona Cardinals,ARI,28,SF,-3,40.5,46,0,18,28,-10,ARI,0,Away,28,18,10,-3,1
2018-10-14,2018,6,Minnesota Vikings,MIN,27,Arizona Cardinals,ARI,17,MIN,-10,43.5,44,0,27,17,10,ARI,0,Away,17,27,-10,-10,0
2018-10-18,2018,7,Arizona Cardinals,ARI,10,Denver Broncos,DEN,45,DEN,-1,42.5,55,0,45,10,35,ARI,0,Home,10,45,-35,-1,0
2018-10-28,2018,8,Arizona Cardinals,ARI,18,San Francisco 49ers,SF,15,ARI,-2.5,40,33,0,18,15,3,ARI,1,Home,18,15,3,2.5,1
2018-11-11,2018,10,Kansas City Chiefs,KC,26,Arizona Cardinals,ARI,14,KC,-16.5,49.5,40,0,26,14,12,ARI,0,Away,14,26,-12,-16.5,1
2018-11-18,2018,11,Arizona Cardinals,ARI,21,Oakland Raiders,OAK,23,ARI,-4.5,41,44,0,21,23,-2,ARI,1,Home,21,23,-2,4.5,0
2018-11-25,2018,12,Los Angeles Chargers,LAC,45,Arizona Cardinals,ARI,10,LAC,-14,43,55,0,45,10,35,ARI,0,Away,10,45,-35,-14,0
2018-12-02,2018,13,Green Bay Packers,GB,17,Arizona Cardinals,ARI,20,GB,-13.5,41,37,0,17,20,-3,ARI,0,Away,20,17,3,-13.5,1
2018-12-09,2018,14,Arizona Cardinals,ARI,3,Detroit Lions,DET,17,DET,-2.5,40.5,20,0,17,3,14,ARI,0,Home,3,17,-14,-2.5,0
2018-12-16,2018,15,Atlanta Falcons,ATL,40,Arizona Cardinals,ARI,14,ATL,-10,43.5,54,0,40,14,26,ARI,0,Away,14,40,-26,-10,0
2018-12-23,2018,16,Arizona Cardinals,ARI,9,Los Angeles Rams,LAR,31,LAR,-14.5,43,40,0,31,9,22,ARI,0,Home,9,31,-22,-14.5,0
2018-12-30,2018,17,Seattle Seahawks,SEA,27,Arizona Cardinals,ARI,24,SEA,-14,39.5,51,0,27,24,3,ARI,0,Away,24,27,-3,-14,1
2019-09-08,2019,1,Arizona Cardinals,ARI,27,Detroit Lions,DET,27,DET,-3,45.5,54,0,27,27,0,ARI,0,Home,27,27,0,-3,1
2019-09-15,2019,2,Baltimore Ravens,BAL,23,Arizona Cardinals,ARI,17,BAL,-13,45.5,40,0,23,17,6,ARI,0,Away,17,23,-6,-13,1
2019-09-22,2019,3,Arizona Cardinals,ARI,20,Carolina Panthers,CAR,38,ARI,-2.5,45.5,58,0,20,38,-18,ARI,1,Home,20,38,-18,2.5,0
2019-09-29,2019,4,Arizona Cardinals,ARI,10,Seattle Seahawks,SEA,27,SEA,-5.5,48.5,37,0,27,10,17,ARI,0,Home,10,27,-17,-5.5,0
2019-10-06,2019,5,Cincinnati Bengals,CIN,23,Arizona Cardinals,ARI,26,CIN,-3,46.5,49,0,23,26,-3,ARI,0,Away,26,23,3,-3,1
2019-10-13,2019,6,Arizona Cardinals,ARI,34,Atlanta Falcons,ATL,33,ATL,-3,52,67,0,33,34,-1,ARI,0,Home,34,33,1,-3,1
2019-10-20,2019,7,New York Giants,NYG,21,Arizona Cardinals,ARI,27,NYG,-3.5,50,48,0,21,27,-6,ARI,0,Away,27,21,6,-3.5,1
2019-10-27,2019,8,New Orleans Saints,NO,31,Arizona Cardinals,ARI,9,NO,-12.5,48,40,0,31,9,22,ARI,0,Away,9,31,-22,-12.5,0
2019-10-31,2019,9,Arizona Cardinals,ARI,25,San Francisco 49ers,SF,28,SF,-10,43,53,0,28,25,3,ARI,0,Home,25,28,-3,-10,1
2019-11-10,2019,10,Tampa Bay Buccaneers,TB,30,Arizona Cardinals,ARI,27,TB,-5.5,51.5,57,0,30,27,3,ARI,0,Away,27,30,-3,-5.5,1
2019-11-17,2019,11,San Francisco 49ers,SF,36,Arizona Cardinals,ARI,26,SF,-10,44,62,0,36,26,10,ARI,0,Away,26,36,-10,-10,0
2019-12-01,2019,13,Arizona Cardinals,ARI,7,Los Angeles Rams,LAR,34,LAR,-2.5,47,41,0,34,7,27,ARI,0,Home,7,34,-27,-2.5,0
2019-12-08,2019,14,Arizona Cardinals,ARI,17,Pittsburgh Steelers,PIT,23,PIT,-2.5,43.5,40,0,23,17,6,ARI,0,Home,17,23,-6,-2.5,0
2019-12-15,2019,15,Arizona Cardinals,ARI,38,Cleveland Browns,CLE,24,CLE,-3,49,62,0,24,38,-14,ARI,0,Home,38,24,14,-3,1
2019-12-22,2019,16,Seattle Seahawks,SEA,13,Arizona Cardinals,ARI,27,SEA,-8,51,40,0,13,27,-14,ARI,0,Away,27,13,14,-8,1
2019-12-29,2019,17,Los Angeles Rams,LAR,31,Arizona Cardinals,ARI,24,LAR,-7,45.5,55,0,31,24,7,ARI,0,Away,24,31,-7,-7,0
2000-09-03,2000,1,Pittsburgh Steelers,PIT,0,Baltimore Ravens,BAL,16,BAL,-2.5,37,16,0,16,0,16,BAL,1,Away,16,0,16,2.5,1
2000-09-10,2000,2,Baltimore Ravens,BAL,39,Jacksonville Jaguars,JAX,36,BAL,-3,36.5,75,0,39,36,3,BAL,1,Home,39,36,3,3,0
2000-09-17,2000,3,Miami Dolphins,MIA,19,Baltimore Ravens,BAL,6,BAL,-1.5,34.5,25,0,6,19,-13,BAL,1,Away,6,19,-13,1.5,0
2000-09-24,2000,4,Baltimore Ravens,BAL,37,Cincinnati Bengals,CIN,0,BAL,-11.5,38,37,0,37,0,37,BAL,1,Home,37,0,37,11.5,1
2000-10-01,2000,5,Cleveland Browns,CLE,0,Baltimore Ravens,BAL,12,BAL,-8.5,37,12,0,12,0,12,BAL,1,Away,12,0,12,8.5,1
2000-10-08,2000,6,Jacksonville Jaguars,JAX,10,Baltimore Ravens,BAL,15,JAX,-2.5,37.5,25,0,10,15,-5,BAL,0,Away,15,10,5,-2.5,1
2000-10-15,2000,7,Washington Redskins,WAS,10,Baltimore Ravens,BAL,3,WAS,-3.5,34.5,13,0,10,3,7,BAL,0,Away,3,10,-7,-3.5,0
2000-10-22,2000,8,Baltimore Ravens,BAL,6,Tennessee Titans,TEN,14,BAL,-1,35,20,0,6,14,-8,BAL,1,Home,6,14,-8,1,0
2000-10-29,2000,9,Baltimore Ravens,BAL,6,Pittsburgh Steelers,PIT,9,BAL,-4.5,33,15,0,6,9,-3,BAL,1,Home,6,9,-3,4.5,0
2000-11-05,2000,10,Cincinnati Bengals,CIN,7,Baltimore Ravens,BAL,27,BAL,-6,32.5,34,0,27,7,20,BAL,1,Away,27,7,20,6,1
2000-11-12,2000,11,Tennessee Titans,TEN,23,Baltimore Ravens,BAL,24,TEN,-4,33,47,0,23,24,-1,BAL,0,Away,24,23,1,-4,1
2000-11-19,2000,12,Baltimore Ravens,BAL,27,Dallas Cowboys,DAL,0,BAL,-7,36,27,0,27,0,27,BAL,1,Home,27,0,27,7,1
2000-11-26,2000,13,Baltimore Ravens,BAL,44,Cleveland Browns,CLE,7,BAL,-15,34,51,0,44,7,37,BAL,1,Home,44,7,37,15,1
2000-12-10,2000,15,Baltimore Ravens,BAL,24,San Diego Chargers,LAC,3,BAL,-13.5,36.5,27,0,24,3,21,BAL,1,Home,24,3,21,13.5,1
2000-12-17,2000,16,Arizona Cardinals,ARI,7,Baltimore Ravens,BAL,13,BAL,-15,37.5,20,0,13,7,6,BAL,1,Away,13,7,6,15,0
2000-12-24,2000,17,Baltimore Ravens,BAL,34,New York Jets,NYJ,20,BAL,-6,35.5,54,0,34,20,14,BAL,1,Home,34,20,14,6,1
2001-09-09,2001,1,Baltimore Ravens,BAL,17,Chicago Bears,CHI,6,BAL,-10.5,33.5,23,0,17,6,11,BAL,1,Home,17,6,11,10.5,1
2001-09-23,2001,2,Cincinnati Bengals,CIN,21,Baltimore Ravens,BAL,10,BAL,-7,33.5,31,0,10,21,-11,BAL,1,Away,10,21,-11,7,0
2001-09-30,2001,3,Denver Broncos,DEN,13,Baltimore Ravens,BAL,20,DEN,-4.5,41,33,0,13,20,-7,BAL,0,Away,20,13,7,-4.5,1
2001-10-07,2001,4,Baltimore Ravens,BAL,26,Tennessee Titans,TEN,7,BAL,-3.5,33.5,33,0,26,7,19,BAL,1,Home,26,7,19,3.5,1
2001-10-14,2001,5,Green Bay Packers,GB,31,Baltimore Ravens,BAL,23,PICK,0,34,54,0,23,31,-8,BAL,0,Away,23,31,-8,0,0
2001-10-21,2001,6,Cleveland Browns,CLE,24,Baltimore Ravens,BAL,14,BAL,-7.5,33,38,0,14,24,-10,BAL,1,Away,14,24,-10,7.5,0
2001-10-28,2001,7,Baltimore Ravens,BAL,18,Jacksonville Jaguars,JAX,17,BAL,-7.5,33,35,0,18,17,1,BAL,1,Home,18,17,1,7.5,0
2001-11-04,2001,8,Pittsburgh Steelers,PIT,10,Baltimore Ravens,BAL,13,PIT,-2,33,23,0,10,13,-3,BAL,0,Away,13,10,3,-2,1
2001-11-12,2001,9,Tennessee Titans,TEN,10,Baltimore Ravens,BAL,16,BAL,-1.5,35,26,0,16,10,6,BAL,1,Away,16,10,6,1.5,1
2001-11-18,2001,10,Baltimore Ravens,BAL,17,Cleveland Browns,CLE,27,BAL,-8,33,44,0,17,27,-10,BAL,1,Home,17,27,-10,8,0
2001-11-25,2001,11,Jacksonville Jaguars,JAX,21,Baltimore Ravens,BAL,24,BAL,-3,34,45,0,24,21,3,BAL,1,Away,24,21,3,3,0
2001-12-02,2001,12,Baltimore Ravens,BAL,39,Indianapolis Colts,IND,27,BAL,-7,43,66,0,39,27,12,BAL,1,Home,39,27,12,7,1
2001-12-16,2001,14,Baltimore Ravens,BAL,21,Pittsburgh Steelers,PIT,26,BAL,-3,33.5,47,0,21,26,-5,BAL,1,Home,21,26,-5,3,0
2001-12-23,2001,15,Baltimore Ravens,BAL,16,Cincinnati Bengals,CIN,0,BAL,-10.5,33.5,16,0,16,0,16,BAL,1,Home,16,0,16,10.5,1
2001-12-29,2001,16,Tampa Bay Buccaneers,TB,22,Baltimore Ravens,BAL,10,TB,-1.5,34,32,0,22,10,12,BAL,0,Away,10,22,-12,-1.5,0
2002-01-07,2001,17,Baltimore Ravens,BAL,19,Minnesota Vikings,MIN,3,BAL,-10,37.5,22,0,19,3,16,BAL,1,Home,19,3,16,10,1
2002-09-08,2002,1,Carolina Panthers,CAR,10,Baltimore Ravens,BAL,7,PICK,0,33,17,0,7,10,-3,BAL,0,Away,7,10,-3,0,0
2002-09-15,2002,2,Baltimore Ravens,BAL,0,Tampa Bay Buccaneers,TB,25,TB,-4.5,32,25,0,25,0,25,BAL,0,Home,0,25,-25,-4.5,0
2002-09-30,2002,4,Baltimore Ravens,BAL,34,Denver Broncos,DEN,23,DEN,-9,35,57,0,23,34,-11,BAL,0,Home,34,23,11,-9,1
2002-10-06,2002,5,Cleveland Browns,CLE,21,Baltimore Ravens,BAL,26,CLE,-6,36.5,47,0,21,26,-5,BAL,0,Away,26,21,5,-6,1
2002-10-13,2002,6,Indianapolis Colts,IND,22,Baltimore Ravens,BAL,20,IND,-6.5,42,42,0,22,20,2,BAL,0,Away,20,22,-2,-6.5,1
2002-10-20,2002,7,Baltimore Ravens,BAL,17,Jacksonville Jaguars,JAX,10,JAX,-1.5,38,27,0,10,17,-7,BAL,0,Home,17,10,7,-1.5,1
2002-10-27,2002,8,Baltimore Ravens,BAL,18,Pittsburgh Steelers,PIT,31,PIT,-3,37.5,49,0,31,18,13,BAL,0,Home,18,31,-13,-3,0
2002-11-03,2002,9,Atlanta Falcons,ATL,20,Baltimore Ravens,BAL,17,ATL,-7,40.5,37,0,20,17,3,BAL,0,Away,17,20,-3,-7,1
2002-11-10,2002,10,Baltimore Ravens,BAL,38,Cincinnati Bengals,CIN,27,BAL,-4,37,65,0,38,27,11,BAL,1,Home,38,27,11,4,1
2002-11-17,2002,11,Miami Dolphins,MIA,26,Baltimore Ravens,BAL,7,MIA,-5,34.5,33,0,26,7,19,BAL,0,Away,7,26,-19,-5,0
2002-11-24,2002,12,Baltimore Ravens,BAL,13,Tennessee Titans,TEN,12,TEN,-2.5,38.5,25,0,12,13,-1,BAL,0,Home,13,12,1,-2.5,1
2002-12-01,2002,13,Cincinnati Bengals,CIN,23,Baltimore Ravens,BAL,27,BAL,-2.5,37.5,50,0,27,23,4,BAL,1,Away,27,23,4,2.5,1
2002-12-08,2002,14,Baltimore Ravens,BAL,25,New Orleans Saints,NO,37,NO,-2,42.5,62,0,37,25,12,BAL,0,Home,25,37,-12,-2,0
2002-12-15,2002,15,Houston Texans,HOU,19,Baltimore Ravens,BAL,23,BAL,-3,35,42,0,23,19,4,BAL,1,Away,23,19,4,3,1
2002-12-22,2002,16,Baltimore Ravens,BAL,13,Cleveland Browns,CLE,14,BAL,-2.5,39.5,27,0,13,14,-1,BAL,1,Home,13,14,-1,2.5,0
2002-12-29,2002,17,Pittsburgh Steelers,PIT,34,Baltimore Ravens,BAL,31,PIT,-8,39,65,0,34,31,3,BAL,0,Away,31,34,-3,-8,1
2003-09-07,2003,1,Pittsburgh Steelers,PIT,34,Baltimore Ravens,BAL,15,PIT,-4,38.5,49,0,34,15,19,BAL,0,Away,15,34,-19,-4,0
2003-09-14,2003,2,Baltimore Ravens,BAL,33,Cleveland Browns,CLE,13,BAL,-2.5,39,46,0,33,13,20,BAL,1,Home,33,13,20,2.5,1
2003-09-21,2003,3,San Diego Chargers,LAC,10,Baltimore Ravens,BAL,24,LAC,-1.5,38.5,34,0,10,24,-14,BAL,0,Away,24,10,14,-1.5,1
2003-09-28,2003,4,Baltimore Ravens,BAL,10,Kansas City Chiefs,KC,17,KC,-3,43.5,27,0,17,10,7,BAL,0,Home,10,17,-7,-3,0
2003-10-12,2003,6,Arizona Cardinals,ARI,18,Baltimore Ravens,BAL,26,BAL,-6.5,37,44,0,26,18,8,BAL,1,Away,26,18,8,6.5,1
2003-10-19,2003,7,Cincinnati Bengals,CIN,34,Baltimore Ravens,BAL,26,BAL,-1,36,60,0,26,34,-8,BAL,1,Away,26,34,-8,1,0
2003-10-26,2003,8,Baltimore Ravens,BAL,26,Denver Broncos,DEN,6,BAL,-2.5,36.5,32,0,26,6,20,BAL,1,Home,26,6,20,2.5,1
2003-11-02,2003,9,Baltimore Ravens,BAL,24,Jacksonville Jaguars,JAX,17,BAL,-7,37.5,41,0,24,17,7,BAL,1,Home,24,17,7,7,0
2003-11-09,2003,10,St. Louis Rams,LAR,33,Baltimore Ravens,BAL,22,LAR,-6.5,43,55,0,33,22,11,BAL,0,Away,22,33,-11,-6.5,0
2003-11-16,2003,11,Miami Dolphins,MIA,9,Baltimore Ravens,BAL,6,MIA,-5,33,15,0,9,6,3,BAL,0,Away,6,9,-3,-5,1
2003-11-23,2003,12,Baltimore Ravens,BAL,44,Seattle Seahawks,SEA,41,BAL,-3,36,85,0,44,41,3,BAL,1,Home,44,41,3,3,0
2003-11-30,2003,13,Baltimore Ravens,BAL,44,San Francisco 49ers,SF,6,BAL,-3,37,50,0,44,6,38,BAL,1,Home,44,6,38,3,1
2003-12-07,2003,14,Baltimore Ravens,BAL,31,Cincinnati Bengals,CIN,13,BAL,-5,38.5,44,0,31,13,18,BAL,1,Home,31,13,18,5,1
2003-12-14,2003,15,Oakland Raiders,OAK,20,Baltimore Ravens,BAL,12,BAL,-7,38,32,0,12,20,-8,BAL,1,Away,12,20,-8,7,0
2003-12-21,2003,16,Cleveland Browns,CLE,0,Baltimore Ravens,BAL,35,BAL,-3,35.5,35,0,35,0,35,BAL,1,Away,35,0,35,3,1
2003-12-28,2003,17,Baltimore Ravens,BAL,13,Pittsburgh Steelers,PIT,10,BAL,-6,37.5,23,0,13,10,3,BAL,1,Home,13,10,3,6,0
2004-09-12,2004,1,Cleveland Browns,CLE,20,Baltimore Ravens,BAL,3,BAL,-3.5,37,23,0,3,20,-17,BAL,1,Away,3,20,-17,3.5,0
2004-09-19,2004,2,Baltimore Ravens,BAL,30,Pittsburgh Steelers,PIT,13,BAL,-4,35.5,43,0,30,13,17,BAL,1,Home,30,13,17,4,1
2004-09-26,2004,3,Cincinnati Bengals,CIN,9,Baltimore Ravens,BAL,23,BAL,-1.5,35,32,0,23,9,14,BAL,1,Away,23,9,14,1.5,1
2004-10-04,2004,4,Baltimore Ravens,BAL,24,Kansas City Chiefs,KC,27,BAL,-6,41.5,51,0,24,27,-3,BAL,1,Home,24,27,-3,6,0
2004-10-10,2004,5,Washington Redskins,WAS,10,Baltimore Ravens,BAL,17,PICK,0,34,27,0,17,10,7,BAL,0,Away,17,10,7,0,1
2004-10-24,2004,7,Baltimore Ravens,BAL,20,Buffalo Bills,BUF,6,BAL,-4.5,31,26,0,20,6,14,BAL,1,Home,20,6,14,4.5,1
2004-10-31,2004,8,Philadelphia Eagles,PHI,15,Baltimore Ravens,BAL,10,PHI,-7.5,37,25,0,15,10,5,BAL,0,Away,10,15,-5,-7.5,1
2004-11-07,2004,9,Baltimore Ravens,BAL,27,Cleveland Browns,CLE,13,BAL,-6,35,40,0,27,13,14,BAL,1,Home,27,13,14,6,1
2004-11-14,2004,10,New York Jets,NYJ,17,Baltimore Ravens,BAL,20,BAL,-1,32,37,0,20,17,3,BAL,1,Away,20,17,3,1,1
2004-11-21,2004,11,Baltimore Ravens,BAL,30,Dallas Cowboys,DAL,10,BAL,-7.5,36,40,0,30,10,20,BAL,1,Home,30,10,20,7.5,1
2004-11-28,2004,12,New England Patriots,NE,24,Baltimore Ravens,BAL,3,NE,-7,34.5,27,0,24,3,21,BAL,0,Away,3,24,-21,-7,0
2004-12-05,2004,13,Baltimore Ravens,BAL,26,Cincinnati Bengals,CIN,27,BAL,-6.5,37,53,0,26,27,-1,BAL,1,Home,26,27,-1,6.5,0
2004-12-12,2004,14,Baltimore Ravens,BAL,37,New York Giants,NYG,14,BAL,-10,34,51,0,37,14,23,BAL,1,Home,37,14,23,10,1
2004-12-19,2004,15,Indianapolis Colts,IND,20,Baltimore Ravens,BAL,10,IND,-7.5,48.5,30,0,20,10,10,BAL,0,Away,10,20,-10,-7.5,0
2004-12-26,2004,16,Pittsburgh Steelers,PIT,20,Baltimore Ravens,BAL,7,PIT,-5,34,27,0,20,7,13,BAL,0,Away,7,20,-13,-5,0
2005-01-02,2004,17,Baltimore Ravens,BAL,30,Miami Dolphins,MIA,23,BAL,-11,33,53,0,30,23,7,BAL,1,Home,30,23,7,11,0
2005-09-11,2005,1,Baltimore Ravens,BAL,7,Indianapolis Colts,IND,24,IND,-3,47,31,0,24,7,17,BAL,0,Home,7,24,-17,-3,0
2005-09-18,2005,2,Tennessee Titans,TEN,25,Baltimore Ravens,BAL,10,BAL,-3.5,36,35,0,10,25,-15,BAL,1,Away,10,25,-15,3.5,0
2005-10-02,2005,4,Baltimore Ravens,BAL,13,New York Jets,NYJ,3,BAL,-7.5,31.5,16,0,13,3,10,BAL,1,Home,13,3,10,7.5,1
2005-10-09,2005,5,Detroit Lions,DET,35,Baltimore Ravens,BAL,17,DET,-2,33,52,0,35,17,18,BAL,0,Away,17,35,-18,-2,0
2005-10-16,2005,6,Baltimore Ravens,BAL,16,Cleveland Browns,CLE,3,BAL,-4,33.5,19,0,16,3,13,BAL,1,Home,16,3,13,4,1
2005-10-23,2005,7,Chicago Bears,CHI,10,Baltimore Ravens,BAL,6,CHI,-1,32,16,0,10,6,4,BAL,0,Away,6,10,-4,-1,0
2005-10-31,2005,8,Pittsburgh Steelers,PIT,20,Baltimore Ravens,BAL,19,PIT,-8.5,33,39,0,20,19,1,BAL,0,Away,19,20,-1,-8.5,1
2005-11-06,2005,9,Baltimore Ravens,BAL,9,Cincinnati Bengals,CIN,21,CIN,-3.5,36,30,0,21,9,12,BAL,0,Home,9,21,-12,-3.5,0
2005-11-13,2005,10,Jacksonville Jaguars,JAX,30,Baltimore Ravens,BAL,3,JAX,-8,34,33,0,30,3,27,BAL,0,Away,3,30,-27,-8,0
2005-11-20,2005,11,Baltimore Ravens,BAL,16,Pittsburgh Steelers,PIT,13,PIT,-4,34.5,29,0,13,16,-3,BAL,0,Home,16,13,3,-4,1
2005-11-27,2005,12,Cincinnati Bengals,CIN,42,Baltimore Ravens,BAL,29,CIN,-9,36.5,71,0,42,29,13,BAL,0,Away,29,42,-13,-9,0
2005-12-04,2005,13,Baltimore Ravens,BAL,16,Houston Texans,HOU,15,BAL,-7,37,31,0,16,15,1,BAL,1,Home,16,15,1,7,0
2005-12-11,2005,14,Denver Broncos,DEN,12,Baltimore Ravens,BAL,10,DEN,-14,40.5,22,0,12,10,2,BAL,0,Away,10,12,-2,-14,1
2005-12-19,2005,15,Baltimore Ravens,BAL,48,Green Bay Packers,GB,3,BAL,-3.5,33,51,0,48,3,45,BAL,1,Home,48,3,45,3.5,1
2005-12-25,2005,16,Baltimore Ravens,BAL,30,Minnesota Vikings,MIN,23,BAL,-2.5,34,53,0,30,23,7,BAL,1,Home,30,23,7,2.5,1
2006-01-01,2005,17,Cleveland Browns,CLE,20,Baltimore Ravens,BAL,16,BAL,-3,37,36,0,16,20,-4,BAL,1,Away,16,20,-4,3,0
2006-09-10,2006,1,Tampa Bay Buccaneers,TB,0,Baltimore Ravens,BAL,27,TB,-3,33,27,0,0,27,-27,BAL,0,Away,27,0,27,-3,1
2006-09-17,2006,2,Baltimore Ravens,BAL,28,Oakland Raiders,OAK,6,BAL,-13,34,34,0,28,6,22,BAL,1,Home,28,6,22,13,1
2006-09-24,2006,3,Cleveland Browns,CLE,14,Baltimore Ravens,BAL,15,BAL,-6.5,33,29,0,15,14,1,BAL,1,Away,15,14,1,6.5,0
2006-10-01,2006,4,Baltimore Ravens,BAL,16,San Diego Chargers,LAC,13,LAC,-1,33.5,29,0,13,16,-3,BAL,0,Home,16,13,3,-1,1
2006-10-09,2006,5,Denver Broncos,DEN,13,Baltimore Ravens,BAL,3,DEN,-5,33.5,16,0,13,3,10,BAL,0,Away,3,13,-10,-5,0
2006-10-15,2006,6,Baltimore Ravens,BAL,21,Carolina Panthers,CAR,23,BAL,-3,33,44,0,21,23,-2,BAL,1,Home,21,23,-2,3,0
2006-10-29,2006,8,New Orleans Saints,NO,22,Baltimore Ravens,BAL,35,NO,-2,37,57,0,22,35,-13,BAL,0,Away,35,22,13,-2,1
2006-11-05,2006,9,Baltimore Ravens,BAL,26,Cincinnati Bengals,CIN,20,BAL,-3,41,46,0,26,20,6,BAL,1,Home,26,20,6,3,1
2006-11-12,2006,10,Tennessee Titans,TEN,26,Baltimore Ravens,BAL,27,BAL,-7.5,38,53,0,27,26,1,BAL,1,Away,27,26,1,7.5,0
2006-11-19,2006,11,Baltimore Ravens,BAL,24,Atlanta Falcons,ATL,10,BAL,-3.5,41.5,34,0,24,10,14,BAL,1,Home,24,10,14,3.5,1
2006-11-26,2006,12,Baltimore Ravens,BAL,27,Pittsburgh Steelers,PIT,0,BAL,-3,40.5,27,0,27,0,27,BAL,1,Home,27,0,27,3,1
2006-11-30,2006,13,Cincinnati Bengals,CIN,13,Baltimore Ravens,BAL,7,CIN,-2.5,43.5,20,0,13,7,6,BAL,0,Away,7,13,-6,-2.5,0
2006-12-10,2006,14,Kansas City Chiefs,KC,10,Baltimore Ravens,BAL,20,KC,-3,37.5,30,0,10,20,-10,BAL,0,Away,20,10,10,-3,1
2006-12-17,2006,15,Baltimore Ravens,BAL,27,Cleveland Browns,CLE,17,BAL,-12,34.5,44,0,27,17,10,BAL,1,Home,27,17,10,12,0
2006-12-24,2006,16,Pittsburgh Steelers,PIT,7,Baltimore Ravens,BAL,31,PIT,-4,37,38,0,7,31,-24,BAL,0,Away,31,7,24,-4,1
2006-12-31,2006,17,Baltimore Ravens,BAL,19,Buffalo Bills,BUF,7,BAL,-9,37.5,26,0,19,7,12,BAL,1,Home,19,7,12,9,1
2007-09-10,2007,1,Cincinnati Bengals,CIN,27,Baltimore Ravens,BAL,20,CIN,-2.5,40,47,0,27,20,7,BAL,0,Away,20,27,-7,-2.5,0
2007-09-16,2007,2,Baltimore Ravens,BAL,20,New York Jets,NYJ,13,BAL,-10,33,33,0,20,13,7,BAL,1,Home,20,13,7,10,0
2007-09-23,2007,3,Baltimore Ravens,BAL,26,Arizona Cardinals,ARI,23,BAL,-7,35.5,49,0,26,23,3,BAL,1,Home,26,23,3,7,0
2007-09-30,2007,4,Cleveland Browns,CLE,27,Baltimore Ravens,BAL,13,BAL,-4.5,40,40,0,13,27,-14,BAL,1,Away,13,27,-14,4.5,0
2007-10-07,2007,5,San Francisco 49ers,SF,7,Baltimore Ravens,BAL,9,BAL,-3,34.5,16,0,9,7,2,BAL,1,Away,9,7,2,3,0
2007-10-14,2007,6,Baltimore Ravens,BAL,22,St. Louis Rams,LAR,3,BAL,-9,36.5,25,0,22,3,19,BAL,1,Home,22,3,19,9,1
2007-10-21,2007,7,Buffalo Bills,BUF,19,Baltimore Ravens,BAL,14,BAL,-3,33.5,33,0,14,19,-5,BAL,1,Away,14,19,-5,3,0
2007-11-05,2007,9,Pittsburgh Steelers,PIT,38,Baltimore Ravens,BAL,7,PIT,-9.5,36,45,0,38,7,31,BAL,0,Away,7,38,-31,-9.5,0
2007-11-11,2007,10,Baltimore Ravens,BAL,7,Cincinnati Bengals,CIN,21,BAL,-3,44.5,28,0,7,21,-14,BAL,1,Home,7,21,-14,3,0
2007-11-18,2007,11,Baltimore Ravens,BAL,30,Cleveland Browns,CLE,33,CLE,-2,44,63,0,33,30,3,BAL,0,Home,30,33,-3,-2,0
2007-11-25,2007,12,San Diego Chargers,LAC,32,Baltimore Ravens,BAL,14,LAC,-9,38.5,46,0,32,14,18,BAL,0,Away,14,32,-18,-9,0
2007-12-03,2007,13,Baltimore Ravens,BAL,24,New England Patriots,NE,27,NE,-18.5,46.5,51,0,27,24,3,BAL,0,Home,24,27,-3,-18.5,1
2007-12-09,2007,14,Baltimore Ravens,BAL,20,Indianapolis Colts,IND,44,IND,-9,42,64,0,44,20,24,BAL,0,Home,20,44,-24,-9,0
2007-12-16,2007,15,Miami Dolphins,MIA,22,Baltimore Ravens,BAL,16,BAL,-3,37.5,38,0,16,22,-6,BAL,1,Away,16,22,-6,3,0
2007-12-23,2007,16,Seattle Seahawks,SEA,27,Baltimore Ravens,BAL,6,SEA,-13.5,39,33,0,27,6,21,BAL,0,Away,6,27,-21,-13.5,0
2007-12-30,2007,17,Baltimore Ravens,BAL,27,Pittsburgh Steelers,PIT,21,PIT,-3,35.5,48,0,21,27,-6,BAL,0,Home,27,21,6,-3,1
2008-09-07,2008,1,Baltimore Ravens,BAL,17,Cincinnati Bengals,CIN,10,CIN,-2,37.5,27,0,10,17,-7,BAL,0,Home,17,10,7,-2,1
2008-09-21,2008,3,Baltimore Ravens,BAL,28,Cleveland Browns,CLE,10,BAL,-2.5,37,38,0,28,10,18,BAL,1,Home,28,10,18,2.5,1
2008-09-29,2008,4,Pittsburgh Steelers,PIT,23,Baltimore Ravens,BAL,20,PIT,-6,34.5,43,0,23,20,3,BAL,0,Away,20,23,-3,-6,1
2008-10-05,2008,5,Baltimore Ravens,BAL,10,Tennessee Titans,TEN,13,TEN,-1,33.5,23,0,13,10,3,BAL,0,Home,10,13,-3,-1,0
2008-10-12,2008,6,Indianapolis Colts,IND,31,Baltimore Ravens,BAL,3,IND,-4,38.5,34,0,31,3,28,BAL,0,Away,3,31,-28,-4,0
2008-10-19,2008,7,Miami Dolphins,MIA,13,Baltimore Ravens,BAL,27,MIA,-3,35,40,0,13,27,-14,BAL,0,Away,27,13,14,-3,1
2008-10-26,2008,8,Baltimore Ravens,BAL,29,Oakland Raiders,OAK,10,BAL,-8,34.5,39,0,29,10,19,BAL,1,Home,29,10,19,8,1
2008-11-02,2008,9,Cleveland Browns,CLE,27,Baltimore Ravens,BAL,37,CLE,-2.5,36.5,64,0,27,37,-10,BAL,0,Away,37,27,10,-2.5,1
2008-11-09,2008,10,Houston Texans,HOU,13,Baltimore Ravens,BAL,41,HOU,-2.5,44,54,0,13,41,-28,BAL,0,Away,41,13,28,-2.5,1
2008-11-16,2008,11,New York Giants,NYG,30,Baltimore Ravens,BAL,10,NYG,-7,40,40,0,30,10,20,BAL,0,Away,10,30,-20,-7,0
2008-11-23,2008,12,Baltimore Ravens,BAL,36,Philadelphia Eagles,PHI,7,BAL,-2,39.5,43,0,36,7,29,BAL,1,Home,36,7,29,2,1
2008-11-30,2008,13,Cincinnati Bengals,CIN,3,Baltimore Ravens,BAL,34,BAL,-7,36,37,0,34,3,31,BAL,1,Away,34,3,31,7,1
2008-12-07,2008,14,Baltimore Ravens,BAL,24,Washington Redskins,WAS,10,BAL,-6.5,35,34,0,24,10,14,BAL,1,Home,24,10,14,6.5,1
2008-12-14,2008,15,Baltimore Ravens,BAL,9,Pittsburgh Steelers,PIT,13,BAL,-3,34,22,0,9,13,-4,BAL,1,Home,9,13,-4,3,0
2008-12-20,2008,16,Dallas Cowboys,DAL,24,Baltimore Ravens,BAL,33,DAL,-5.5,39,57,0,24,33,-9,BAL,0,Away,33,24,9,-5.5,1
2008-12-28,2008,17,Baltimore Ravens,BAL,27,Jacksonville Jaguars,JAX,7,BAL,-10.5,37.5,34,0,27,7,20,BAL,1,Home,27,7,20,10.5,1
2009-09-13,2009,1,Baltimore Ravens,BAL,38,Kansas City Chiefs,KC,24,BAL,-13,36.5,62,0,38,24,14,BAL,1,Home,38,24,14,13,1
2009-09-20,2009,2,San Diego Chargers,LAC,26,Baltimore Ravens,BAL,31,LAC,-1,41,57,0,26,31,-5,BAL,0,Away,31,26,5,-1,1
2009-09-27,2009,3,Baltimore Ravens,BAL,34,Cleveland Browns,CLE,3,BAL,-13.5,38.5,37,0,34,3,31,BAL,1,Home,34,3,31,13.5,1
2009-10-04,2009,4,New England Patriots,NE,27,Baltimore Ravens,BAL,21,NE,-2,45,48,0,27,21,6,BAL,0,Away,21,27,-6,-2,0
2009-10-11,2009,5,Baltimore Ravens,BAL,14,Cincinnati Bengals,CIN,17,BAL,-9,42.5,31,0,14,17,-3,BAL,1,Home,14,17,-3,9,0
2009-10-18,2009,6,Minnesota Vikings,MIN,33,Baltimore Ravens,BAL,31,MIN,-3,45.5,64,0,33,31,2,BAL,0,Away,31,33,-2,-3,1
2009-11-01,2009,8,Baltimore Ravens,BAL,30,Denver Broncos,DEN,7,BAL,-3.5,42,37,0,30,7,23,BAL,1,Home,30,7,23,3.5,1
2009-11-08,2009,9,Cincinnati Bengals,CIN,17,Baltimore Ravens,BAL,7,BAL,-3,44.5,24,0,7,17,-10,BAL,1,Away,7,17,-10,3,0
2009-11-16,2009,10,Cleveland Browns,CLE,0,Baltimore Ravens,BAL,16,BAL,-11,39,16,0,16,0,16,BAL,1,Away,16,0,16,11,1
2009-11-22,2009,11,Baltimore Ravens,BAL,15,Indianapolis Colts,IND,17,IND,-1.5,44.5,32,0,17,15,2,BAL,0,Home,15,17,-2,-1.5,0
2009-11-29,2009,12,Baltimore Ravens,BAL,20,Pittsburgh Steelers,PIT,17,BAL,-8,34,37,0,20,17,3,BAL,1,Home,20,17,3,8,0
2009-12-07,2009,13,Green Bay Packers,GB,27,Baltimore Ravens,BAL,14,GB,-4,43,41,0,27,14,13,BAL,0,Away,14,27,-13,-4,0
2009-12-13,2009,14,Baltimore Ravens,BAL,48,Detroit Lions,DET,3,BAL,-14,40.5,51,0,48,3,45,BAL,1,Home,48,3,45,14,1
2009-12-20,2009,15,Baltimore Ravens,BAL,31,Chicago Bears,CHI,7,BAL,-11,39,38,0,31,7,24,BAL,1,Home,31,7,24,11,1
2009-12-27,2009,16,Pittsburgh Steelers,PIT,23,Baltimore Ravens,BAL,20,PIT,-3,43,43,0,23,20,3,BAL,0,Away,20,23,-3,-3,0
2010-01-03,2009,17,Oakland Raiders,OAK,13,Baltimore Ravens,BAL,21,BAL,-10,39,34,0,21,13,8,BAL,1,Away,21,13,8,10,0
2010-09-13,2010,1,New York Jets,NYJ,9,Baltimore Ravens,BAL,10,NYJ,-1,36.5,19,0,9,10,-1,BAL,0,Away,10,9,1,-1,1
2010-09-19,2010,2,Cincinnati Bengals,CIN,15,Baltimore Ravens,BAL,10,BAL,-3,39.5,25,0,10,15,-5,BAL,1,Away,10,15,-5,3,0
2010-09-26,2010,3,Baltimore Ravens,BAL,24,Cleveland Browns,CLE,17,BAL,-12.5,36.5,41,0,24,17,7,BAL,1,Home,24,17,7,12.5,0
2010-10-03,2010,4,Pittsburgh Steelers,PIT,14,Baltimore Ravens,BAL,17,PIT,-2.5,34.5,31,0,14,17,-3,BAL,0,Away,17,14,3,-2.5,1
2010-10-10,2010,5,Baltimore Ravens,BAL,31,Denver Broncos,DEN,17,BAL,-8,39.5,48,0,31,17,14,BAL,1,Home,31,17,14,8,1
2010-10-17,2010,6,New England Patriots,NE,23,Baltimore Ravens,BAL,20,NE,-3,44.5,43,0,23,20,3,BAL,0,Away,20,23,-3,-3,0
2010-10-24,2010,7,Baltimore Ravens,BAL,37,Buffalo Bills,BUF,34,BAL,-12.5,40,71,0,37,34,3,BAL,1,Home,37,34,3,12.5,0
2010-11-07,2010,9,Baltimore Ravens,BAL,26,Miami Dolphins,MIA,10,BAL,-5,41,36,0,26,10,16,BAL,1,Home,26,10,16,5,1
2010-11-11,2010,10,Atlanta Falcons,ATL,26,Baltimore Ravens,BAL,21,ATL,-1,44,47,0,26,21,5,BAL,0,Away,21,26,-5,-1,0
2010-11-21,2010,11,Carolina Panthers,CAR,13,Baltimore Ravens,BAL,37,BAL,-13.5,37,50,0,37,13,24,BAL,1,Away,37,13,24,13.5,1
2010-11-28,2010,12,Baltimore Ravens,BAL,17,Tampa Bay Buccaneers,TB,10,BAL,-7.5,41.5,27,0,17,10,7,BAL,1,Home,17,10,7,7.5,0
2010-12-05,2010,13,Baltimore Ravens,BAL,10,Pittsburgh Steelers,PIT,13,BAL,-3,39,23,0,10,13,-3,BAL,1,Home,10,13,-3,3,0
2010-12-13,2010,14,Houston Texans,HOU,28,Baltimore Ravens,BAL,34,BAL,-3,47,62,0,34,28,6,BAL,1,Away,34,28,6,3,1
2010-12-19,2010,15,Baltimore Ravens,BAL,30,New Orleans Saints,NO,24,BAL,-2.5,44.5,54,0,30,24,6,BAL,1,Home,30,24,6,2.5,1
2010-12-26,2010,16,Cleveland Browns,CLE,10,Baltimore Ravens,BAL,20,BAL,-4,40,30,0,20,10,10,BAL,1,Away,20,10,10,4,1
2011-01-02,2010,17,Baltimore Ravens,BAL,13,Cincinnati Bengals,CIN,7,BAL,-9.5,43,20,0,13,7,6,BAL,1,Home,13,7,6,9.5,0
2011-09-11,2011,1,Baltimore Ravens,BAL,35,Pittsburgh Steelers,PIT,7,BAL,-1.5,37,42,0,35,7,28,BAL,1,Home,35,7,28,1.5,1
2011-09-18,2011,2,Tennessee Titans,TEN,26,Baltimore Ravens,BAL,13,BAL,-6,39,39,0,13,26,-13,BAL,1,Away,13,26,-13,6,0
2011-09-25,2011,3,St. Louis Rams,LAR,7,Baltimore Ravens,BAL,37,BAL,-6,42,44,0,37,7,30,BAL,1,Away,37,7,30,6,1
2011-10-02,2011,4,Baltimore Ravens,BAL,34,New York Jets,NYJ,17,BAL,-5,43.5,51,0,34,17,17,BAL,1,Home,34,17,17,5,1
2011-10-16,2011,6,Baltimore Ravens,BAL,29,Houston Texans,HOU,14,BAL,-7,43.5,43,0,29,14,15,BAL,1,Home,29,14,15,7,1
2011-10-24,2011,7,Jacksonville Jaguars,JAX,12,Baltimore Ravens,BAL,7,BAL,-10.5,39,19,0,7,12,-5,BAL,1,Away,7,12,-5,10.5,0
2011-10-30,2011,8,Baltimore Ravens,BAL,30,Arizona Cardinals,ARI,27,BAL,-11.5,43,57,0,30,27,3,BAL,1,Home,30,27,3,11.5,0
2011-11-06,2011,9,Pittsburgh Steelers,PIT,20,Baltimore Ravens,BAL,23,PIT,-3.5,42,43,0,20,23,-3,BAL,0,Away,23,20,3,-3.5,1
2011-11-13,2011,10,Seattle Seahawks,SEA,22,Baltimore Ravens,BAL,17,BAL,-7,39,39,0,17,22,-5,BAL,1,Away,17,22,-5,7,0
2011-11-20,2011,11,Baltimore Ravens,BAL,31,Cincinnati Bengals,CIN,24,BAL,-7,40.5,55,0,31,24,7,BAL,1,Home,31,24,7,7,0
2011-11-24,2011,12,Baltimore Ravens,BAL,16,San Francisco 49ers,SF,6,BAL,-3.5,40.5,22,0,16,6,10,BAL,1,Home,16,6,10,3.5,1
2011-12-04,2011,13,Cleveland Browns,CLE,10,Baltimore Ravens,BAL,24,BAL,-7,38.5,34,0,24,10,14,BAL,1,Away,24,10,14,7,1
2011-12-11,2011,14,Baltimore Ravens,BAL,24,Indianapolis Colts,IND,10,BAL,-16.5,41.5,34,0,24,10,14,BAL,1,Home,24,10,14,16.5,0
2011-12-18,2011,15,San Diego Chargers,LAC,34,Baltimore Ravens,BAL,14,BAL,-2.5,44,48,0,14,34,-20,BAL,1,Away,14,34,-20,2.5,0
2011-12-24,2011,16,Baltimore Ravens,BAL,20,Cleveland Browns,CLE,14,BAL,-11,38,34,0,20,14,6,BAL,1,Home,20,14,6,11,0
2012-01-01,2011,17,Cincinnati Bengals,CIN,16,Baltimore Ravens,BAL,24,BAL,-2.5,38,40,0,24,16,8,BAL,1,Away,24,16,8,2.5,1
2012-09-10,2012,1,Baltimore Ravens,BAL,44,Cincinnati Bengals,CIN,13,BAL,-7,43,57,0,44,13,31,BAL,1,Home,44,13,31,7,1
2012-09-16,2012,2,Philadelphia Eagles,PHI,24,Baltimore Ravens,BAL,23,PHI,-3,47,47,0,24,23,1,BAL,0,Away,23,24,-1,-3,1
2012-09-23,2012,3,Baltimore Ravens,BAL,31,New England Patriots,NE,30,BAL,-3,48,61,0,31,30,1,BAL,1,Home,31,30,1,3,0
2012-09-27,2012,4,Baltimore Ravens,BAL,23,Cleveland Browns,CLE,16,BAL,-11.5,43.5,39,0,23,16,7,BAL,1,Home,23,16,7,11.5,0
2012-10-07,2012,5,Kansas City Chiefs,KC,6,Baltimore Ravens,BAL,9,BAL,-6.5,47,15,0,9,6,3,BAL,1,Away,9,6,3,6.5,0
2012-10-14,2012,6,Baltimore Ravens,BAL,31,Dallas Cowboys,DAL,29,BAL,-3,45,60,0,31,29,2,BAL,1,Home,31,29,2,3,0
2012-10-21,2012,7,Houston Texans,HOU,43,Baltimore Ravens,BAL,13,HOU,-6.5,47.5,56,0,43,13,30,BAL,0,Away,13,43,-30,-6.5,0
2012-11-04,2012,9,Cleveland Browns,CLE,15,Baltimore Ravens,BAL,25,BAL,-3.5,44,40,0,25,15,10,BAL,1,Away,25,15,10,3.5,1
2012-11-11,2012,10,Baltimore Ravens,BAL,55,Oakland Raiders,OAK,20,BAL,-7.5,47.5,75,0,55,20,35,BAL,1,Home,55,20,35,7.5,1
2012-11-18,2012,11,Pittsburgh Steelers,PIT,10,Baltimore Ravens,BAL,13,BAL,-3,40.5,23,0,13,10,3,BAL,1,Away,13,10,3,3,0
2012-11-25,2012,12,San Diego Chargers,LAC,13,Baltimore Ravens,BAL,16,BAL,-1,47,29,0,16,13,3,BAL,1,Away,16,13,3,1,1
2012-12-02,2012,13,Baltimore Ravens,BAL,20,Pittsburgh Steelers,PIT,23,BAL,-7.5,36.5,43,0,20,23,-3,BAL,1,Home,20,23,-3,7.5,0
2012-12-09,2012,14,Washington Redskins,WAS,31,Baltimore Ravens,BAL,28,WAS,-1.5,48,59,0,31,28,3,BAL,0,Away,28,31,-3,-1.5,0
2012-12-16,2012,15,Baltimore Ravens,BAL,17,Denver Broncos,DEN,34,DEN,-3,48,51,0,34,17,17,BAL,0,Home,17,34,-17,-3,0
2012-12-23,2012,16,Baltimore Ravens,BAL,33,New York Giants,NYG,14,NYG,-2.5,47,47,0,14,33,-19,BAL,0,Home,33,14,19,-2.5,1
2012-12-30,2012,17,Cincinnati Bengals,CIN,23,Baltimore Ravens,BAL,17,CIN,-3,42.5,40,0,23,17,6,BAL,0,Away,17,23,-6,-3,0
2013-09-05,2013,1,Denver Broncos,DEN,49,Baltimore Ravens,BAL,27,DEN,-7.5,49.5,76,0,49,27,22,BAL,0,Away,27,49,-22,-7.5,0
2013-09-15,2013,2,Baltimore Ravens,BAL,14,Cleveland Browns,CLE,6,BAL,-7,44,20,0,14,6,8,BAL,1,Home,14,6,8,7,1
2013-09-22,2013,3,Baltimore Ravens,BAL,30,Houston Texans,HOU,9,HOU,-1,44.5,39,0,9,30,-21,BAL,0,Home,30,9,21,-1,1
2013-09-29,2013,4,Buffalo Bills,BUF,23,Baltimore Ravens,BAL,20,BAL,-4,45,43,0,20,23,-3,BAL,1,Away,20,23,-3,4,0
2013-10-06,2013,5,Miami Dolphins,MIA,23,Baltimore Ravens,BAL,26,MIA,-2.5,43,49,0,23,26,-3,BAL,0,Away,26,23,3,-2.5,1
2013-10-13,2013,6,Baltimore Ravens,BAL,17,Green Bay Packers,GB,19,GB,-2,48,36,0,19,17,2,BAL,0,Home,17,19,-2,-2,0
2013-10-20,2013,7,Pittsburgh Steelers,PIT,19,Baltimore Ravens,BAL,16,PIT,-2.5,41,35,0,19,16,3,BAL,0,Away,16,19,-3,-2.5,0
2013-11-03,2013,9,Cleveland Browns,CLE,24,Baltimore Ravens,BAL,18,BAL,-1,42,42,0,18,24,-6,BAL,1,Away,18,24,-6,1,0
2013-11-10,2013,10,Baltimore Ravens,BAL,20,Cincinnati Bengals,CIN,17,BAL,-2,43.5,37,0,20,17,3,BAL,1,Home,20,17,3,2,1
2013-11-17,2013,11,Chicago Bears,CHI,23,Baltimore Ravens,BAL,20,CHI,-3.5,41,43,0,23,20,3,BAL,0,Away,20,23,-3,-3.5,1
2013-11-24,2013,12,Baltimore Ravens,BAL,19,New York Jets,NYJ,3,BAL,-3.5,38.5,22,0,19,3,16,BAL,1,Home,19,3,16,3.5,1
2013-11-28,2013,13,Baltimore Ravens,BAL,22,Pittsburgh Steelers,PIT,20,BAL,-3,40.5,42,0,22,20,2,BAL,1,Home,22,20,2,3,0
2013-12-08,2013,14,Baltimore Ravens,BAL,29,Minnesota Vikings,MIN,26,BAL,-6,41.5,55,0,29,26,3,BAL,1,Home,29,26,3,6,0
2013-12-16,2013,15,Detroit Lions,DET,16,Baltimore Ravens,BAL,18,DET,-5.5,49,34,0,16,18,-2,BAL,0,Away,18,16,2,-5.5,1
2013-12-22,2013,16,Baltimore Ravens,BAL,7,New England Patriots,NE,41,BAL,-1.5,44.5,48,0,7,41,-34,BAL,1,Home,7,41,-34,1.5,0
2013-12-29,2013,17,Cincinnati Bengals,CIN,34,Baltimore Ravens,BAL,17,CIN,-7,42.5,51,0,34,17,17,BAL,0,Away,17,34,-17,-7,0
2014-09-07,2014,1,Baltimore Ravens,BAL,16,Cincinnati Bengals,CIN,23,BAL,-1,42.5,39,0,16,23,-7,BAL,1,Home,16,23,-7,1,0
2014-09-11,2014,2,Baltimore Ravens,BAL,26,Pittsburgh Steelers,PIT,6,BAL,-2.5,44.5,32,0,26,6,20,BAL,1,Home,26,6,20,2.5,1
2014-09-21,2014,3,Cleveland Browns,CLE,21,Baltimore Ravens,BAL,23,BAL,-2,43,44,0,23,21,2,BAL,1,Away,23,21,2,2,0
2014-09-28,2014,4,Baltimore Ravens,BAL,38,Carolina Panthers,CAR,10,BAL,-3.5,42,48,0,38,10,28,BAL,1,Home,38,10,28,3.5,1
2014-10-05,2014,5,Indianapolis Colts,IND,20,Baltimore Ravens,BAL,13,IND,-2.5,49.5,33,0,20,13,7,BAL,0,Away,13,20,-7,-2.5,0
2014-10-12,2014,6,Tampa Bay Buccaneers,TB,17,Baltimore Ravens,BAL,48,BAL,-3.5,44.5,65,0,48,17,31,BAL,1,Away,48,17,31,3.5,1
2014-10-19,2014,7,Baltimore Ravens,BAL,29,Atlanta Falcons,ATL,7,BAL,-7,50,36,0,29,7,22,BAL,1,Home,29,7,22,7,1
2014-10-26,2014,8,Cincinnati Bengals,CIN,27,Baltimore Ravens,BAL,24,BAL,-2.5,44.5,51,0,24,27,-3,BAL,1,Away,24,27,-3,2.5,0
2014-11-02,2014,9,Pittsburgh Steelers,PIT,43,Baltimore Ravens,BAL,23,PIT,-2.5,48,66,0,43,23,20,BAL,0,Away,23,43,-20,-2.5,0
2014-11-09,2014,10,Baltimore Ravens,BAL,21,Tennessee Titans,TEN,7,BAL,-10.5,44,28,0,21,7,14,BAL,1,Home,21,7,14,10.5,1
2014-11-24,2014,12,New Orleans Saints,NO,27,Baltimore Ravens,BAL,34,NO,-2.5,50.5,61,0,27,34,-7,BAL,0,Away,34,27,7,-2.5,1
2014-11-30,2014,13,Baltimore Ravens,BAL,33,San Diego Chargers,LAC,34,BAL,-6.5,46,67,0,33,34,-1,BAL,1,Home,33,34,-1,6.5,0
2014-12-07,2014,14,Miami Dolphins,MIA,13,Baltimore Ravens,BAL,28,MIA,-3,45,41,0,13,28,-15,BAL,0,Away,28,13,15,-3,1
2014-12-14,2014,15,Baltimore Ravens,BAL,20,Jacksonville Jaguars,JAX,12,BAL,-14,44.5,32,0,20,12,8,BAL,1,Home,20,12,8,14,0
2014-12-21,2014,16,Houston Texans,HOU,25,Baltimore Ravens,BAL,13,BAL,-6,41.5,38,0,13,25,-12,BAL,1,Away,13,25,-12,6,0
2014-12-28,2014,17,Baltimore Ravens,BAL,20,Cleveland Browns,CLE,10,BAL,-14,40,30,0,20,10,10,BAL,1,Home,20,10,10,14,0
2015-09-13,2015,1,Denver Broncos,DEN,19,Baltimore Ravens,BAL,13,DEN,-4.5,46.5,32,0,19,13,6,BAL,0,Away,13,19,-6,-4.5,0
2015-09-20,2015,2,Oakland Raiders,OAK,37,Baltimore Ravens,BAL,33,BAL,-6,42,70,0,33,37,-4,BAL,1,Away,33,37,-4,6,0
2015-09-27,2015,3,Baltimore Ravens,BAL,24,Cincinnati Bengals,CIN,28,BAL,-1.5,45.5,52,0,24,28,-4,BAL,1,Home,24,28,-4,1.5,0
2015-10-01,2015,4,Pittsburgh Steelers,PIT,20,Baltimore Ravens,BAL,23,BAL,-3,44,43,0,23,20,3,BAL,1,Away,23,20,3,3,0
2015-10-11,2015,5,Baltimore Ravens,BAL,30,Cleveland Browns,CLE,33,BAL,-6.5,43,63,0,30,33,-3,BAL,1,Home,30,33,-3,6.5,0
2015-10-18,2015,6,San Francisco 49ers,SF,25,Baltimore Ravens,BAL,20,BAL,-2.5,43.5,45,0,20,25,-5,BAL,1,Away,20,25,-5,2.5,0
2015-10-26,2015,7,Arizona Cardinals,ARI,26,Baltimore Ravens,BAL,18,ARI,-10,49.5,44,0,26,18,8,BAL,0,Away,18,26,-8,-10,1
2015-11-01,2015,8,Baltimore Ravens,BAL,29,San Diego Chargers,LAC,26,BAL,-4.5,50.5,55,0,29,26,3,BAL,1,Home,29,26,3,4.5,0
2015-11-15,2015,10,Baltimore Ravens,BAL,20,Jacksonville Jaguars,JAX,22,BAL,-5,47,42,0,20,22,-2,BAL,1,Home,20,22,-2,5,0
2015-11-22,2015,11,Baltimore Ravens,BAL,16,St. Louis Rams,LAR,13,BAL,-3,41.5,29,0,16,13,3,BAL,1,Home,16,13,3,3,0
2015-11-30,2015,12,Cleveland Browns,CLE,27,Baltimore Ravens,BAL,33,CLE,-6,41,60,0,27,33,-6,BAL,0,Away,33,27,6,-6,1
2015-12-06,2015,13,Miami Dolphins,MIA,15,Baltimore Ravens,BAL,13,MIA,-3.5,43,28,0,15,13,2,BAL,0,Away,13,15,-2,-3.5,1
2015-12-13,2015,14,Baltimore Ravens,BAL,6,Seattle Seahawks,SEA,35,SEA,-10.5,42,41,0,35,6,29,BAL,0,Home,6,35,-29,-10.5,0
2015-12-20,2015,15,Baltimore Ravens,BAL,14,Kansas City Chiefs,KC,34,KC,-6.5,41,48,0,34,14,20,BAL,0,Home,14,34,-20,-6.5,0
2015-12-27,2015,16,Baltimore Ravens,BAL,20,Pittsburgh Steelers,PIT,17,PIT,-11.5,47.5,37,0,17,20,-3,BAL,0,Home,20,17,3,-11.5,1
2016-01-03,2015,17,Cincinnati Bengals,CIN,24,Baltimore Ravens,BAL,16,CIN,-9.5,41,40,0,24,16,8,BAL,0,Away,16,24,-8,-9.5,1
2016-09-11,2016,1,Baltimore Ravens,BAL,13,Buffalo Bills,BUF,7,BAL,-3,44.5,20,0,13,7,6,BAL,1,Home,13,7,6,3,1
2016-09-18,2016,2,Cleveland Browns,CLE,20,Baltimore Ravens,BAL,25,BAL,-4.5,42,45,0,25,20,5,BAL,1,Away,25,20,5,4.5,1
2016-09-25,2016,3,Jacksonville Jaguars,JAX,17,Baltimore Ravens,BAL,19,BAL,-2,45,36,0,19,17,2,BAL,1,Away,19,17,2,2,0
2016-10-02,2016,4,Baltimore Ravens,BAL,27,Oakland Raiders,OAK,28,BAL,-3.5,45,55,0,27,28,-1,BAL,1,Home,27,28,-1,3.5,0
2016-10-09,2016,5,Baltimore Ravens,BAL,10,Washington Redskins,WAS,16,BAL,-4,44.5,26,0,10,16,-6,BAL,1,Home,10,16,-6,4,0
2016-10-16,2016,6,New York Giants,NYG,27,Baltimore Ravens,BAL,23,NYG,-3.5,42.5,50,0,27,23,4,BAL,0,Away,23,27,-4,-3.5,0
2016-10-23,2016,7,New York Jets,NYJ,24,Baltimore Ravens,BAL,16,NYJ,-2.5,40,40,0,24,16,8,BAL,0,Away,16,24,-8,-2.5,0
2016-11-06,2016,9,Baltimore Ravens,BAL,21,Pittsburgh Steelers,PIT,14,PIT,-3.5,46,35,0,14,21,-7,BAL,0,Home,21,14,7,-3.5,1
2016-11-10,2016,10,Baltimore Ravens,BAL,28,Cleveland Browns,CLE,7,BAL,-7.5,44,35,0,28,7,21,BAL,1,Home,28,7,21,7.5,1
2016-11-20,2016,11,Dallas Cowboys,DAL,27,Baltimore Ravens,BAL,17,DAL,-7,44.5,44,0,27,17,10,BAL,0,Away,17,27,-10,-7,0
2016-11-27,2016,12,Baltimore Ravens,BAL,19,Cincinnati Bengals,CIN,14,BAL,-3.5,42,33,0,19,14,5,BAL,1,Home,19,14,5,3.5,1
2016-12-04,2016,13,Baltimore Ravens,BAL,38,Miami Dolphins,MIA,6,BAL,-3.5,41.5,44,0,38,6,32,BAL,1,Home,38,6,32,3.5,1
2016-12-12,2016,14,New England Patriots,NE,30,Baltimore Ravens,BAL,23,NE,-6,45,53,0,30,23,7,BAL,0,Away,23,30,-7,-6,0
2016-12-18,2016,15,Baltimore Ravens,BAL,27,Philadelphia Eagles,PHI,26,BAL,-5,41,53,0,27,26,1,BAL,1,Home,27,26,1,5,0
2016-12-25,2016,16,Pittsburgh Steelers,PIT,31,Baltimore Ravens,BAL,27,PIT,-5.5,46.5,58,0,31,27,4,BAL,0,Away,27,31,-4,-5.5,1
2017-01-01,2016,17,Cincinnati Bengals,CIN,27,Baltimore Ravens,BAL,10,BAL,-2.5,40.5,37,0,10,27,-17,BAL,1,Away,10,27,-17,2.5,0
2017-09-10,2017,1,Cincinnati Bengals,CIN,0,Baltimore Ravens,BAL,20,CIN,-3,42.5,20,0,0,20,-20,BAL,0,Away,20,0,20,-3,1
2017-09-17,2017,2,Baltimore Ravens,BAL,24,Cleveland Browns,CLE,10,BAL,-7.5,40,34,0,24,10,14,BAL,1,Home,24,10,14,7.5,1
2017-10-01,2017,4,Baltimore Ravens,BAL,9,Pittsburgh Steelers,PIT,26,PIT,-3,42,35,0,26,9,17,BAL,0,Home,9,26,-17,-3,0
2017-10-08,2017,5,Oakland Raiders,OAK,17,Baltimore Ravens,BAL,30,OAK,-2.5,39,47,0,17,30,-13,BAL,0,Away,30,17,13,-2.5,1
2017-10-15,2017,6,Baltimore Ravens,BAL,24,Chicago Bears,CHI,27,BAL,-6.5,38.5,51,0,24,27,-3,BAL,1,Home,24,27,-3,6.5,0
2017-10-22,2017,7,Minnesota Vikings,MIN,24,Baltimore Ravens,BAL,16,MIN,-4,38,40,0,24,16,8,BAL,0,Away,16,24,-8,-4,0
2017-10-26,2017,8,Baltimore Ravens,BAL,40,Miami Dolphins,MIA,0,BAL,-3,37.5,40,0,40,0,40,BAL,1,Home,40,0,40,3,1
2017-11-05,2017,9,Tennessee Titans,TEN,23,Baltimore Ravens,BAL,20,TEN,-3,41,43,0,23,20,3,BAL,0,Away,20,23,-3,-3,0
2017-11-19,2017,11,Green Bay Packers,GB,0,Baltimore Ravens,BAL,23,BAL,-2,38,23,0,23,0,23,BAL,1,Away,23,0,23,2,1
2017-11-27,2017,12,Baltimore Ravens,BAL,23,Houston Texans,HOU,16,BAL,-7,38,39,0,23,16,7,BAL,1,Home,23,16,7,7,0
2017-12-03,2017,13,Baltimore Ravens,BAL,44,Detroit Lions,DET,20,BAL,-3,43.5,64,0,44,20,24,BAL,1,Home,44,20,24,3,1
2017-12-10,2017,14,Pittsburgh Steelers,PIT,39,Baltimore Ravens,BAL,38,PIT,-6,43,77,0,39,38,1,BAL,0,Away,38,39,-1,-6,1
2017-12-17,2017,15,Cleveland Browns,CLE,10,Baltimore Ravens,BAL,27,BAL,-6.5,42,37,0,27,10,17,BAL,1,Away,27,10,17,6.5,1
2017-12-23,2017,16,Baltimore Ravens,BAL,23,Indianapolis Colts,IND,16,BAL,-13.5,41,39,0,23,16,7,BAL,1,Home,23,16,7,13.5,0
2017-12-31,2017,17,Baltimore Ravens,BAL,27,Cincinnati Bengals,CIN,31,BAL,-8,40,58,0,27,31,-4,BAL,1,Home,27,31,-4,8,0
2018-09-09,2018,1,Baltimore Ravens,BAL,47,Buffalo Bills,BUF,3,BAL,-7.5,39,50,0,47,3,44,BAL,1,Home,47,3,44,7.5,1
2018-09-13,2018,2,Cincinnati Bengals,CIN,34,Baltimore Ravens,BAL,23,CIN,-1,43,57,0,34,23,11,BAL,0,Away,23,34,-11,-1,0
2018-09-23,2018,3,Baltimore Ravens,BAL,27,Denver Broncos,DEN,14,BAL,-5.5,46,41,0,27,14,13,BAL,1,Home,27,14,13,5.5,1
2018-09-30,2018,4,Pittsburgh Steelers,PIT,14,Baltimore Ravens,BAL,26,PIT,-3,51,40,0,14,26,-12,BAL,0,Away,26,14,12,-3,1
2018-10-07,2018,5,Cleveland Browns,CLE,12,Baltimore Ravens,BAL,9,BAL,-3,44.5,21,0,9,12,-3,BAL,1,Away,9,12,-3,3,0
2018-10-14,2018,6,Tennessee Titans,TEN,0,Baltimore Ravens,BAL,21,BAL,-2.5,43.5,21,0,21,0,21,BAL,1,Away,21,0,21,2.5,1
2018-10-21,2018,7,Baltimore Ravens,BAL,23,New Orleans Saints,NO,24,BAL,-2.5,49,47,0,23,24,-1,BAL,1,Home,23,24,-1,2.5,0
2018-10-28,2018,8,Carolina Panthers,CAR,36,Baltimore Ravens,BAL,21,BAL,-2.5,44,57,0,21,36,-15,BAL,1,Away,21,36,-15,2.5,0
2018-11-04,2018,9,Baltimore Ravens,BAL,16,Pittsburgh Steelers,PIT,23,BAL,-1.5,46.5,39,0,16,23,-7,BAL,1,Home,16,23,-7,1.5,0
2018-11-18,2018,11,Baltimore Ravens,BAL,24,Cincinnati Bengals,CIN,21,BAL,-6.5,44,45,0,24,21,3,BAL,1,Home,24,21,3,6.5,0
2018-11-25,2018,12,Baltimore Ravens,BAL,34,Oakland Raiders,OAK,17,BAL,-13,42,51,0,34,17,17,BAL,1,Home,34,17,17,13,1
2018-12-02,2018,13,Atlanta Falcons,ATL,16,Baltimore Ravens,BAL,26,ATL,-2.5,46.5,42,0,16,26,-10,BAL,0,Away,26,16,10,-2.5,1
2018-12-09,2018,14,Kansas City Chiefs,KC,27,Baltimore Ravens,BAL,24,KC,-6.5,48.5,51,0,27,24,3,BAL,0,Away,24,27,-3,-6.5,1
2018-12-16,2018,15,Baltimore Ravens,BAL,20,Tampa Bay Buccaneers,TB,12,BAL,-8.5,45,32,0,20,12,8,BAL,1,Home,20,12,8,8.5,0
2018-12-22,2018,16,Los Angeles Chargers,LAC,10,Baltimore Ravens,BAL,22,LAC,-4,42.5,32,0,10,22,-12,BAL,0,Away,22,10,12,-4,1
2018-12-30,2018,17,Baltimore Ravens,BAL,26,Cleveland Browns,CLE,24,BAL,-7,41,50,0,26,24,2,BAL,1,Home,26,24,2,7,0
2019-09-08,2019,1,Miami Dolphins,MIA,10,Baltimore Ravens,BAL,59,BAL,-7,40.5,69,0,59,10,49,BAL,1,Away,59,10,49,7,1
2019-09-15,2019,2,Baltimore Ravens,BAL,23,Arizona Cardinals,ARI,17,BAL,-13,45.5,40,0,23,17,6,BAL,1,Home,23,17,6,13,0
2019-09-22,2019,3,Kansas City Chiefs,KC,33,Baltimore Ravens,BAL,28,KC,-5,52,61,0,33,28,5,BAL,0,Away,28,33,-5,-5,0
2019-09-29,2019,4,Baltimore Ravens,BAL,25,Cleveland Browns,CLE,40,BAL,-7,47.5,65,0,25,40,-15,BAL,1,Home,25,40,-15,7,0
2019-10-06,2019,5,Pittsburgh Steelers,PIT,23,Baltimore Ravens,BAL,26,BAL,-3,44,49,0,26,23,3,BAL,1,Away,26,23,3,3,0
2019-10-13,2019,6,Baltimore Ravens,BAL,23,Cincinnati Bengals,CIN,17,BAL,-10.5,46.5,40,0,23,17,6,BAL,1,Home,23,17,6,10.5,0
2019-10-20,2019,7,Seattle Seahawks,SEA,16,Baltimore Ravens,BAL,30,SEA,-3,48.5,46,0,16,30,-14,BAL,0,Away,30,16,14,-3,1
2019-11-03,2019,9,Baltimore Ravens,BAL,37,New England Patriots,NE,20,NE,-3,44.5,57,0,20,37,-17,BAL,0,Home,37,20,17,-3,1
2019-11-10,2019,10,Cincinnati Bengals,CIN,13,Baltimore Ravens,BAL,49,BAL,-10.5,44,62,0,49,13,36,BAL,1,Away,49,13,36,10.5,1
2019-11-17,2019,11,Baltimore Ravens,BAL,41,Houston Texans,HOU,7,BAL,-4.5,51,48,0,41,7,34,BAL,1,Home,41,7,34,4.5,1
2019-11-25,2019,12,Los Angeles Rams,LAR,6,Baltimore Ravens,BAL,45,BAL,-3.5,47,51,0,45,6,39,BAL,1,Away,45,6,39,3.5,1
2019-12-01,2019,13,Baltimore Ravens,BAL,20,San Francisco 49ers,SF,17,BAL,-5.5,45,37,0,20,17,3,BAL,1,Home,20,17,3,5.5,0
2019-12-08,2019,14,Buffalo Bills,BUF,17,Baltimore Ravens,BAL,24,BAL,-6,44,41,0,24,17,7,BAL,1,Away,24,17,7,6,1
2019-12-12,2019,15,Baltimore Ravens,BAL,42,New York Jets,NYJ,21,BAL,-17,44,63,0,42,21,21,BAL,1,Home,42,21,21,17,1
2019-12-22,2019,16,Cleveland Browns,CLE,15,Baltimore Ravens,BAL,31,BAL,-10,49,46,0,31,15,16,BAL,1,Away,31,15,16,10,1
2019-12-29,2019,17,Baltimore Ravens,BAL,28,Pittsburgh Steelers,PIT,10,PIT,-1,35,38,0,10,28,-18,BAL,0,Home,28,10,18,-1,1
2000-09-10,2000,2,Cincinnati Bengals,CIN,7,Cleveland Browns,CLE,24,CIN,-6,40.5,31,0,7,24,-17,CIN,1,Home,7,24,-17,6,0
2000-09-17,2000,3,Jacksonville Jaguars,JAX,13,Cincinnati Bengals,CIN,0,JAX,-13,41,13,0,13,0,13,CIN,0,Away,0,13,-13,-13,0
2000-09-24,2000,4,Baltimore Ravens,BAL,37,Cincinnati Bengals,CIN,0,BAL,-11.5,38,37,0,37,0,37,CIN,0,Away,0,37,-37,-11.5,0
2000-10-01,2000,5,Cincinnati Bengals,CIN,16,Miami Dolphins,MIA,31,MIA,-7,33,47,0,31,16,15,CIN,0,Home,16,31,-15,-7,0
2000-10-08,2000,6,Cincinnati Bengals,CIN,14,Tennessee Titans,TEN,23,TEN,-10,38,37,0,23,14,9,CIN,0,Home,14,23,-9,-10,1
2000-10-15,2000,7,Pittsburgh Steelers,PIT,15,Cincinnati Bengals,CIN,0,PIT,-8.5,37,15,0,15,0,15,CIN,0,Away,0,15,-15,-8.5,0
2000-10-22,2000,8,Cincinnati Bengals,CIN,31,Denver Broncos,DEN,21,DEN,-10,43,52,0,21,31,-10,CIN,0,Home,31,21,10,-10,1
2000-10-29,2000,9,Cleveland Browns,CLE,3,Cincinnati Bengals,CIN,12,CIN,-3,35.5,15,0,12,3,9,CIN,1,Away,12,3,9,3,1
2000-11-05,2000,10,Cincinnati Bengals,CIN,7,Baltimore Ravens,BAL,27,BAL,-6,32.5,34,0,27,7,20,CIN,0,Home,7,27,-20,-6,0
2000-11-12,2000,11,Dallas Cowboys,DAL,23,Cincinnati Bengals,CIN,6,DAL,-8.5,39,29,0,23,6,17,CIN,0,Away,6,23,-17,-8.5,0
2000-11-19,2000,12,New England Patriots,NE,16,Cincinnati Bengals,CIN,13,NE,-7,36,29,0,16,13,3,CIN,0,Away,13,16,-3,-7,1
2000-11-26,2000,13,Cincinnati Bengals,CIN,28,Pittsburgh Steelers,PIT,48,PIT,-4,34,76,0,48,28,20,CIN,0,Home,28,48,-20,-4,0
2000-12-03,2000,14,Cincinnati Bengals,CIN,24,Arizona Cardinals,ARI,13,CIN,-4,38.5,37,0,24,13,11,CIN,1,Home,24,13,11,4,1
2000-12-10,2000,15,Tennessee Titans,TEN,35,Cincinnati Bengals,CIN,3,TEN,-13,36,38,0,35,3,32,CIN,0,Away,3,35,-32,-13,0
2000-12-17,2000,16,Cincinnati Bengals,CIN,17,Jacksonville Jaguars,JAX,14,JAX,-10.5,42.5,31,0,14,17,-3,CIN,0,Home,17,14,3,-10.5,1
2000-12-24,2000,17,Philadelphia Eagles,PHI,16,Cincinnati Bengals,CIN,7,PHI,-10.5,35,23,0,16,7,9,CIN,0,Away,7,16,-9,-10.5,1
2001-09-09,2001,1,Cincinnati Bengals,CIN,23,New England Patriots,NE,17,PICK,0,36,40,0,17,23,-6,CIN,0,Home,23,17,6,0,1
2001-09-23,2001,2,Cincinnati Bengals,CIN,21,Baltimore Ravens,BAL,10,BAL,-7,33.5,31,0,10,21,-11,CIN,0,Home,21,10,11,-7,1
2001-09-30,2001,3,San Diego Chargers,LAC,28,Cincinnati Bengals,CIN,14,LAC,-6.5,39,42,0,28,14,14,CIN,0,Away,14,28,-14,-6.5,0
2001-10-07,2001,4,Pittsburgh Steelers,PIT,16,Cincinnati Bengals,CIN,7,PIT,-5,35.5,23,0,16,7,9,CIN,0,Away,7,16,-9,-5,0
2001-10-14,2001,5,Cincinnati Bengals,CIN,24,Cleveland Browns,CLE,14,CIN,-1.5,35,38,0,24,14,10,CIN,1,Home,24,14,10,1.5,1
2001-10-21,2001,6,Cincinnati Bengals,CIN,0,Chicago Bears,CHI,24,CIN,-1,36,24,0,0,24,-24,CIN,1,Home,0,24,-24,1,0
2001-10-28,2001,7,Detroit Lions,DET,27,Cincinnati Bengals,CIN,31,DET,-3,39.5,58,0,27,31,-4,CIN,0,Away,31,27,4,-3,1
2001-11-11,2001,9,Jacksonville Jaguars,JAX,30,Cincinnati Bengals,CIN,13,JAX,-4,39.5,43,0,30,13,17,CIN,0,Away,13,30,-17,-4,0
2001-11-18,2001,10,Cincinnati Bengals,CIN,7,Tennessee Titans,TEN,20,CIN,-1.5,39.5,27,0,7,20,-13,CIN,1,Home,7,20,-13,1.5,0
2001-11-25,2001,11,Cleveland Browns,CLE,18,Cincinnati Bengals,CIN,0,CLE,-6,35.5,18,0,18,0,18,CIN,0,Away,0,18,-18,-6,0
2001-12-02,2001,12,Cincinnati Bengals,CIN,13,Tampa Bay Buccaneers,TB,16,TB,-5,35,29,0,16,13,3,CIN,0,Home,13,16,-3,-5,1
2001-12-09,2001,13,Cincinnati Bengals,CIN,10,Jacksonville Jaguars,JAX,14,CIN,-1,36.5,24,0,10,14,-4,CIN,1,Home,10,14,-4,1,0
2001-12-16,2001,14,New York Jets,NYJ,15,Cincinnati Bengals,CIN,14,NYJ,-8.5,35,29,0,15,14,1,CIN,0,Away,14,15,-1,-8.5,1
2001-12-23,2001,15,Baltimore Ravens,BAL,16,Cincinnati Bengals,CIN,0,BAL,-10.5,33.5,16,0,16,0,16,CIN,0,Away,0,16,-16,-10.5,0
2001-12-30,2001,16,Cincinnati Bengals,CIN,26,Pittsburgh Steelers,PIT,23,PIT,-8,33.5,49,0,23,26,-3,CIN,0,Home,26,23,3,-8,1
2002-01-06,2001,17,Tennessee Titans,TEN,21,Cincinnati Bengals,CIN,23,TEN,-5.5,37.5,44,0,21,23,-2,CIN,0,Away,23,21,2,-5.5,1
2002-09-08,2002,1,Cincinnati Bengals,CIN,6,San Diego Chargers,LAC,34,CIN,-3,37,40,0,6,34,-28,CIN,1,Home,6,34,-28,3,0
2002-09-15,2002,2,Cleveland Browns,CLE,20,Cincinnati Bengals,CIN,7,CLE,-3.5,39,27,0,20,7,13,CIN,0,Away,7,20,-13,-3.5,0
2002-09-22,2002,3,Atlanta Falcons,ATL,30,Cincinnati Bengals,CIN,3,ATL,-7,42.5,33,0,30,3,27,CIN,0,Away,3,30,-27,-7,0
2002-09-29,2002,4,Cincinnati Bengals,CIN,7,Tampa Bay Buccaneers,TB,35,TB,-6.5,33.5,42,0,35,7,28,CIN,0,Home,7,35,-28,-6.5,0
2002-10-06,2002,5,Indianapolis Colts,IND,28,Cincinnati Bengals,CIN,21,IND,-13.5,43,49,0,28,21,7,CIN,0,Away,21,28,-7,-13.5,1
2002-10-13,2002,6,Cincinnati Bengals,CIN,7,Pittsburgh Steelers,PIT,34,PIT,-6.5,40.5,41,0,34,7,27,CIN,0,Home,7,34,-27,-6.5,0
2002-10-27,2002,8,Cincinnati Bengals,CIN,24,Tennessee Titans,TEN,30,TEN,-4.5,42,54,0,30,24,6,CIN,0,Home,24,30,-6,-4.5,0
2002-11-03,2002,9,Houston Texans,HOU,3,Cincinnati Bengals,CIN,38,HOU,-2.5,36.5,41,0,3,38,-35,CIN,0,Away,38,3,35,-2.5,1
2002-11-10,2002,10,Baltimore Ravens,BAL,38,Cincinnati Bengals,CIN,27,BAL,-4,37,65,0,38,27,11,CIN,0,Away,27,38,-11,-4,0
2002-11-17,2002,11,Cincinnati Bengals,CIN,20,Cleveland Browns,CLE,27,CLE,-3,41.5,47,0,27,20,7,CIN,0,Home,20,27,-7,-3,0
2002-11-24,2002,12,Pittsburgh Steelers,PIT,29,Cincinnati Bengals,CIN,21,PIT,-10.5,44,50,0,29,21,8,CIN,0,Away,21,29,-8,-10.5,1
2002-12-01,2002,13,Cincinnati Bengals,CIN,23,Baltimore Ravens,BAL,27,BAL,-2.5,37.5,50,0,27,23,4,CIN,0,Home,23,27,-4,-2.5,0
2002-12-08,2002,14,Carolina Panthers,CAR,52,Cincinnati Bengals,CIN,31,CAR,-3,37.5,83,0,52,31,21,CIN,0,Away,31,52,-21,-3,0
2002-12-15,2002,15,Cincinnati Bengals,CIN,15,Jacksonville Jaguars,JAX,29,JAX,-3,45,44,0,29,15,14,CIN,0,Home,15,29,-14,-3,0
2002-12-22,2002,16,Cincinnati Bengals,CIN,20,New Orleans Saints,NO,13,NO,-7,49,33,0,13,20,-7,CIN,0,Home,20,13,7,-7,1
2002-12-29,2002,17,Buffalo Bills,BUF,27,Cincinnati Bengals,CIN,9,BUF,-7.5,45,36,0,27,9,18,CIN,0,Away,9,27,-18,-7.5,0
2003-09-07,2003,1,Cincinnati Bengals,CIN,10,Denver Broncos,DEN,30,DEN,-6,43.5,40,0,30,10,20,CIN,0,Home,10,30,-20,-6,0
2003-09-14,2003,2,Oakland Raiders,OAK,23,Cincinnati Bengals,CIN,20,OAK,-12,45,43,0,23,20,3,CIN,0,Away,20,23,-3,-12,1
2003-09-21,2003,3,Cincinnati Bengals,CIN,10,Pittsburgh Steelers,PIT,17,PIT,-4.5,44.5,27,0,17,10,7,CIN,0,Home,10,17,-7,-4.5,0
2003-09-28,2003,4,Cleveland Browns,CLE,14,Cincinnati Bengals,CIN,21,CLE,-4.5,40,35,0,14,21,-7,CIN,0,Away,21,14,7,-4.5,1
2003-10-05,2003,5,Buffalo Bills,BUF,22,Cincinnati Bengals,CIN,16,BUF,-7,40,38,0,22,16,6,CIN,0,Away,16,22,-6,-7,1
2003-10-19,2003,7,Cincinnati Bengals,CIN,34,Baltimore Ravens,BAL,26,BAL,-1,36,60,0,26,34,-8,CIN,0,Home,34,26,8,-1,1
2003-10-26,2003,8,Cincinnati Bengals,CIN,27,Seattle Seahawks,SEA,24,SEA,-3,41.5,51,0,24,27,-3,CIN,0,Home,27,24,3,-3,1
2003-11-02,2003,9,Arizona Cardinals,ARI,17,Cincinnati Bengals,CIN,14,CIN,-3,39,31,0,14,17,-3,CIN,1,Away,14,17,-3,3,0
2003-11-09,2003,10,Cincinnati Bengals,CIN,34,Houston Texans,HOU,27,CIN,-4,40,61,0,34,27,7,CIN,1,Home,34,27,7,4,1
2003-11-16,2003,11,Cincinnati Bengals,CIN,24,Kansas City Chiefs,KC,19,KC,-6,48,43,0,19,24,-5,CIN,0,Home,24,19,5,-6,1
2003-11-23,2003,12,San Diego Chargers,LAC,27,Cincinnati Bengals,CIN,34,CIN,-3,43,61,0,34,27,7,CIN,1,Away,34,27,7,3,1
2003-11-30,2003,13,Pittsburgh Steelers,PIT,20,Cincinnati Bengals,CIN,24,PIT,-3,42,44,0,20,24,-4,CIN,0,Away,24,20,4,-3,1
2003-12-07,2003,14,Baltimore Ravens,BAL,31,Cincinnati Bengals,CIN,13,BAL,-5,38.5,44,0,31,13,18,CIN,0,Away,13,31,-18,-5,0
2003-12-14,2003,15,Cincinnati Bengals,CIN,41,San Francisco 49ers,SF,38,CIN,-3,42,79,0,41,38,3,CIN,1,Home,41,38,3,3,0
2003-12-21,2003,16,St. Louis Rams,LAR,27,Cincinnati Bengals,CIN,10,LAR,-7,54,37,0,27,10,17,CIN,0,Away,10,27,-17,-7,0
2003-12-28,2003,17,Cincinnati Bengals,CIN,14,Cleveland Browns,CLE,22,CIN,-8.5,42,36,0,14,22,-8,CIN,1,Home,14,22,-8,8.5,0
2004-09-12,2004,1,New York Jets,NYJ,31,Cincinnati Bengals,CIN,24,NYJ,-5.5,42,55,0,31,24,7,CIN,0,Away,24,31,-7,-5.5,0
2004-09-19,2004,2,Cincinnati Bengals,CIN,16,Miami Dolphins,MIA,13,CIN,-5.5,40,29,0,16,13,3,CIN,1,Home,16,13,3,5.5,0
2004-09-26,2004,3,Cincinnati Bengals,CIN,9,Baltimore Ravens,BAL,23,BAL,-1.5,35,32,0,23,9,14,CIN,0,Home,9,23,-14,-1.5,0
2004-10-03,2004,4,Pittsburgh Steelers,PIT,28,Cincinnati Bengals,CIN,17,PIT,-4,39.5,45,0,28,17,11,CIN,0,Away,17,28,-11,-4,0
2004-10-17,2004,6,Cleveland Browns,CLE,34,Cincinnati Bengals,CIN,17,CLE,-3,40,51,0,34,17,17,CIN,0,Away,17,34,-17,-3,0
2004-10-25,2004,7,Cincinnati Bengals,CIN,23,Denver Broncos,DEN,10,DEN,-7,42.5,33,0,10,23,-13,CIN,0,Home,23,10,13,-7,1
2004-10-31,2004,8,Tennessee Titans,TEN,27,Cincinnati Bengals,CIN,20,TEN,-3,39.5,47,0,27,20,7,CIN,0,Away,20,27,-7,-3,0
2004-11-07,2004,9,Cincinnati Bengals,CIN,26,Dallas Cowboys,DAL,3,PICK,0,44,29,0,3,26,-23,CIN,0,Home,26,3,23,0,1
2004-11-14,2004,10,Washington Redskins,WAS,10,Cincinnati Bengals,CIN,17,WAS,-4,36.5,27,0,10,17,-7,CIN,0,Away,17,10,7,-4,1
2004-11-21,2004,11,Cincinnati Bengals,CIN,14,Pittsburgh Steelers,PIT,19,PIT,-4,40.5,33,0,19,14,5,CIN,0,Home,14,19,-5,-4,0
2004-11-28,2004,12,Cincinnati Bengals,CIN,58,Cleveland Browns,CLE,48,CIN,-6,37.5,106,0,58,48,10,CIN,1,Home,58,48,10,6,1
2004-12-05,2004,13,Baltimore Ravens,BAL,26,Cincinnati Bengals,CIN,27,BAL,-6.5,37,53,0,26,27,-1,CIN,0,Away,27,26,1,-6.5,1
2004-12-12,2004,14,New England Patriots,NE,35,Cincinnati Bengals,CIN,28,NE,-10.5,47,63,0,35,28,7,CIN,0,Away,28,35,-7,-10.5,1
2004-12-19,2004,15,Cincinnati Bengals,CIN,17,Buffalo Bills,BUF,33,BUF,-3,41,50,0,33,17,16,CIN,0,Home,17,33,-16,-3,0
2004-12-26,2004,16,Cincinnati Bengals,CIN,23,New York Giants,NYG,22,CIN,-6.5,46.5,45,0,23,22,1,CIN,1,Home,23,22,1,6.5,0
2005-01-02,2004,17,Philadelphia Eagles,PHI,10,Cincinnati Bengals,CIN,38,CIN,-4,37.5,48,0,38,10,28,CIN,1,Away,38,10,28,4,1
2005-09-11,2005,1,Cleveland Browns,CLE,13,Cincinnati Bengals,CIN,27,CIN,-3.5,44.5,40,0,27,13,14,CIN,1,Away,27,13,14,3.5,1
2005-09-18,2005,2,Cincinnati Bengals,CIN,37,Minnesota Vikings,MIN,8,CIN,-3,47,45,0,37,8,29,CIN,1,Home,37,8,29,3,1
2005-09-25,2005,3,Chicago Bears,CHI,7,Cincinnati Bengals,CIN,24,CIN,-3,39,31,0,24,7,17,CIN,1,Away,24,7,17,3,1
2005-10-02,2005,4,Cincinnati Bengals,CIN,16,Houston Texans,HOU,10,CIN,-9.5,41.5,26,0,16,10,6,CIN,1,Home,16,10,6,9.5,0
2005-10-09,2005,5,Jacksonville Jaguars,JAX,23,Cincinnati Bengals,CIN,20,JAX,-3,38,43,0,23,20,3,CIN,0,Away,20,23,-3,-3,0
2005-10-16,2005,6,Tennessee Titans,TEN,23,Cincinnati Bengals,CIN,31,CIN,-3,44.5,54,0,31,23,8,CIN,1,Away,31,23,8,3,1
2005-10-23,2005,7,Cincinnati Bengals,CIN,13,Pittsburgh Steelers,PIT,27,CIN,-3,43,40,0,13,27,-14,CIN,1,Home,13,27,-14,3,0
2005-10-30,2005,8,Cincinnati Bengals,CIN,21,Green Bay Packers,GB,14,CIN,-7,46,35,0,21,14,7,CIN,1,Home,21,14,7,7,0
2005-11-06,2005,9,Baltimore Ravens,BAL,9,Cincinnati Bengals,CIN,21,CIN,-3.5,36,30,0,21,9,12,CIN,1,Away,21,9,12,3.5,1
2005-11-20,2005,11,Cincinnati Bengals,CIN,37,Indianapolis Colts,IND,45,IND,-4.5,48.5,82,0,45,37,8,CIN,0,Home,37,45,-8,-4.5,0
2005-11-27,2005,12,Cincinnati Bengals,CIN,42,Baltimore Ravens,BAL,29,CIN,-9,36.5,71,0,42,29,13,CIN,1,Home,42,29,13,9,1
2005-12-04,2005,13,Pittsburgh Steelers,PIT,31,Cincinnati Bengals,CIN,38,PIT,-4,43,69,0,31,38,-7,CIN,0,Away,38,31,7,-4,1
2005-12-11,2005,14,Cincinnati Bengals,CIN,23,Cleveland Browns,CLE,20,CIN,-12.5,41.5,43,0,23,20,3,CIN,1,Home,23,20,3,12.5,0
2005-12-18,2005,15,Detroit Lions,DET,17,Cincinnati Bengals,CIN,41,CIN,-7.5,44,58,0,41,17,24,CIN,1,Away,41,17,24,7.5,1
2005-12-24,2005,16,Cincinnati Bengals,CIN,27,Buffalo Bills,BUF,37,CIN,-13,44,64,0,27,37,-10,CIN,1,Home,27,37,-10,13,0
2006-01-01,2005,17,Kansas City Chiefs,KC,37,Cincinnati Bengals,CIN,3,KC,-7.5,47,40,0,37,3,34,CIN,0,Away,3,37,-34,-7.5,0
2006-09-10,2006,1,Kansas City Chiefs,KC,10,Cincinnati Bengals,CIN,23,CIN,-1.5,49.5,33,0,23,10,13,CIN,1,Away,23,10,13,1.5,1
2006-09-17,2006,2,Cincinnati Bengals,CIN,34,Cleveland Browns,CLE,17,CIN,-10.5,40.5,51,0,34,17,17,CIN,1,Home,34,17,17,10.5,1
2006-09-24,2006,3,Pittsburgh Steelers,PIT,20,Cincinnati Bengals,CIN,28,PIT,-2,42,48,0,20,28,-8,CIN,0,Away,28,20,8,-2,1
2006-10-01,2006,4,Cincinnati Bengals,CIN,13,New England Patriots,NE,38,CIN,-6,46,51,0,13,38,-25,CIN,1,Home,13,38,-25,6,0
2006-10-15,2006,6,Tampa Bay Buccaneers,TB,14,Cincinnati Bengals,CIN,13,CIN,-5,44.5,27,0,13,14,-1,CIN,1,Away,13,14,-1,5,0
2006-10-22,2006,7,Cincinnati Bengals,CIN,17,Carolina Panthers,CAR,14,CIN,-3,44.5,31,0,17,14,3,CIN,1,Home,17,14,3,3,0
2006-10-29,2006,8,Cincinnati Bengals,CIN,27,Atlanta Falcons,ATL,29,CIN,-4.5,46.5,56,0,27,29,-2,CIN,1,Home,27,29,-2,4.5,0
2006-11-05,2006,9,Baltimore Ravens,BAL,26,Cincinnati Bengals,CIN,20,BAL,-3,41,46,0,26,20,6,CIN,0,Away,20,26,-6,-3,0
2006-11-12,2006,10,Cincinnati Bengals,CIN,41,San Diego Chargers,LAC,49,LAC,-1.5,48,90,0,49,41,8,CIN,0,Home,41,49,-8,-1.5,0
2006-11-19,2006,11,New Orleans Saints,NO,16,Cincinnati Bengals,CIN,31,NO,-3,52.5,47,0,16,31,-15,CIN,0,Away,31,16,15,-3,1
2006-11-26,2006,12,Cleveland Browns,CLE,0,Cincinnati Bengals,CIN,30,CIN,-3,44,30,0,30,0,30,CIN,1,Away,30,0,30,3,1
2006-11-30,2006,13,Cincinnati Bengals,CIN,13,Baltimore Ravens,BAL,7,CIN,-2.5,43.5,20,0,13,7,6,CIN,1,Home,13,7,6,2.5,1
2006-12-10,2006,14,Cincinnati Bengals,CIN,27,Oakland Raiders,OAK,10,CIN,-10.5,39.5,37,0,27,10,17,CIN,1,Home,27,10,17,10.5,1
2006-12-18,2006,15,Indianapolis Colts,IND,34,Cincinnati Bengals,CIN,16,IND,-3.5,55,50,0,34,16,18,CIN,0,Away,16,34,-18,-3.5,0
2006-12-24,2006,16,Denver Broncos,DEN,24,Cincinnati Bengals,CIN,23,DEN,-3,44.5,47,0,24,23,1,CIN,0,Away,23,24,-1,-3,1
2006-12-31,2006,17,Cincinnati Bengals,CIN,17,Pittsburgh Steelers,PIT,23,CIN,-6,44.5,40,0,17,23,-6,CIN,1,Home,17,23,-6,6,0
2007-09-10,2007,1,Cincinnati Bengals,CIN,27,Baltimore Ravens,BAL,20,CIN,-2.5,40,47,0,27,20,7,CIN,1,Home,27,20,7,2.5,1
2007-09-16,2007,2,Cleveland Browns,CLE,51,Cincinnati Bengals,CIN,45,CIN,-7,41.5,96,0,45,51,-6,CIN,1,Away,45,51,-6,7,0
2007-09-23,2007,3,Seattle Seahawks,SEA,24,Cincinnati Bengals,CIN,21,SEA,-3,49.5,45,0,24,21,3,CIN,0,Away,21,24,-3,-3,0
2007-10-01,2007,4,Cincinnati Bengals,CIN,13,New England Patriots,NE,34,NE,-7.5,54,47,0,34,13,21,CIN,0,Home,13,34,-21,-7.5,0
2007-10-14,2007,6,Kansas City Chiefs,KC,27,Cincinnati Bengals,CIN,20,CIN,-2.5,44,47,0,20,27,-7,CIN,1,Away,20,27,-7,2.5,0
2007-10-21,2007,7,Cincinnati Bengals,CIN,38,New York Jets,NYJ,31,CIN,-6,48.5,69,0,38,31,7,CIN,1,Home,38,31,7,6,1
2007-10-28,2007,8,Cincinnati Bengals,CIN,13,Pittsburgh Steelers,PIT,24,PIT,-4,48.5,37,0,24,13,11,CIN,0,Home,13,24,-11,-4,0
2007-11-04,2007,9,Buffalo Bills,BUF,33,Cincinnati Bengals,CIN,21,CIN,-1,44,54,0,21,33,-12,CIN,1,Away,21,33,-12,1,0
2007-11-11,2007,10,Baltimore Ravens,BAL,7,Cincinnati Bengals,CIN,21,BAL,-3,44.5,28,0,7,21,-14,CIN,0,Away,21,7,14,-3,1
2007-11-18,2007,11,Cincinnati Bengals,CIN,27,Arizona Cardinals,ARI,35,CIN,-3.5,49.5,62,0,27,35,-8,CIN,1,Home,27,35,-8,3.5,0
2007-11-25,2007,12,Cincinnati Bengals,CIN,35,Tennessee Titans,TEN,6,TEN,-1,47,41,0,6,35,-29,CIN,0,Home,35,6,29,-1,1
2007-12-02,2007,13,Pittsburgh Steelers,PIT,24,Cincinnati Bengals,CIN,10,PIT,-7,38,34,0,24,10,14,CIN,0,Away,10,24,-14,-7,0
2007-12-09,2007,14,Cincinnati Bengals,CIN,19,St. Louis Rams,LAR,10,CIN,-10,45.5,29,0,19,10,9,CIN,1,Home,19,10,9,10,0
2007-12-15,2007,15,San Francisco 49ers,SF,20,Cincinnati Bengals,CIN,13,CIN,-8.5,43,33,0,13,20,-7,CIN,1,Away,13,20,-7,8.5,0
2007-12-23,2007,16,Cincinnati Bengals,CIN,19,Cleveland Browns,CLE,14,CLE,-3,47.5,33,0,14,19,-5,CIN,0,Home,19,14,5,-3,1
2007-12-30,2007,17,Miami Dolphins,MIA,25,Cincinnati Bengals,CIN,38,CIN,-3,45,63,0,38,25,13,CIN,1,Away,38,25,13,3,1
2008-09-07,2008,1,Baltimore Ravens,BAL,17,Cincinnati Bengals,CIN,10,CIN,-2,37.5,27,0,10,17,-7,CIN,1,Away,10,17,-7,2,0
2008-09-14,2008,2,Cincinnati Bengals,CIN,7,Tennessee Titans,TEN,24,CIN,-1,37,31,0,7,24,-17,CIN,1,Home,7,24,-17,1,0
2008-09-21,2008,3,New York Giants,NYG,26,Cincinnati Bengals,CIN,23,NYG,-13,42.5,49,0,26,23,3,CIN,0,Away,23,26,-3,-13,1
2008-09-28,2008,4,Cincinnati Bengals,CIN,12,Cleveland Browns,CLE,20,CIN,-1,42,32,0,12,20,-8,CIN,1,Home,12,20,-8,1,0
2008-10-05,2008,5,Dallas Cowboys,DAL,31,Cincinnati Bengals,CIN,22,DAL,-16,46,53,0,31,22,9,CIN,0,Away,22,31,-9,-16,1
2008-10-12,2008,6,New York Jets,NYJ,26,Cincinnati Bengals,CIN,14,NYJ,-8,42.5,40,0,26,14,12,CIN,0,Away,14,26,-12,-8,0
2008-10-19,2008,7,Cincinnati Bengals,CIN,10,Pittsburgh Steelers,PIT,38,PIT,-8.5,37,48,0,38,10,28,CIN,0,Home,10,38,-28,-8.5,0
2008-10-26,2008,8,Houston Texans,HOU,35,Cincinnati Bengals,CIN,6,HOU,-9,45.5,41,0,35,6,29,CIN,0,Away,6,35,-29,-9,0
2008-11-02,2008,9,Cincinnati Bengals,CIN,21,Jacksonville Jaguars,JAX,19,JAX,-7.5,40,40,0,19,21,-2,CIN,0,Home,21,19,2,-7.5,1
2008-11-16,2008,11,Cincinnati Bengals,CIN,13,Philadelphia Eagles,PHI,13,PHI,-9,41,26,0,13,13,0,CIN,0,Home,13,13,0,-9,1
2008-11-20,2008,12,Pittsburgh Steelers,PIT,27,Cincinnati Bengals,CIN,10,PIT,-11.5,34.5,37,0,27,10,17,CIN,0,Away,10,27,-17,-11.5,0
2008-11-30,2008,13,Cincinnati Bengals,CIN,3,Baltimore Ravens,BAL,34,BAL,-7,36,37,0,34,3,31,CIN,0,Home,3,34,-31,-7,0
2008-12-07,2008,14,Indianapolis Colts,IND,35,Cincinnati Bengals,CIN,3,IND,-13.5,41.5,38,0,35,3,32,CIN,0,Away,3,35,-32,-13.5,0
2008-12-14,2008,15,Cincinnati Bengals,CIN,20,Washington Redskins,WAS,13,WAS,-6.5,36.5,33,0,13,20,-7,CIN,0,Home,20,13,7,-6.5,1
2008-12-21,2008,16,Cleveland Browns,CLE,0,Cincinnati Bengals,CIN,14,CLE,-2,31.5,14,0,0,14,-14,CIN,0,Away,14,0,14,-2,1
2008-12-28,2008,17,Cincinnati Bengals,CIN,16,Kansas City Chiefs,KC,6,CIN,-1.5,40,22,0,16,6,10,CIN,1,Home,16,6,10,1.5,1
2009-09-13,2009,1,Cincinnati Bengals,CIN,7,Denver Broncos,DEN,12,CIN,-5,41,19,0,7,12,-5,CIN,1,Home,7,12,-5,5,0
2009-09-20,2009,2,Green Bay Packers,GB,24,Cincinnati Bengals,CIN,31,GB,-7.5,42,55,0,24,31,-7,CIN,0,Away,31,24,7,-7.5,1
2009-09-27,2009,3,Cincinnati Bengals,CIN,23,Pittsburgh Steelers,PIT,20,PIT,-3.5,37,43,0,20,23,-3,CIN,0,Home,23,20,3,-3.5,1
2009-10-04,2009,4,Cleveland Browns,CLE,20,Cincinnati Bengals,CIN,23,CIN,-6.5,37.5,43,0,23,20,3,CIN,1,Away,23,20,3,6.5,0
2009-10-11,2009,5,Baltimore Ravens,BAL,14,Cincinnati Bengals,CIN,17,BAL,-9,42.5,31,0,14,17,-3,CIN,0,Away,17,14,3,-9,1
2009-10-18,2009,6,Cincinnati Bengals,CIN,17,Houston Texans,HOU,28,CIN,-3.5,46.5,45,0,17,28,-11,CIN,1,Home,17,28,-11,3.5,0
2009-10-25,2009,7,Cincinnati Bengals,CIN,45,Chicago Bears,CHI,10,CHI,-2,43,55,0,10,45,-35,CIN,0,Home,45,10,35,-2,1
2009-11-08,2009,9,Cincinnati Bengals,CIN,17,Baltimore Ravens,BAL,7,BAL,-3,44.5,24,0,7,17,-10,CIN,0,Home,17,7,10,-3,1
2009-11-15,2009,10,Pittsburgh Steelers,PIT,12,Cincinnati Bengals,CIN,18,PIT,-6.5,41.5,30,0,12,18,-6,CIN,0,Away,18,12,6,-6.5,1
2009-11-22,2009,11,Oakland Raiders,OAK,20,Cincinnati Bengals,CIN,17,CIN,-8.5,36,37,0,17,20,-3,CIN,1,Away,17,20,-3,8.5,0
2009-11-29,2009,12,Cincinnati Bengals,CIN,16,Cleveland Browns,CLE,7,CIN,-12,39.5,23,0,16,7,9,CIN,1,Home,16,7,9,12,0
2009-12-06,2009,13,Cincinnati Bengals,CIN,23,Detroit Lions,DET,13,CIN,-13.5,42,36,0,23,13,10,CIN,1,Home,23,13,10,13.5,0
2009-12-13,2009,14,Minnesota Vikings,MIN,30,Cincinnati Bengals,CIN,10,MIN,-6,42.5,40,0,30,10,20,CIN,0,Away,10,30,-20,-6,0
2009-12-20,2009,15,San Diego Chargers,LAC,27,Cincinnati Bengals,CIN,24,LAC,-7,43.5,51,0,27,24,3,CIN,0,Away,24,27,-3,-7,1
2009-12-27,2009,16,Cincinnati Bengals,CIN,17,Kansas City Chiefs,KC,10,CIN,-13,39.5,27,0,17,10,7,CIN,1,Home,17,10,7,13,0
2010-01-03,2009,17,New York Jets,NYJ,37,Cincinnati Bengals,CIN,0,NYJ,-10,33.5,37,0,37,0,37,CIN,0,Away,0,37,-37,-10,0
2010-09-12,2010,1,New England Patriots,NE,38,Cincinnati Bengals,CIN,24,NE,-5.5,45,62,0,38,24,14,CIN,0,Away,24,38,-14,-5.5,0
2010-09-19,2010,2,Cincinnati Bengals,CIN,15,Baltimore Ravens,BAL,10,BAL,-3,39.5,25,0,10,15,-5,CIN,0,Home,15,10,5,-3,1
2010-09-26,2010,3,Carolina Panthers,CAR,7,Cincinnati Bengals,CIN,20,CIN,-3.5,37,27,0,20,7,13,CIN,1,Away,20,7,13,3.5,1
2010-10-03,2010,4,Cleveland Browns,CLE,23,Cincinnati Bengals,CIN,20,CIN,-2.5,37,43,0,20,23,-3,CIN,1,Away,20,23,-3,2.5,0
2010-10-10,2010,5,Cincinnati Bengals,CIN,21,Tampa Bay Buccaneers,TB,24,CIN,-7,38.5,45,0,21,24,-3,CIN,1,Home,21,24,-3,7,0
2010-10-24,2010,7,Atlanta Falcons,ATL,39,Cincinnati Bengals,CIN,32,ATL,-3.5,43,71,0,39,32,7,CIN,0,Away,32,39,-7,-3.5,0
2010-10-31,2010,8,Cincinnati Bengals,CIN,14,Miami Dolphins,MIA,22,CIN,-1,44,36,0,14,22,-8,CIN,1,Home,14,22,-8,1,0
2010-11-08,2010,9,Cincinnati Bengals,CIN,21,Pittsburgh Steelers,PIT,27,PIT,-5.5,41.5,48,0,27,21,6,CIN,0,Home,21,27,-6,-5.5,0
2010-11-14,2010,10,Indianapolis Colts,IND,23,Cincinnati Bengals,CIN,17,IND,-7,47,40,0,23,17,6,CIN,0,Away,17,23,-6,-7,1
2010-11-21,2010,11,Cincinnati Bengals,CIN,31,Buffalo Bills,BUF,49,CIN,-4,41,80,0,31,49,-18,CIN,1,Home,31,49,-18,4,0
2010-11-25,2010,12,New York Jets,NYJ,26,Cincinnati Bengals,CIN,10,NYJ,-9.5,43.5,36,0,26,10,16,CIN,0,Away,10,26,-16,-9.5,0
2010-12-05,2010,13,Cincinnati Bengals,CIN,30,New Orleans Saints,NO,34,NO,-7,45.5,64,0,34,30,4,CIN,0,Home,30,34,-4,-7,1
2010-12-12,2010,14,Pittsburgh Steelers,PIT,23,Cincinnati Bengals,CIN,7,PIT,-8,39.5,30,0,23,7,16,CIN,0,Away,7,23,-16,-8,0
2010-12-19,2010,15,Cincinnati Bengals,CIN,19,Cleveland Browns,CLE,17,PICK,0,41,36,0,17,19,-2,CIN,0,Home,19,17,2,0,1
2010-12-26,2010,16,Cincinnati Bengals,CIN,34,San Diego Chargers,LAC,20,LAC,-8,43.5,54,0,20,34,-14,CIN,0,Home,34,20,14,-8,1
2011-01-02,2010,17,Baltimore Ravens,BAL,13,Cincinnati Bengals,CIN,7,BAL,-9.5,43,20,0,13,7,6,CIN,0,Away,7,13,-6,-9.5,1
2011-09-11,2011,1,Cleveland Browns,CLE,17,Cincinnati Bengals,CIN,27,CLE,-7,36.5,44,0,17,27,-10,CIN,0,Away,27,17,10,-7,1
2011-09-18,2011,2,Denver Broncos,DEN,24,Cincinnati Bengals,CIN,22,DEN,-3,41,46,0,24,22,2,CIN,0,Away,22,24,-2,-3,1
2011-09-25,2011,3,Cincinnati Bengals,CIN,8,San Francisco 49ers,SF,13,CIN,-1,38.5,21,0,8,13,-5,CIN,1,Home,8,13,-5,1,0
2011-10-02,2011,4,Cincinnati Bengals,CIN,23,Buffalo Bills,BUF,20,BUF,-3,43,43,0,20,23,-3,CIN,0,Home,23,20,3,-3,1
2011-10-09,2011,5,Jacksonville Jaguars,JAX,20,Cincinnati Bengals,CIN,30,CIN,-2.5,37,50,0,30,20,10,CIN,1,Away,30,20,10,2.5,1
2011-10-16,2011,6,Cincinnati Bengals,CIN,27,Indianapolis Colts,IND,17,CIN,-4.5,40.5,44,0,27,17,10,CIN,1,Home,27,17,10,4.5,1
2011-10-30,2011,8,Seattle Seahawks,SEA,12,Cincinnati Bengals,CIN,34,CIN,-1.5,37.5,46,0,34,12,22,CIN,1,Away,34,12,22,1.5,1
2011-11-06,2011,9,Tennessee Titans,TEN,17,Cincinnati Bengals,CIN,24,TEN,-3,41.5,41,0,17,24,-7,CIN,0,Away,24,17,7,-3,1
2011-11-13,2011,10,Cincinnati Bengals,CIN,17,Pittsburgh Steelers,PIT,24,PIT,-4,40.5,41,0,24,17,7,CIN,0,Home,17,24,-7,-4,0
2011-11-20,2011,11,Baltimore Ravens,BAL,31,Cincinnati Bengals,CIN,24,BAL,-7,40.5,55,0,31,24,7,CIN,0,Away,24,31,-7,-7,0
2011-11-27,2011,12,Cincinnati Bengals,CIN,23,Cleveland Browns,CLE,20,CIN,-7,38,43,0,23,20,3,CIN,1,Home,23,20,3,7,0
2011-12-04,2011,13,Pittsburgh Steelers,PIT,35,Cincinnati Bengals,CIN,7,PIT,-7,43,42,0,35,7,28,CIN,0,Away,7,35,-28,-7,0
2011-12-11,2011,14,Cincinnati Bengals,CIN,19,Houston Texans,HOU,20,CIN,-3,37,39,0,19,20,-1,CIN,1,Home,19,20,-1,3,0
2011-12-18,2011,15,St. Louis Rams,LAR,13,Cincinnati Bengals,CIN,20,CIN,-7,39,33,0,20,13,7,CIN,1,Away,20,13,7,7,0
2011-12-24,2011,16,Cincinnati Bengals,CIN,23,Arizona Cardinals,ARI,16,CIN,-4,41,39,0,23,16,7,CIN,1,Home,23,16,7,4,1
2012-01-01,2011,17,Cincinnati Bengals,CIN,16,Baltimore Ravens,BAL,24,BAL,-2.5,38,40,0,24,16,8,CIN,0,Home,16,24,-8,-2.5,0
2012-09-10,2012,1,Baltimore Ravens,BAL,44,Cincinnati Bengals,CIN,13,BAL,-7,43,57,0,44,13,31,CIN,0,Away,13,44,-31,-7,0
2012-09-16,2012,2,Cincinnati Bengals,CIN,34,Cleveland Browns,CLE,27,CIN,-7,39.5,61,0,34,27,7,CIN,1,Home,34,27,7,7,0
2012-09-23,2012,3,Washington Redskins,WAS,31,Cincinnati Bengals,CIN,38,WAS,-3,49.5,69,0,31,38,-7,CIN,0,Away,38,31,7,-3,1
2012-09-30,2012,4,Jacksonville Jaguars,JAX,10,Cincinnati Bengals,CIN,27,JAX,-1.5,45.5,37,0,10,27,-17,CIN,0,Away,27,10,17,-1.5,1
2012-10-07,2012,5,Cincinnati Bengals,CIN,13,Miami Dolphins,MIA,17,CIN,-3,45,30,0,13,17,-4,CIN,1,Home,13,17,-4,3,0
2012-10-14,2012,6,Cleveland Browns,CLE,34,Cincinnati Bengals,CIN,24,CIN,-2,42,58,0,24,34,-10,CIN,1,Away,24,34,-10,2,0
2012-10-21,2012,7,Cincinnati Bengals,CIN,17,Pittsburgh Steelers,PIT,24,CIN,-1,45.5,41,0,17,24,-7,CIN,1,Home,17,24,-7,1,0
2012-11-04,2012,9,Cincinnati Bengals,CIN,23,Denver Broncos,DEN,31,DEN,-5.5,47.5,54,0,31,23,8,CIN,0,Home,23,31,-8,-5.5,0
2012-11-11,2012,10,Cincinnati Bengals,CIN,31,New York Giants,NYG,13,NYG,-4.5,47.5,44,0,13,31,-18,CIN,0,Home,31,13,18,-4.5,1
2012-11-18,2012,11,Kansas City Chiefs,KC,6,Cincinnati Bengals,CIN,28,CIN,-3,42.5,34,0,28,6,22,CIN,1,Away,28,6,22,3,1
2012-11-25,2012,12,Cincinnati Bengals,CIN,34,Oakland Raiders,OAK,10,CIN,-8,51,44,0,34,10,24,CIN,1,Home,34,10,24,8,1
2012-12-02,2012,13,San Diego Chargers,LAC,13,Cincinnati Bengals,CIN,20,CIN,-2.5,46,33,0,20,13,7,CIN,1,Away,20,13,7,2.5,1
2012-12-09,2012,14,Cincinnati Bengals,CIN,19,Dallas Cowboys,DAL,20,CIN,-3.5,46,39,0,19,20,-1,CIN,1,Home,19,20,-1,3.5,0
2012-12-13,2012,15,Philadelphia Eagles,PHI,13,Cincinnati Bengals,CIN,34,CIN,-5,45,47,0,34,13,21,CIN,1,Away,34,13,21,5,1
2012-12-23,2012,16,Pittsburgh Steelers,PIT,10,Cincinnati Bengals,CIN,13,PIT,-3.5,40,23,0,10,13,-3,CIN,0,Away,13,10,3,-3.5,1
2012-12-30,2012,17,Cincinnati Bengals,CIN,23,Baltimore Ravens,BAL,17,CIN,-3,42.5,40,0,23,17,6,CIN,1,Home,23,17,6,3,1
2013-09-08,2013,1,Chicago Bears,CHI,24,Cincinnati Bengals,CIN,21,CHI,-3,42,45,0,24,21,3,CIN,0,Away,21,24,-3,-3,0
2013-09-16,2013,2,Cincinnati Bengals,CIN,20,Pittsburgh Steelers,PIT,10,CIN,-6.5,41,30,0,20,10,10,CIN,1,Home,20,10,10,6.5,1
2013-09-22,2013,3,Cincinnati Bengals,CIN,34,Green Bay Packers,GB,30,GB,-3,50.5,64,0,30,34,-4,CIN,0,Home,34,30,4,-3,1
2013-09-29,2013,4,Cleveland Browns,CLE,17,Cincinnati Bengals,CIN,6,CIN,-4.5,42.5,23,0,6,17,-11,CIN,1,Away,6,17,-11,4.5,0
2013-10-06,2013,5,Cincinnati Bengals,CIN,13,New England Patriots,NE,6,NE,-1,45.5,19,0,6,13,-7,CIN,0,Home,13,6,7,-1,1
2013-10-13,2013,6,Buffalo Bills,BUF,24,Cincinnati Bengals,CIN,27,CIN,-6,41,51,0,27,24,3,CIN,1,Away,27,24,3,6,0
2013-10-20,2013,7,Detroit Lions,DET,24,Cincinnati Bengals,CIN,27,DET,-1.5,46,51,0,24,27,-3,CIN,0,Away,27,24,3,-1.5,1
2013-10-27,2013,8,Cincinnati Bengals,CIN,49,New York Jets,NYJ,9,CIN,-4.5,41.5,58,0,49,9,40,CIN,1,Home,49,9,40,4.5,1
2013-10-31,2013,9,Miami Dolphins,MIA,22,Cincinnati Bengals,CIN,20,CIN,-3,42,42,0,20,22,-2,CIN,1,Away,20,22,-2,3,0
2013-11-10,2013,10,Baltimore Ravens,BAL,20,Cincinnati Bengals,CIN,17,BAL,-2,43.5,37,0,20,17,3,CIN,0,Away,17,20,-3,-2,0
2013-11-17,2013,11,Cincinnati Bengals,CIN,41,Cleveland Browns,CLE,20,CIN,-4.5,40,61,0,41,20,21,CIN,1,Home,41,20,21,4.5,1
2013-12-01,2013,13,San Diego Chargers,LAC,10,Cincinnati Bengals,CIN,17,CIN,-1.5,48.5,27,0,17,10,7,CIN,1,Away,17,10,7,1.5,1
2013-12-08,2013,14,Cincinnati Bengals,CIN,42,Indianapolis Colts,IND,28,CIN,-7,43.5,70,0,42,28,14,CIN,1,Home,42,28,14,7,1
2013-12-15,2013,15,Pittsburgh Steelers,PIT,30,Cincinnati Bengals,CIN,20,CIN,-1.5,43,50,0,20,30,-10,CIN,1,Away,20,30,-10,1.5,0
2013-12-22,2013,16,Cincinnati Bengals,CIN,42,Minnesota Vikings,MIN,14,CIN,-7.5,47.5,56,0,42,14,28,CIN,1,Home,42,14,28,7.5,1
2013-12-29,2013,17,Cincinnati Bengals,CIN,34,Baltimore Ravens,BAL,17,CIN,-7,42.5,51,0,34,17,17,CIN,1,Home,34,17,17,7,1
2014-09-07,2014,1,Baltimore Ravens,BAL,16,Cincinnati Bengals,CIN,23,BAL,-1,42.5,39,0,16,23,-7,CIN,0,Away,23,16,7,-1,1
2014-09-14,2014,2,Cincinnati Bengals,CIN,24,Atlanta Falcons,ATL,10,CIN,-5.5,49,34,0,24,10,14,CIN,1,Home,24,10,14,5.5,1
2014-09-21,2014,3,Cincinnati Bengals,CIN,33,Tennessee Titans,TEN,7,CIN,-6.5,44.5,40,0,33,7,26,CIN,1,Home,33,7,26,6.5,1
2014-10-05,2014,5,New England Patriots,NE,43,Cincinnati Bengals,CIN,17,CIN,-2.5,46.5,60,0,17,43,-26,CIN,1,Away,17,43,-26,2.5,0
2014-10-12,2014,6,Cincinnati Bengals,CIN,37,Carolina Panthers,CAR,37,CIN,-7,44,74,0,37,37,0,CIN,1,Home,37,37,0,7,0
2014-10-19,2014,7,Indianapolis Colts,IND,27,Cincinnati Bengals,CIN,0,IND,-3,50.5,27,0,27,0,27,CIN,0,Away,0,27,-27,-3,0
2014-10-26,2014,8,Cincinnati Bengals,CIN,27,Baltimore Ravens,BAL,24,BAL,-2.5,44.5,51,0,24,27,-3,CIN,0,Home,27,24,3,-2.5,1
2014-11-02,2014,9,Cincinnati Bengals,CIN,33,Jacksonville Jaguars,JAX,23,CIN,-10,43.5,56,0,33,23,10,CIN,1,Home,33,23,10,10,0
2014-11-06,2014,10,Cincinnati Bengals,CIN,3,Cleveland Browns,CLE,24,CIN,-6.5,46,27,0,3,24,-21,CIN,1,Home,3,24,-21,6.5,0
2014-11-16,2014,11,New Orleans Saints,NO,10,Cincinnati Bengals,CIN,27,NO,-8.5,51.5,37,0,10,27,-17,CIN,0,Away,27,10,17,-8.5,1
2014-11-23,2014,12,Houston Texans,HOU,13,Cincinnati Bengals,CIN,22,HOU,-3,44.5,35,0,13,22,-9,CIN,0,Away,22,13,9,-3,1
2014-11-30,2014,13,Tampa Bay Buccaneers,TB,13,Cincinnati Bengals,CIN,14,CIN,-6,43.5,27,0,14,13,1,CIN,1,Away,14,13,1,6,0
2014-12-07,2014,14,Cincinnati Bengals,CIN,21,Pittsburgh Steelers,PIT,42,CIN,-3,47.5,63,0,21,42,-21,CIN,1,Home,21,42,-21,3,0
2014-12-14,2014,15,Cleveland Browns,CLE,0,Cincinnati Bengals,CIN,30,CLE,-2.5,43.5,30,0,0,30,-30,CIN,0,Away,30,0,30,-2.5,1
2014-12-22,2014,16,Cincinnati Bengals,CIN,37,Denver Broncos,DEN,28,DEN,-3.5,47.5,65,0,28,37,-9,CIN,0,Home,37,28,9,-3.5,1
2014-12-28,2014,17,Pittsburgh Steelers,PIT,27,Cincinnati Bengals,CIN,17,PIT,-3,48.5,44,0,27,17,10,CIN,0,Away,17,27,-10,-3,0
2015-09-13,2015,1,Oakland Raiders,OAK,13,Cincinnati Bengals,CIN,33,OAK,-3,43,46,0,13,33,-20,CIN,0,Away,33,13,20,-3,1
2015-09-20,2015,2,Cincinnati Bengals,CIN,24,San Diego Chargers,LAC,19,CIN,-3.5,48,43,0,24,19,5,CIN,1,Home,24,19,5,3.5,1
2015-09-27,2015,3,Baltimore Ravens,BAL,24,Cincinnati Bengals,CIN,28,BAL,-1.5,45.5,52,0,24,28,-4,CIN,0,Away,28,24,4,-1.5,1
2015-10-04,2015,4,Cincinnati Bengals,CIN,36,Kansas City Chiefs,KC,21,CIN,-3.5,45,57,0,36,21,15,CIN,1,Home,36,21,15,3.5,1
2015-10-11,2015,5,Cincinnati Bengals,CIN,27,Seattle Seahawks,SEA,24,CIN,-3,44.5,51,0,27,24,3,CIN,1,Home,27,24,3,3,0
2015-10-18,2015,6,Buffalo Bills,BUF,21,Cincinnati Bengals,CIN,34,CIN,-3,42,55,0,34,21,13,CIN,1,Away,34,21,13,3,1
2015-11-01,2015,8,Pittsburgh Steelers,PIT,10,Cincinnati Bengals,CIN,16,PICK,0,49.5,26,0,16,10,6,CIN,0,Away,16,10,6,0,1
2015-11-05,2015,9,Cincinnati Bengals,CIN,31,Cleveland Browns,CLE,10,CIN,-13,46,41,0,31,10,21,CIN,1,Home,31,10,21,13,1
2015-11-16,2015,10,Cincinnati Bengals,CIN,6,Houston Texans,HOU,10,CIN,-10,46.5,16,0,6,10,-4,CIN,1,Home,6,10,-4,10,0
2015-11-22,2015,11,Arizona Cardinals,ARI,34,Cincinnati Bengals,CIN,31,ARI,-4,48,65,0,34,31,3,CIN,0,Away,31,34,-3,-4,1
2015-11-29,2015,12,Cincinnati Bengals,CIN,31,St. Louis Rams,LAR,7,CIN,-9.5,42,38,0,31,7,24,CIN,1,Home,31,7,24,9.5,1
2015-12-06,2015,13,Cleveland Browns,CLE,3,Cincinnati Bengals,CIN,37,CIN,-7.5,44,40,0,37,3,34,CIN,1,Away,37,3,34,7.5,1
2015-12-13,2015,14,Cincinnati Bengals,CIN,20,Pittsburgh Steelers,PIT,33,CIN,-1,48.5,53,0,20,33,-13,CIN,1,Home,20,33,-13,1,0
2015-12-20,2015,15,San Francisco 49ers,SF,14,Cincinnati Bengals,CIN,24,CIN,-6.5,41,38,0,24,14,10,CIN,1,Away,24,14,10,6.5,1
2015-12-28,2015,16,Denver Broncos,DEN,20,Cincinnati Bengals,CIN,17,DEN,-4,39,37,0,20,17,3,CIN,0,Away,17,20,-3,-4,1
2016-01-03,2015,17,Cincinnati Bengals,CIN,24,Baltimore Ravens,BAL,16,CIN,-9.5,41,40,0,24,16,8,CIN,1,Home,24,16,8,9.5,0
2016-09-11,2016,1,New York Jets,NYJ,22,Cincinnati Bengals,CIN,23,CIN,-1,42,45,0,23,22,1,CIN,1,Away,23,22,1,1,0
2016-09-18,2016,2,Pittsburgh Steelers,PIT,24,Cincinnati Bengals,CIN,16,PIT,-3,48,40,0,24,16,8,CIN,0,Away,16,24,-8,-3,0
2016-09-25,2016,3,Cincinnati Bengals,CIN,17,Denver Broncos,DEN,29,CIN,-3.5,41.5,46,0,17,29,-12,CIN,1,Home,17,29,-12,3.5,0
2016-09-29,2016,4,Cincinnati Bengals,CIN,22,Miami Dolphins,MIA,7,CIN,-7.5,46.5,29,0,22,7,15,CIN,1,Home,22,7,15,7.5,1
2016-10-09,2016,5,Dallas Cowboys,DAL,28,Cincinnati Bengals,CIN,14,CIN,-2.5,46,42,0,14,28,-14,CIN,1,Away,14,28,-14,2.5,0
2016-10-16,2016,6,New England Patriots,NE,35,Cincinnati Bengals,CIN,17,NE,-7.5,48,52,0,35,17,18,CIN,0,Away,17,35,-18,-7.5,0
2016-10-23,2016,7,Cincinnati Bengals,CIN,31,Cleveland Browns,CLE,17,CIN,-11,46.5,48,0,31,17,14,CIN,1,Home,31,17,14,11,1
2016-11-14,2016,10,New York Giants,NYG,21,Cincinnati Bengals,CIN,20,PICK,0,49.5,41,0,20,21,-1,CIN,0,Away,20,21,-1,0,0
2016-11-20,2016,11,Cincinnati Bengals,CIN,12,Buffalo Bills,BUF,16,CIN,-2.5,48,28,0,12,16,-4,CIN,1,Home,12,16,-4,2.5,0
2016-11-27,2016,12,Baltimore Ravens,BAL,19,Cincinnati Bengals,CIN,14,BAL,-3.5,42,33,0,19,14,5,CIN,0,Away,14,19,-5,-3.5,0
2016-12-04,2016,13,Cincinnati Bengals,CIN,32,Philadelphia Eagles,PHI,14,CIN,-1.5,42,46,0,32,14,18,CIN,1,Home,32,14,18,1.5,1
2016-12-11,2016,14,Cleveland Browns,CLE,10,Cincinnati Bengals,CIN,23,CIN,-5,41.5,33,0,23,10,13,CIN,1,Away,23,10,13,5,1
2016-12-18,2016,15,Cincinnati Bengals,CIN,20,Pittsburgh Steelers,PIT,24,PIT,-3,45.5,44,0,24,20,4,CIN,0,Home,20,24,-4,-3,0
2016-12-24,2016,16,Houston Texans,HOU,12,Cincinnati Bengals,CIN,10,HOU,-3,41.5,22,0,12,10,2,CIN,0,Away,10,12,-2,-3,1
2017-01-01,2016,17,Cincinnati Bengals,CIN,27,Baltimore Ravens,BAL,10,BAL,-2.5,40.5,37,0,10,27,-17,CIN,0,Home,27,10,17,-2.5,1
2017-09-10,2017,1,Cincinnati Bengals,CIN,0,Baltimore Ravens,BAL,20,CIN,-3,42.5,20,0,0,20,-20,CIN,1,Home,0,20,-20,3,0
2017-09-14,2017,2,Cincinnati Bengals,CIN,9,Houston Texans,HOU,13,CIN,-6.5,38,22,0,9,13,-4,CIN,1,Home,9,13,-4,6.5,0
2017-09-24,2017,3,Green Bay Packers,GB,27,Cincinnati Bengals,CIN,24,GB,-9,47.5,51,0,27,24,3,CIN,0,Away,24,27,-3,-9,1
2017-10-01,2017,4,Cleveland Browns,CLE,7,Cincinnati Bengals,CIN,31,CIN,-3,41.5,38,0,31,7,24,CIN,1,Away,31,7,24,3,1
2017-10-08,2017,5,Cincinnati Bengals,CIN,20,Buffalo Bills,BUF,16,CIN,-3,39,36,0,20,16,4,CIN,1,Home,20,16,4,3,1
2017-10-22,2017,7,Pittsburgh Steelers,PIT,29,Cincinnati Bengals,CIN,14,PIT,-4,40,43,0,29,14,15,CIN,0,Away,14,29,-15,-4,0
2017-10-29,2017,8,Cincinnati Bengals,CIN,24,Indianapolis Colts,IND,23,CIN,-11,41.5,47,0,24,23,1,CIN,1,Home,24,23,1,11,0
2017-11-05,2017,9,Jacksonville Jaguars,JAX,23,Cincinnati Bengals,CIN,7,JAX,-6,38,30,0,23,7,16,CIN,0,Away,7,23,-16,-6,0
2017-11-12,2017,10,Tennessee Titans,TEN,24,Cincinnati Bengals,CIN,20,TEN,-4.5,40.5,44,0,24,20,4,CIN,0,Away,20,24,-4,-4.5,1
2017-11-19,2017,11,Denver Broncos,DEN,17,Cincinnati Bengals,CIN,20,DEN,-2.5,38,37,0,17,20,-3,CIN,0,Away,20,17,3,-2.5,1
2017-11-26,2017,12,Cincinnati Bengals,CIN,30,Cleveland Browns,CLE,16,CIN,-8,38,46,0,30,16,14,CIN,1,Home,30,16,14,8,1
2017-12-04,2017,13,Cincinnati Bengals,CIN,20,Pittsburgh Steelers,PIT,23,PIT,-4.5,43.5,43,0,23,20,3,CIN,0,Home,20,23,-3,-4.5,1
2017-12-10,2017,14,Cincinnati Bengals,CIN,7,Chicago Bears,CHI,33,CIN,-6,40.5,40,0,7,33,-26,CIN,1,Home,7,33,-26,6,0
2017-12-17,2017,15,Minnesota Vikings,MIN,34,Cincinnati Bengals,CIN,7,MIN,-12.5,42.5,41,0,34,7,27,CIN,0,Away,7,34,-27,-12.5,0
2017-12-24,2017,16,Cincinnati Bengals,CIN,26,Detroit Lions,DET,17,DET,-3.5,43.5,43,0,17,26,-9,CIN,0,Home,26,17,9,-3.5,1
2017-12-31,2017,17,Baltimore Ravens,BAL,27,Cincinnati Bengals,CIN,31,BAL,-8,40,58,0,27,31,-4,CIN,0,Away,31,27,4,-8,1
2018-09-09,2018,1,Indianapolis Colts,IND,23,Cincinnati Bengals,CIN,34,CIN,-1,47.5,57,0,34,23,11,CIN,1,Away,34,23,11,1,1
2018-09-13,2018,2,Cincinnati Bengals,CIN,34,Baltimore Ravens,BAL,23,CIN,-1,43,57,0,34,23,11,CIN,1,Home,34,23,11,1,1
2018-09-23,2018,3,Carolina Panthers,CAR,31,Cincinnati Bengals,CIN,21,CAR,-2.5,44,52,0,31,21,10,CIN,0,Away,21,31,-10,-2.5,0
2018-09-30,2018,4,Atlanta Falcons,ATL,36,Cincinnati Bengals,CIN,37,ATL,-3.5,52.5,73,0,36,37,-1,CIN,0,Away,37,36,1,-3.5,1
2018-10-07,2018,5,Cincinnati Bengals,CIN,27,Miami Dolphins,MIA,17,CIN,-6.5,47.5,44,0,27,17,10,CIN,1,Home,27,17,10,6.5,1
2018-10-14,2018,6,Cincinnati Bengals,CIN,21,Pittsburgh Steelers,PIT,28,CIN,-1.5,49.5,49,0,21,28,-7,CIN,1,Home,21,28,-7,1.5,0
2018-10-21,2018,7,Kansas City Chiefs,KC,45,Cincinnati Bengals,CIN,10,KC,-6.5,56,55,0,45,10,35,CIN,0,Away,10,45,-35,-6.5,0
2018-10-28,2018,8,Cincinnati Bengals,CIN,37,Tampa Bay Buccaneers,TB,34,CIN,-3.5,55,71,0,37,34,3,CIN,1,Home,37,34,3,3.5,0
2018-11-11,2018,10,Cincinnati Bengals,CIN,14,New Orleans Saints,NO,51,NO,-6,53.5,65,0,51,14,37,CIN,0,Home,14,51,-37,-6,0
2018-11-18,2018,11,Baltimore Ravens,BAL,24,Cincinnati Bengals,CIN,21,BAL,-6.5,44,45,0,24,21,3,CIN,0,Away,21,24,-3,-6.5,1
2018-11-25,2018,12,Cincinnati Bengals,CIN,20,Cleveland Browns,CLE,35,CLE,-1,46.5,55,0,35,20,15,CIN,0,Home,20,35,-15,-1,0
2018-12-02,2018,13,Cincinnati Bengals,CIN,10,Denver Broncos,DEN,24,DEN,-4,45,34,0,24,10,14,CIN,0,Home,10,24,-14,-4,0
2018-12-09,2018,14,Los Angeles Chargers,LAC,26,Cincinnati Bengals,CIN,21,LAC,-17,48.5,47,0,26,21,5,CIN,0,Away,21,26,-5,-17,1
2018-12-16,2018,15,Cincinnati Bengals,CIN,30,Oakland Raiders,OAK,16,CIN,-3,46,46,0,30,16,14,CIN,1,Home,30,16,14,3,1
2018-12-23,2018,16,Cleveland Browns,CLE,26,Cincinnati Bengals,CIN,18,CLE,-10,44,44,0,26,18,8,CIN,0,Away,18,26,-8,-10,1
2018-12-30,2018,17,Pittsburgh Steelers,PIT,16,Cincinnati Bengals,CIN,13,PIT,-14,45,29,0,16,13,3,CIN,0,Away,13,16,-3,-14,1
2019-09-08,2019,1,Seattle Seahawks,SEA,21,Cincinnati Bengals,CIN,20,SEA,-9,44,41,0,21,20,1,CIN,0,Away,20,21,-1,-9,1
2019-09-15,2019,2,Cincinnati Bengals,CIN,17,San Francisco 49ers,SF,41,CIN,-1,46,58,0,17,41,-24,CIN,1,Home,17,41,-24,1,0
2019-09-22,2019,3,Buffalo Bills,BUF,21,Cincinnati Bengals,CIN,17,BUF,-6,43.5,38,0,21,17,4,CIN,0,Away,17,21,-4,-6,1
2019-09-30,2019,4,Pittsburgh Steelers,PIT,27,Cincinnati Bengals,CIN,3,PIT,-3.5,45,30,0,27,3,24,CIN,0,Away,3,27,-24,-3.5,0
2019-10-06,2019,5,Cincinnati Bengals,CIN,23,Arizona Cardinals,ARI,26,CIN,-3,46.5,49,0,23,26,-3,CIN,1,Home,23,26,-3,3,0
2019-10-13,2019,6,Baltimore Ravens,BAL,23,Cincinnati Bengals,CIN,17,BAL,-10.5,46.5,40,0,23,17,6,CIN,0,Away,17,23,-6,-10.5,1
2019-10-20,2019,7,Cincinnati Bengals,CIN,17,Jacksonville Jaguars,JAX,27,JAX,-4,44,44,0,27,17,10,CIN,0,Home,17,27,-10,-4,0
2019-11-10,2019,10,Cincinnati Bengals,CIN,13,Baltimore Ravens,BAL,49,BAL,-10.5,44,62,0,49,13,36,CIN,0,Home,13,49,-36,-10.5,0
2019-11-17,2019,11,Oakland Raiders,OAK,17,Cincinnati Bengals,CIN,10,OAK,-13,48,27,0,17,10,7,CIN,0,Away,10,17,-7,-13,1
2019-11-24,2019,12,Cincinnati Bengals,CIN,10,Pittsburgh Steelers,PIT,16,PIT,-6.5,37,26,0,16,10,6,CIN,0,Home,10,16,-6,-6.5,1
2019-12-01,2019,13,Cincinnati Bengals,CIN,22,New York Jets,NYJ,6,NYJ,-3,43,28,0,6,22,-16,CIN,0,Home,22,6,16,-3,1
2019-12-08,2019,14,Cleveland Browns,CLE,27,Cincinnati Bengals,CIN,19,CLE,-6.5,43.5,46,0,27,19,8,CIN,0,Away,19,27,-8,-6.5,0
2019-12-15,2019,15,Cincinnati Bengals,CIN,13,New England Patriots,NE,34,NE,-10.5,41.5,47,0,34,13,21,CIN,0,Home,13,34,-21,-10.5,0
2019-12-22,2019,16,Miami Dolphins,MIA,38,Cincinnati Bengals,CIN,35,CIN,-1.5,45,73,0,35,38,-3,CIN,1,Away,35,38,-3,1.5,0
2019-12-29,2019,17,Cincinnati Bengals,CIN,33,Cleveland Browns,CLE,23,CLE,-2.5,43.5,56,0,23,33,-10,CIN,0,Home,33,23,10,-2.5,1
2000-09-04,2000,1,St. Louis Rams,LAR,41,Denver Broncos,DEN,36,LAR,-6.5,48.5,77,0,41,36,5,DEN,0,Away,36,41,-5,-6.5,1
2000-09-10,2000,2,Denver Broncos,DEN,42,Atlanta Falcons,ATL,14,DEN,-4.5,47,56,0,42,14,28,DEN,1,Home,42,14,28,4.5,1
2000-09-17,2000,3,Oakland Raiders,OAK,24,Denver Broncos,DEN,33,OAK,-3,44,57,0,24,33,-9,DEN,0,Away,33,24,9,-3,1
2000-09-24,2000,4,Denver Broncos,DEN,22,Kansas City Chiefs,KC,23,DEN,-7,43,45,0,22,23,-1,DEN,1,Home,22,23,-1,7,0
2000-10-01,2000,5,Denver Broncos,DEN,19,New England Patriots,NE,28,DEN,-8.5,41,47,0,19,28,-9,DEN,1,Home,19,28,-9,8.5,0
2000-10-08,2000,6,San Diego Chargers,LAC,7,Denver Broncos,DEN,21,DEN,-6.5,43,28,0,21,7,14,DEN,1,Away,21,7,14,6.5,1
2000-10-15,2000,7,Denver Broncos,DEN,44,Cleveland Browns,CLE,10,DEN,-12.5,44,54,0,44,10,34,DEN,1,Home,44,10,34,12.5,1
2000-10-22,2000,8,Cincinnati Bengals,CIN,31,Denver Broncos,DEN,21,DEN,-10,43,52,0,21,31,-10,DEN,1,Away,21,31,-10,10,0
2000-11-05,2000,10,New York Jets,NYJ,23,Denver Broncos,DEN,30,NYJ,-3,45.5,53,0,23,30,-7,DEN,0,Away,30,23,7,-3,1
2000-11-13,2000,11,Denver Broncos,DEN,27,Oakland Raiders,OAK,24,DEN,-3,50,51,0,27,24,3,DEN,1,Home,27,24,3,3,0
2000-11-19,2000,12,Denver Broncos,DEN,38,San Diego Chargers,LAC,37,DEN,-9.5,42.5,75,0,38,37,1,DEN,1,Home,38,37,1,9.5,0
2000-11-26,2000,13,Seattle Seahawks,SEA,31,Denver Broncos,DEN,38,DEN,-3,45.5,69,0,38,31,7,DEN,1,Away,38,31,7,3,1
2000-12-03,2000,14,New Orleans Saints,NO,23,Denver Broncos,DEN,38,PICK,0,45,61,0,38,23,15,DEN,0,Away,38,23,15,0,1
2000-12-10,2000,15,Denver Broncos,DEN,31,Seattle Seahawks,SEA,24,DEN,-10,48,55,0,31,24,7,DEN,1,Home,31,24,7,10,0
2000-12-17,2000,16,Kansas City Chiefs,KC,20,Denver Broncos,DEN,7,DEN,-3,47,27,0,7,20,-13,DEN,1,Away,7,20,-13,3,0
2000-12-23,2000,17,Denver Broncos,DEN,38,San Francisco 49ers,SF,9,DEN,-7,48.5,47,0,38,9,29,DEN,1,Home,38,9,29,7,1
2001-09-10,2001,1,Denver Broncos,DEN,31,New York Giants,NYG,20,DEN,-7,43.5,51,0,31,20,11,DEN,1,Home,31,20,11,7,1
2001-09-23,2001,2,Arizona Cardinals,ARI,17,Denver Broncos,DEN,38,DEN,-8.5,45,55,0,38,17,21,DEN,1,Away,38,17,21,8.5,1
2001-09-30,2001,3,Denver Broncos,DEN,13,Baltimore Ravens,BAL,20,DEN,-4.5,41,33,0,13,20,-7,DEN,1,Home,13,20,-7,4.5,0
2001-10-07,2001,4,Denver Broncos,DEN,20,Kansas City Chiefs,KC,6,DEN,-10,48,26,0,20,6,14,DEN,1,Home,20,6,14,10,1
2001-10-14,2001,5,Seattle Seahawks,SEA,34,Denver Broncos,DEN,21,DEN,-6,44,55,0,21,34,-13,DEN,1,Away,21,34,-13,6,0
2001-10-21,2001,6,San Diego Chargers,LAC,27,Denver Broncos,DEN,10,DEN,-2.5,43.5,37,0,10,27,-17,DEN,1,Away,10,27,-17,2.5,0
2001-10-28,2001,7,Denver Broncos,DEN,31,New England Patriots,NE,20,DEN,-7,43,51,0,31,20,11,DEN,1,Home,31,20,11,7,1
2001-11-05,2001,8,Oakland Raiders,OAK,38,Denver Broncos,DEN,28,OAK,-5.5,45.5,66,0,38,28,10,DEN,0,Away,28,38,-10,-5.5,0
2001-11-11,2001,9,Denver Broncos,DEN,26,San Diego Chargers,LAC,16,DEN,-5.5,45,42,0,26,16,10,DEN,1,Home,26,16,10,5.5,1
2001-11-18,2001,10,Denver Broncos,DEN,10,Washington Redskins,WAS,17,DEN,-8.5,43,27,0,10,17,-7,DEN,1,Home,10,17,-7,8.5,0
2001-11-22,2001,11,Dallas Cowboys,DAL,24,Denver Broncos,DEN,26,DEN,-7,40.5,50,0,26,24,2,DEN,1,Away,26,24,2,7,0
2001-12-02,2001,12,Miami Dolphins,MIA,21,Denver Broncos,DEN,10,MIA,-3,39.5,31,0,21,10,11,DEN,0,Away,10,21,-11,-3,0
2001-12-09,2001,13,Denver Broncos,DEN,20,Seattle Seahawks,SEA,7,DEN,-6,41,27,0,20,7,13,DEN,1,Home,20,7,13,6,1
2001-12-16,2001,14,Kansas City Chiefs,KC,26,Denver Broncos,DEN,23,DEN,-2.5,37.5,49,0,23,26,-3,DEN,1,Away,23,26,-3,2.5,0
2001-12-30,2001,16,Denver Broncos,DEN,23,Oakland Raiders,OAK,17,DEN,-1,41,40,0,23,17,6,DEN,1,Home,23,17,6,1,1
2002-01-06,2001,17,Indianapolis Colts,IND,29,Denver Broncos,DEN,10,IND,-2,51,39,0,29,10,19,DEN,0,Away,10,29,-19,-2,0
2002-09-08,2002,1,Denver Broncos,DEN,23,St. Louis Rams,LAR,16,LAR,-3,51,39,0,16,23,-7,DEN,0,Home,23,16,7,-3,1
2002-09-15,2002,2,San Francisco 49ers,SF,14,Denver Broncos,DEN,24,SF,-3.5,44,38,0,14,24,-10,DEN,0,Away,24,14,10,-3.5,1
2002-09-22,2002,3,Denver Broncos,DEN,28,Buffalo Bills,BUF,23,DEN,-7.5,47,51,0,28,23,5,DEN,1,Home,28,23,5,7.5,0
2002-09-30,2002,4,Baltimore Ravens,BAL,34,Denver Broncos,DEN,23,DEN,-9,35,57,0,23,34,-11,DEN,1,Away,23,34,-11,9,0
2002-10-06,2002,5,Denver Broncos,DEN,26,San Diego Chargers,LAC,9,DEN,-6.5,39.5,35,0,26,9,17,DEN,1,Home,26,9,17,6.5,1
2002-10-13,2002,6,Denver Broncos,DEN,22,Miami Dolphins,MIA,24,DEN,-3.5,41,46,0,22,24,-2,DEN,1,Home,22,24,-2,3.5,0
2002-10-20,2002,7,Kansas City Chiefs,KC,34,Denver Broncos,DEN,37,DEN,-3,50.5,71,0,37,34,3,DEN,1,Away,37,34,3,3,0
2002-10-27,2002,8,New England Patriots,NE,16,Denver Broncos,DEN,24,NE,-3,46,40,0,16,24,-8,DEN,0,Away,24,16,8,-3,1
2002-11-11,2002,10,Denver Broncos,DEN,10,Oakland Raiders,OAK,34,DEN,-6,45.5,44,0,10,34,-24,DEN,1,Home,10,34,-24,6,0
2002-11-17,2002,11,Seattle Seahawks,SEA,9,Denver Broncos,DEN,31,DEN,-5.5,42.5,40,0,31,9,22,DEN,1,Away,31,9,22,5.5,1
2002-11-24,2002,12,Denver Broncos,DEN,20,Indianapolis Colts,IND,23,DEN,-6,43,43,0,20,23,-3,DEN,1,Home,20,23,-3,6,0
2002-12-01,2002,13,San Diego Chargers,LAC,30,Denver Broncos,DEN,27,DEN,-3,40,57,0,27,30,-3,DEN,1,Away,27,30,-3,3,0
2002-12-08,2002,14,New York Jets,NYJ,19,Denver Broncos,DEN,13,DEN,-1.5,43,32,0,13,19,-6,DEN,1,Away,13,19,-6,1.5,0
2002-12-15,2002,15,Denver Broncos,DEN,31,Kansas City Chiefs,KC,24,DEN,-3.5,47.5,55,0,31,24,7,DEN,1,Home,31,24,7,3.5,1
2002-12-22,2002,16,Oakland Raiders,OAK,28,Denver Broncos,DEN,16,OAK,-3.5,46.5,44,0,28,16,12,DEN,0,Away,16,28,-12,-3.5,0
2002-12-29,2002,17,Denver Broncos,DEN,37,Arizona Cardinals,ARI,7,DEN,-13.5,42,44,0,37,7,30,DEN,1,Home,37,7,30,13.5,1
2003-09-07,2003,1,Cincinnati Bengals,CIN,10,Denver Broncos,DEN,30,DEN,-6,43.5,40,0,30,10,20,DEN,1,Away,30,10,20,6,1
2003-09-14,2003,2,San Diego Chargers,LAC,13,Denver Broncos,DEN,37,DEN,-3,43,50,0,37,13,24,DEN,1,Away,37,13,24,3,1
2003-09-22,2003,3,Denver Broncos,DEN,31,Oakland Raiders,OAK,10,DEN,-5.5,45,41,0,31,10,21,DEN,1,Home,31,10,21,5.5,1
2003-09-28,2003,4,Denver Broncos,DEN,20,Detroit Lions,DET,16,DEN,-12,44,36,0,20,16,4,DEN,1,Home,20,16,4,12,0
2003-10-05,2003,5,Kansas City Chiefs,KC,24,Denver Broncos,DEN,23,KC,-3.5,46.5,47,0,24,23,1,DEN,0,Away,23,24,-1,-3.5,1
2003-10-12,2003,6,Denver Broncos,DEN,17,Pittsburgh Steelers,PIT,14,DEN,-6.5,45,31,0,17,14,3,DEN,1,Home,17,14,3,6.5,0
2003-10-19,2003,7,Minnesota Vikings,MIN,28,Denver Broncos,DEN,20,MIN,-4,44,48,0,28,20,8,DEN,0,Away,20,28,-8,-4,0
2003-10-26,2003,8,Baltimore Ravens,BAL,26,Denver Broncos,DEN,6,BAL,-2.5,36.5,32,0,26,6,20,DEN,0,Away,6,26,-20,-2.5,0
2003-11-03,2003,9,Denver Broncos,DEN,26,New England Patriots,NE,30,DEN,-2,36,56,0,26,30,-4,DEN,1,Home,26,30,-4,2,0
2003-11-16,2003,11,Denver Broncos,DEN,37,San Diego Chargers,LAC,8,DEN,-8.5,44,45,0,37,8,29,DEN,1,Home,37,8,29,8.5,1
2003-11-23,2003,12,Denver Broncos,DEN,10,Chicago Bears,CHI,19,DEN,-10.5,38.5,29,0,10,19,-9,DEN,1,Home,10,19,-9,10.5,0
2003-11-30,2003,13,Oakland Raiders,OAK,8,Denver Broncos,DEN,22,DEN,-3,42,30,0,22,8,14,DEN,1,Away,22,8,14,3,1
2003-12-07,2003,14,Denver Broncos,DEN,45,Kansas City Chiefs,KC,27,DEN,-3,46.5,72,0,45,27,18,DEN,1,Home,45,27,18,3,1
2003-12-14,2003,15,Denver Broncos,DEN,23,Cleveland Browns,CLE,20,DEN,-11.5,42,43,0,23,20,3,DEN,1,Home,23,20,3,11.5,0
2003-12-21,2003,16,Indianapolis Colts,IND,17,Denver Broncos,DEN,31,IND,-6.5,48.5,48,0,17,31,-14,DEN,0,Away,31,17,14,-6.5,1
2003-12-28,2003,17,Green Bay Packers,GB,31,Denver Broncos,DEN,3,GB,-10,41.5,34,0,31,3,28,DEN,0,Away,3,31,-28,-10,0
2004-09-12,2004,1,Denver Broncos,DEN,34,Kansas City Chiefs,KC,24,DEN,-3,48.5,58,0,34,24,10,DEN,1,Home,34,24,10,3,1
2004-09-19,2004,2,Jacksonville Jaguars,JAX,7,Denver Broncos,DEN,6,DEN,-3,38,13,0,6,7,-1,DEN,1,Away,6,7,-1,3,0
2004-09-26,2004,3,Denver Broncos,DEN,23,San Diego Chargers,LAC,13,DEN,-9.5,46,36,0,23,13,10,DEN,1,Home,23,13,10,9.5,1
2004-10-03,2004,4,Tampa Bay Buccaneers,TB,13,Denver Broncos,DEN,16,DEN,-3,35,29,0,16,13,3,DEN,1,Away,16,13,3,3,0
2004-10-10,2004,5,Denver Broncos,DEN,20,Carolina Panthers,CAR,17,DEN,-4,38,37,0,20,17,3,DEN,1,Home,20,17,3,4,0
2004-10-17,2004,6,Oakland Raiders,OAK,3,Denver Broncos,DEN,31,DEN,-2.5,42,34,0,31,3,28,DEN,1,Away,31,3,28,2.5,1
2004-10-25,2004,7,Cincinnati Bengals,CIN,23,Denver Broncos,DEN,10,DEN,-7,42.5,33,0,10,23,-13,DEN,1,Away,10,23,-13,7,0
2004-10-31,2004,8,Denver Broncos,DEN,28,Atlanta Falcons,ATL,41,DEN,-7,39.5,69,0,28,41,-13,DEN,1,Home,28,41,-13,7,0
2004-11-07,2004,9,Denver Broncos,DEN,31,Houston Texans,HOU,13,DEN,-7,44,44,0,31,13,18,DEN,1,Home,31,13,18,7,1
2004-11-21,2004,11,New Orleans Saints,NO,13,Denver Broncos,DEN,34,DEN,-6,48.5,47,0,34,13,21,DEN,1,Away,34,13,21,6,1
2004-11-28,2004,12,Denver Broncos,DEN,24,Oakland Raiders,OAK,25,DEN,-11.5,42.5,49,0,24,25,-1,DEN,1,Home,24,25,-1,11.5,0
2004-12-05,2004,13,San Diego Chargers,LAC,20,Denver Broncos,DEN,17,LAC,-3,46.5,37,0,20,17,3,DEN,0,Away,17,20,-3,-3,0
2004-12-12,2004,14,Denver Broncos,DEN,20,Miami Dolphins,MIA,17,DEN,-11.5,41,37,0,20,17,3,DEN,1,Home,20,17,3,11.5,0
2004-12-19,2004,15,Kansas City Chiefs,KC,45,Denver Broncos,DEN,17,DEN,-3,52.5,62,0,17,45,-28,DEN,1,Away,17,45,-28,3,0
2004-12-25,2004,16,Tennessee Titans,TEN,16,Denver Broncos,DEN,37,DEN,-4,50.5,53,0,37,16,21,DEN,1,Away,37,16,21,4,1
2005-01-02,2004,17,Denver Broncos,DEN,33,Indianapolis Colts,IND,14,DEN,-10,44,47,0,33,14,19,DEN,1,Home,33,14,19,10,1
2005-09-11,2005,1,Miami Dolphins,MIA,34,Denver Broncos,DEN,10,DEN,-4.5,38.5,44,0,10,34,-24,DEN,1,Away,10,34,-24,4.5,0
2005-09-18,2005,2,Denver Broncos,DEN,20,San Diego Chargers,LAC,17,DEN,-3,44,37,0,20,17,3,DEN,1,Home,20,17,3,3,0
2005-09-26,2005,3,Denver Broncos,DEN,30,Kansas City Chiefs,KC,10,DEN,-2.5,49,40,0,30,10,20,DEN,1,Home,30,10,20,2.5,1
2005-10-02,2005,4,Jacksonville Jaguars,JAX,7,Denver Broncos,DEN,20,JAX,-4,37.5,27,0,7,20,-13,DEN,0,Away,20,7,13,-4,1
2005-10-09,2005,5,Denver Broncos,DEN,21,Washington Redskins,WAS,19,DEN,-7,34.5,40,0,21,19,2,DEN,1,Home,21,19,2,7,0
2005-10-16,2005,6,Denver Broncos,DEN,28,New England Patriots,NE,20,DEN,-3,44,48,0,28,20,8,DEN,1,Home,28,20,8,3,1
2005-10-23,2005,7,New York Giants,NYG,24,Denver Broncos,DEN,23,NYG,-2,46.5,47,0,24,23,1,DEN,0,Away,23,24,-1,-2,1
2005-10-30,2005,8,Denver Broncos,DEN,49,Philadelphia Eagles,PHI,21,DEN,-3,44,70,0,49,21,28,DEN,1,Home,49,21,28,3,1
2005-11-13,2005,10,Oakland Raiders,OAK,17,Denver Broncos,DEN,31,DEN,-2.5,47,48,0,31,17,14,DEN,1,Away,31,17,14,2.5,1
2005-11-20,2005,11,Denver Broncos,DEN,27,New York Jets,NYJ,0,DEN,-13,41,27,0,27,0,27,DEN,1,Home,27,0,27,13,1
2005-11-24,2005,12,Dallas Cowboys,DAL,21,Denver Broncos,DEN,24,DAL,-1.5,41,45,0,21,24,-3,DEN,0,Away,24,21,3,-1.5,1
2005-12-04,2005,13,Kansas City Chiefs,KC,31,Denver Broncos,DEN,27,PICK,0,47,58,0,27,31,-4,DEN,0,Away,27,31,-4,0,0
2005-12-11,2005,14,Denver Broncos,DEN,12,Baltimore Ravens,BAL,10,DEN,-14,40.5,22,0,12,10,2,DEN,1,Home,12,10,2,14,0
2005-12-17,2005,15,Buffalo Bills,BUF,17,Denver Broncos,DEN,28,DEN,-8,35,45,0,28,17,11,DEN,1,Away,28,17,11,8,1
2005-12-24,2005,16,Denver Broncos,DEN,22,Oakland Raiders,OAK,3,DEN,-12.5,42.5,25,0,22,3,19,DEN,1,Home,22,3,19,12.5,1
2005-12-31,2005,17,San Diego Chargers,LAC,7,Denver Broncos,DEN,23,LAC,-7,44,30,0,7,23,-16,DEN,0,Away,23,7,16,-7,1
2006-09-10,2006,1,St. Louis Rams,LAR,18,Denver Broncos,DEN,10,DEN,-3.5,46,28,0,10,18,-8,DEN,1,Away,10,18,-8,3.5,0
2006-09-17,2006,2,Denver Broncos,DEN,9,Kansas City Chiefs,KC,6,DEN,-11,38,15,0,9,6,3,DEN,1,Home,9,6,3,11,0
2006-09-24,2006,3,New England Patriots,NE,7,Denver Broncos,DEN,17,NE,-6.5,38.5,24,0,7,17,-10,DEN,0,Away,17,7,10,-6.5,1
2006-10-09,2006,5,Denver Broncos,DEN,13,Baltimore Ravens,BAL,3,DEN,-5,33.5,16,0,13,3,10,DEN,1,Home,13,3,10,5,1
2006-10-15,2006,6,Denver Broncos,DEN,13,Oakland Raiders,OAK,3,DEN,-16,37,16,0,13,3,10,DEN,1,Home,13,3,10,16,0
2006-10-22,2006,7,Cleveland Browns,CLE,7,Denver Broncos,DEN,17,DEN,-4.5,31,24,0,17,7,10,DEN,1,Away,17,7,10,4.5,1
2006-10-29,2006,8,Denver Broncos,DEN,31,Indianapolis Colts,IND,34,DEN,-3,39.5,65,0,31,34,-3,DEN,1,Home,31,34,-3,3,0
2006-11-05,2006,9,Pittsburgh Steelers,PIT,20,Denver Broncos,DEN,31,PIT,-2.5,36.5,51,0,20,31,-11,DEN,0,Away,31,20,11,-2.5,1
2006-11-12,2006,10,Oakland Raiders,OAK,13,Denver Broncos,DEN,17,DEN,-8,33.5,30,0,17,13,4,DEN,1,Away,17,13,4,8,0
2006-11-19,2006,11,Denver Broncos,DEN,27,San Diego Chargers,LAC,35,DEN,-2.5,42.5,62,0,27,35,-8,DEN,1,Home,27,35,-8,2.5,0
2006-11-23,2006,12,Kansas City Chiefs,KC,19,Denver Broncos,DEN,10,KC,-1,39,29,0,19,10,9,DEN,0,Away,10,19,-9,-1,0
2006-12-03,2006,13,Denver Broncos,DEN,20,Seattle Seahawks,SEA,23,DEN,-4,40.5,43,0,20,23,-3,DEN,1,Home,20,23,-3,4,0
2006-12-10,2006,14,San Diego Chargers,LAC,48,Denver Broncos,DEN,20,LAC,-7,41,68,0,48,20,28,DEN,0,Away,20,48,-28,-7,0
2006-12-17,2006,15,Arizona Cardinals,ARI,20,Denver Broncos,DEN,37,DEN,-2.5,44,57,0,37,20,17,DEN,1,Away,37,20,17,2.5,1
2006-12-24,2006,16,Denver Broncos,DEN,24,Cincinnati Bengals,CIN,23,DEN,-3,44.5,47,0,24,23,1,DEN,1,Home,24,23,1,3,0
2006-12-31,2006,17,Denver Broncos,DEN,23,San Francisco 49ers,SF,26,DEN,-10,39,49,0,23,26,-3,DEN,1,Home,23,26,-3,10,0
2007-09-09,2007,1,Buffalo Bills,BUF,14,Denver Broncos,DEN,15,DEN,-3,37,29,0,15,14,1,DEN,1,Away,15,14,1,3,0
2007-09-16,2007,2,Denver Broncos,DEN,23,Oakland Raiders,OAK,20,DEN,-10,37,43,0,23,20,3,DEN,1,Home,23,20,3,10,0
2007-09-23,2007,3,Denver Broncos,DEN,14,Jacksonville Jaguars,JAX,23,DEN,-3,36,37,0,14,23,-9,DEN,1,Home,14,23,-9,3,0
2007-09-30,2007,4,Indianapolis Colts,IND,38,Denver Broncos,DEN,20,IND,-10,46.5,58,0,38,20,18,DEN,0,Away,20,38,-18,-10,0
2007-10-07,2007,5,Denver Broncos,DEN,3,San Diego Chargers,LAC,41,LAC,-1,43.5,44,0,41,3,38,DEN,0,Home,3,41,-38,-1,0
2007-10-21,2007,7,Denver Broncos,DEN,31,Pittsburgh Steelers,PIT,28,PIT,-4.5,38.5,59,0,28,31,-3,DEN,0,Home,31,28,3,-4.5,1
2007-10-29,2007,8,Denver Broncos,DEN,13,Green Bay Packers,GB,19,DEN,-3,43.5,32,0,13,19,-6,DEN,1,Home,13,19,-6,3,0
2007-11-04,2007,9,Detroit Lions,DET,44,Denver Broncos,DEN,7,DET,-3,46.5,51,0,44,7,37,DEN,0,Away,7,44,-37,-3,0
2007-11-11,2007,10,Kansas City Chiefs,KC,11,Denver Broncos,DEN,27,KC,-2.5,37,38,0,11,27,-16,DEN,0,Away,27,11,16,-2.5,1
2007-11-19,2007,11,Denver Broncos,DEN,34,Tennessee Titans,TEN,20,PICK,0,38.5,54,0,20,34,-14,DEN,0,Home,34,20,14,0,1
2007-11-25,2007,12,Chicago Bears,CHI,37,Denver Broncos,DEN,34,CHI,-1,41.5,71,0,37,34,3,DEN,0,Away,34,37,-3,-1,0
2007-12-02,2007,13,Oakland Raiders,OAK,34,Denver Broncos,DEN,20,DEN,-3,41.5,54,0,20,34,-14,DEN,1,Away,20,34,-14,3,0
2007-12-09,2007,14,Denver Broncos,DEN,41,Kansas City Chiefs,KC,7,DEN,-7.5,37.5,48,0,41,7,34,DEN,1,Home,41,7,34,7.5,1
2007-12-13,2007,15,Houston Texans,HOU,31,Denver Broncos,DEN,13,DEN,-2.5,47.5,44,0,13,31,-18,DEN,1,Away,13,31,-18,2.5,0
2007-12-24,2007,16,San Diego Chargers,LAC,23,Denver Broncos,DEN,3,LAC,-8.5,47,26,0,23,3,20,DEN,0,Away,3,23,-20,-8.5,0
2007-12-30,2007,17,Denver Broncos,DEN,22,Minnesota Vikings,MIN,19,MIN,-3,40.5,41,0,19,22,-3,DEN,0,Home,22,19,3,-3,1
2008-09-08,2008,1,Oakland Raiders,OAK,14,Denver Broncos,DEN,41,DEN,-3,40.5,55,0,41,14,27,DEN,1,Away,41,14,27,3,1
2008-09-14,2008,2,Denver Broncos,DEN,39,San Diego Chargers,LAC,38,DEN,-1,46.5,77,0,39,38,1,DEN,1,Home,39,38,1,1,0
2008-09-21,2008,3,Denver Broncos,DEN,34,New Orleans Saints,NO,32,DEN,-5.5,52,66,0,34,32,2,DEN,1,Home,34,32,2,5.5,0
2008-09-28,2008,4,Kansas City Chiefs,KC,33,Denver Broncos,DEN,19,DEN,-9,47,52,0,19,33,-14,DEN,1,Away,19,33,-14,9,0
2008-10-05,2008,5,Denver Broncos,DEN,16,Tampa Bay Buccaneers,TB,13,DEN,-4,47,29,0,16,13,3,DEN,1,Home,16,13,3,4,0
2008-10-12,2008,6,Denver Broncos,DEN,17,Jacksonville Jaguars,JAX,24,DEN,-3,48,41,0,17,24,-7,DEN,1,Home,17,24,-7,3,0
2008-10-20,2008,7,New England Patriots,NE,41,Denver Broncos,DEN,7,NE,-3,48,48,0,41,7,34,DEN,0,Away,7,41,-34,-3,0
2008-11-02,2008,9,Denver Broncos,DEN,17,Miami Dolphins,MIA,26,DEN,-4,50,43,0,17,26,-9,DEN,1,Home,17,26,-9,4,0
2008-11-06,2008,10,Cleveland Browns,CLE,30,Denver Broncos,DEN,34,CLE,-3,47,64,0,30,34,-4,DEN,0,Away,34,30,4,-3,1
2008-11-16,2008,11,Atlanta Falcons,ATL,20,Denver Broncos,DEN,24,ATL,-6.5,52,44,0,20,24,-4,DEN,0,Away,24,20,4,-6.5,1
2008-11-23,2008,12,Denver Broncos,DEN,10,Oakland Raiders,OAK,31,DEN,-9,43.5,41,0,10,31,-21,DEN,1,Home,10,31,-21,9,0
2008-11-30,2008,13,New York Jets,NYJ,17,Denver Broncos,DEN,34,NYJ,-8,48,51,0,17,34,-17,DEN,0,Away,34,17,17,-8,1
2008-12-07,2008,14,Denver Broncos,DEN,24,Kansas City Chiefs,KC,17,DEN,-9,49,41,0,24,17,7,DEN,1,Home,24,17,7,9,0
2008-12-14,2008,15,Carolina Panthers,CAR,30,Denver Broncos,DEN,10,CAR,-7.5,48,40,0,30,10,20,DEN,0,Away,10,30,-20,-7.5,0
2008-12-21,2008,16,Denver Broncos,DEN,23,Buffalo Bills,BUF,30,DEN,-6.5,46.5,53,0,23,30,-7,DEN,1,Home,23,30,-7,6.5,0
2008-12-28,2008,17,San Diego Chargers,LAC,52,Denver Broncos,DEN,21,LAC,-7,50.5,73,0,52,21,31,DEN,0,Away,21,52,-31,-7,0
2009-09-13,2009,1,Cincinnati Bengals,CIN,7,Denver Broncos,DEN,12,CIN,-5,41,19,0,7,12,-5,DEN,0,Away,12,7,5,-5,1
2009-09-20,2009,2,Denver Broncos,DEN,27,Cleveland Browns,CLE,6,DEN,-3,38.5,33,0,27,6,21,DEN,1,Home,27,6,21,3,1
2009-09-27,2009,3,Oakland Raiders,OAK,3,Denver Broncos,DEN,23,DEN,-2.5,38,26,0,23,3,20,DEN,1,Away,23,3,20,2.5,1
2009-10-04,2009,4,Denver Broncos,DEN,17,Dallas Cowboys,DAL,10,DAL,-3,44,27,0,10,17,-7,DEN,0,Home,17,10,7,-3,1
2009-10-11,2009,5,Denver Broncos,DEN,20,New England Patriots,NE,17,NE,-3,41.5,37,0,17,20,-3,DEN,0,Home,20,17,3,-3,1
2009-10-19,2009,6,San Diego Chargers,LAC,23,Denver Broncos,DEN,34,LAC,-3.5,45,57,0,23,34,-11,DEN,0,Away,34,23,11,-3.5,1
2009-11-01,2009,8,Baltimore Ravens,BAL,30,Denver Broncos,DEN,7,BAL,-3.5,42,37,0,30,7,23,DEN,0,Away,7,30,-23,-3.5,0
2009-11-09,2009,9,Denver Broncos,DEN,10,Pittsburgh Steelers,PIT,28,PIT,-3,41.5,38,0,28,10,18,DEN,0,Home,10,28,-18,-3,0
2009-11-15,2009,10,Washington Redskins,WAS,27,Denver Broncos,DEN,17,DEN,-3.5,36.5,44,0,17,27,-10,DEN,1,Away,17,27,-10,3.5,0
2009-11-22,2009,11,Denver Broncos,DEN,3,San Diego Chargers,LAC,32,LAC,-6,42,35,0,32,3,29,DEN,0,Home,3,32,-29,-6,0
2009-11-26,2009,12,Denver Broncos,DEN,26,New York Giants,NYG,6,NYG,-4.5,43.5,32,0,6,26,-20,DEN,0,Home,26,6,20,-4.5,1
2009-12-06,2009,13,Kansas City Chiefs,KC,13,Denver Broncos,DEN,44,DEN,-6,39,57,0,44,13,31,DEN,1,Away,44,13,31,6,1
2009-12-13,2009,14,Indianapolis Colts,IND,28,Denver Broncos,DEN,16,IND,-6.5,43.5,44,0,28,16,12,DEN,0,Away,16,28,-12,-6.5,0
2009-12-20,2009,15,Denver Broncos,DEN,19,Oakland Raiders,OAK,20,DEN,-14,37,39,0,19,20,-1,DEN,1,Home,19,20,-1,14,0
2009-12-27,2009,16,Philadelphia Eagles,PHI,30,Denver Broncos,DEN,27,PHI,-7,43,57,0,30,27,3,DEN,0,Away,27,30,-3,-7,1
2010-01-03,2009,17,Denver Broncos,DEN,24,Kansas City Chiefs,KC,44,DEN,-10,38,68,0,24,44,-20,DEN,1,Home,24,44,-20,10,0
2010-09-12,2010,1,Jacksonville Jaguars,JAX,24,Denver Broncos,DEN,17,JAX,-3,41.5,41,0,24,17,7,DEN,0,Away,17,24,-7,-3,0
2010-09-19,2010,2,Denver Broncos,DEN,31,Seattle Seahawks,SEA,14,DEN,-3.5,41,45,0,31,14,17,DEN,1,Home,31,14,17,3.5,1
2010-09-26,2010,3,Denver Broncos,DEN,13,Indianapolis Colts,IND,27,IND,-6,47,40,0,27,13,14,DEN,0,Home,13,27,-14,-6,0
2010-10-03,2010,4,Tennessee Titans,TEN,20,Denver Broncos,DEN,26,TEN,-6.5,43.5,46,0,20,26,-6,DEN,0,Away,26,20,6,-6.5,1
2010-10-10,2010,5,Baltimore Ravens,BAL,31,Denver Broncos,DEN,17,BAL,-8,39.5,48,0,31,17,14,DEN,0,Away,17,31,-14,-8,0
2010-10-17,2010,6,Denver Broncos,DEN,20,New York Jets,NYJ,24,NYJ,-3.5,43,44,0,24,20,4,DEN,0,Home,20,24,-4,-3.5,0
2010-10-24,2010,7,Denver Broncos,DEN,14,Oakland Raiders,OAK,59,DEN,-7,43,73,0,14,59,-45,DEN,1,Home,14,59,-45,7,0
2010-11-14,2010,10,Denver Broncos,DEN,49,Kansas City Chiefs,KC,29,KC,-1,44.5,78,0,29,49,-20,DEN,0,Home,49,29,20,-1,1
2010-11-22,2010,11,San Diego Chargers,LAC,35,Denver Broncos,DEN,14,LAC,-9,50,49,0,35,14,21,DEN,0,Away,14,35,-21,-9,0
2010-11-28,2010,12,Denver Broncos,DEN,33,St. Louis Rams,LAR,36,DEN,-3,45,69,0,33,36,-3,DEN,1,Home,33,36,-3,3,0
2010-12-05,2010,13,Kansas City Chiefs,KC,10,Denver Broncos,DEN,6,KC,-8,48.5,16,0,10,6,4,DEN,0,Away,6,10,-4,-8,1
2010-12-12,2010,14,Arizona Cardinals,ARI,43,Denver Broncos,DEN,13,DEN,-4,44,56,0,13,43,-30,DEN,1,Away,13,43,-30,4,0
2010-12-19,2010,15,Oakland Raiders,OAK,39,Denver Broncos,DEN,23,OAK,-8,42,62,0,39,23,16,DEN,0,Away,23,39,-16,-8,0
2010-12-26,2010,16,Denver Broncos,DEN,24,Houston Texans,HOU,23,HOU,-2.5,49.5,47,0,23,24,-1,DEN,0,Home,24,23,1,-2.5,1
2011-01-02,2010,17,Denver Broncos,DEN,28,San Diego Chargers,LAC,33,LAC,-3.5,47.5,61,0,33,28,5,DEN,0,Home,28,33,-5,-3.5,0
2011-09-12,2011,1,Denver Broncos,DEN,20,Oakland Raiders,OAK,23,DEN,-3,42,43,0,20,23,-3,DEN,1,Home,20,23,-3,3,0
2011-09-18,2011,2,Denver Broncos,DEN,24,Cincinnati Bengals,CIN,22,DEN,-3,41,46,0,24,22,2,DEN,1,Home,24,22,2,3,0
2011-09-25,2011,3,Tennessee Titans,TEN,17,Denver Broncos,DEN,14,TEN,-7,44,31,0,17,14,3,DEN,0,Away,14,17,-3,-7,1
2011-10-02,2011,4,Green Bay Packers,GB,49,Denver Broncos,DEN,23,GB,-12,46.5,72,0,49,23,26,DEN,0,Away,23,49,-26,-12,0
2011-10-09,2011,5,Denver Broncos,DEN,24,San Diego Chargers,LAC,29,LAC,-3.5,46.5,53,0,29,24,5,DEN,0,Home,24,29,-5,-3.5,0
2011-10-23,2011,7,Miami Dolphins,MIA,15,Denver Broncos,DEN,18,DEN,-1,41.5,33,0,18,15,3,DEN,1,Away,18,15,3,1,1
2011-10-30,2011,8,Denver Broncos,DEN,10,Detroit Lions,DET,45,DET,-3.5,43.5,55,0,45,10,35,DEN,0,Home,10,45,-35,-3.5,0
2011-11-06,2011,9,Oakland Raiders,OAK,24,Denver Broncos,DEN,38,OAK,-7.5,42.5,62,0,24,38,-14,DEN,0,Away,38,24,14,-7.5,1
2011-11-13,2011,10,Kansas City Chiefs,KC,10,Denver Broncos,DEN,17,KC,-3.5,42.5,27,0,10,17,-7,DEN,0,Away,17,10,7,-3.5,1
2011-11-17,2011,11,Denver Broncos,DEN,17,New York Jets,NYJ,13,NYJ,-6.5,38.5,30,0,13,17,-4,DEN,0,Home,17,13,4,-6.5,1
2011-11-27,2011,12,San Diego Chargers,LAC,13,Denver Broncos,DEN,16,LAC,-5.5,42,29,0,13,16,-3,DEN,0,Away,16,13,3,-5.5,1
2011-12-04,2011,13,Minnesota Vikings,MIN,32,Denver Broncos,DEN,35,MIN,-1.5,37.5,67,0,32,35,-3,DEN,0,Away,35,32,3,-1.5,1
2011-12-11,2011,14,Denver Broncos,DEN,13,Chicago Bears,CHI,10,DEN,-3.5,35.5,23,0,13,10,3,DEN,1,Home,13,10,3,3.5,0
2011-12-18,2011,15,Denver Broncos,DEN,23,New England Patriots,NE,41,NE,-7.5,47.5,64,0,41,23,18,DEN,0,Home,23,41,-18,-7.5,0
2011-12-24,2011,16,Buffalo Bills,BUF,40,Denver Broncos,DEN,14,DEN,-3,43.5,54,0,14,40,-26,DEN,1,Away,14,40,-26,3,0
2012-01-01,2011,17,Denver Broncos,DEN,3,Kansas City Chiefs,KC,7,DEN,-2,37.5,10,0,3,7,-4,DEN,1,Home,3,7,-4,2,0
2012-09-09,2012,1,Denver Broncos,DEN,31,Pittsburgh Steelers,PIT,19,DEN,-2,45.5,50,0,31,19,12,DEN,1,Home,31,19,12,2,1
2012-09-17,2012,2,Atlanta Falcons,ATL,27,Denver Broncos,DEN,21,ATL,-3,50.5,48,0,27,21,6,DEN,0,Away,21,27,-6,-3,0
2012-09-23,2012,3,Denver Broncos,DEN,25,Houston Texans,HOU,31,HOU,-1.5,43.5,56,0,31,25,6,DEN,0,Home,25,31,-6,-1.5,0
2012-09-30,2012,4,Denver Broncos,DEN,37,Oakland Raiders,OAK,6,DEN,-6.5,47,43,0,37,6,31,DEN,1,Home,37,6,31,6.5,1
2012-10-07,2012,5,New England Patriots,NE,31,Denver Broncos,DEN,21,NE,-6,51.5,52,0,31,21,10,DEN,0,Away,21,31,-10,-6,0
2012-10-15,2012,6,San Diego Chargers,LAC,24,Denver Broncos,DEN,35,PICK,0,47.5,59,0,35,24,11,DEN,0,Away,35,24,11,0,1
2012-10-28,2012,8,Denver Broncos,DEN,34,New Orleans Saints,NO,14,DEN,-6.5,55,48,0,34,14,20,DEN,1,Home,34,14,20,6.5,1
2012-11-04,2012,9,Cincinnati Bengals,CIN,23,Denver Broncos,DEN,31,DEN,-5.5,47.5,54,0,31,23,8,DEN,1,Away,31,23,8,5.5,1
2012-11-11,2012,10,Carolina Panthers,CAR,14,Denver Broncos,DEN,36,DEN,-4,47,50,0,36,14,22,DEN,1,Away,36,14,22,4,1
2012-11-18,2012,11,Denver Broncos,DEN,30,San Diego Chargers,LAC,23,DEN,-7.5,48,53,0,30,23,7,DEN,1,Home,30,23,7,7.5,0
2012-11-25,2012,12,Kansas City Chiefs,KC,9,Denver Broncos,DEN,17,DEN,-10.5,42.5,26,0,17,9,8,DEN,1,Away,17,9,8,10.5,0
2012-12-02,2012,13,Denver Broncos,DEN,31,Tampa Bay Buccaneers,TB,23,DEN,-7.5,50,54,0,31,23,8,DEN,1,Home,31,23,8,7.5,1
2012-12-06,2012,14,Oakland Raiders,OAK,13,Denver Broncos,DEN,26,DEN,-10.5,47,39,0,26,13,13,DEN,1,Away,26,13,13,10.5,1
2012-12-16,2012,15,Baltimore Ravens,BAL,17,Denver Broncos,DEN,34,DEN,-3,48,51,0,34,17,17,DEN,1,Away,34,17,17,3,1
2012-12-23,2012,16,Denver Broncos,DEN,34,Cleveland Browns,CLE,12,DEN,-11,44,46,0,34,12,22,DEN,1,Home,34,12,22,11,1
2012-12-30,2012,17,Denver Broncos,DEN,38,Kansas City Chiefs,KC,3,DEN,-17,41.5,41,0,38,3,35,DEN,1,Home,38,3,35,17,1
2013-09-05,2013,1,Denver Broncos,DEN,49,Baltimore Ravens,BAL,27,DEN,-7.5,49.5,76,0,49,27,22,DEN,1,Home,49,27,22,7.5,1
2013-09-15,2013,2,New York Giants,NYG,23,Denver Broncos,DEN,41,DEN,-4,55.5,64,0,41,23,18,DEN,1,Away,41,23,18,4,1
2013-09-23,2013,3,Denver Broncos,DEN,37,Oakland Raiders,OAK,21,DEN,-16.5,50,58,0,37,21,16,DEN,1,Home,37,21,16,16.5,0
2013-09-29,2013,4,Denver Broncos,DEN,52,Philadelphia Eagles,PHI,20,DEN,-11.5,59,72,0,52,20,32,DEN,1,Home,52,20,32,11.5,1
2013-10-06,2013,5,Dallas Cowboys,DAL,48,Denver Broncos,DEN,51,DEN,-9,57.5,99,0,51,48,3,DEN,1,Away,51,48,3,9,0
2013-10-13,2013,6,Denver Broncos,DEN,35,Jacksonville Jaguars,JAX,19,DEN,-26.5,52,54,0,35,19,16,DEN,1,Home,35,19,16,26.5,0
2013-10-20,2013,7,Indianapolis Colts,IND,39,Denver Broncos,DEN,33,DEN,-6,55.5,72,0,33,39,-6,DEN,1,Away,33,39,-6,6,0
2013-10-27,2013,8,Denver Broncos,DEN,45,Washington Redskins,WAS,21,DEN,-11,58,66,0,45,21,24,DEN,1,Home,45,21,24,11,1
2013-11-10,2013,10,San Diego Chargers,LAC,20,Denver Broncos,DEN,28,DEN,-7,57,48,0,28,20,8,DEN,1,Away,28,20,8,7,1
2013-11-17,2013,11,Denver Broncos,DEN,27,Kansas City Chiefs,KC,17,DEN,-7.5,49,44,0,27,17,10,DEN,1,Home,27,17,10,7.5,1
2013-11-24,2013,12,New England Patriots,NE,34,Denver Broncos,DEN,31,DEN,-2.5,53,65,0,31,34,-3,DEN,1,Away,31,34,-3,2.5,0
2013-12-01,2013,13,Kansas City Chiefs,KC,28,Denver Broncos,DEN,35,DEN,-6,50,63,0,35,28,7,DEN,1,Away,35,28,7,6,1
2013-12-08,2013,14,Denver Broncos,DEN,51,Tennessee Titans,TEN,28,DEN,-13.5,49.5,79,0,51,28,23,DEN,1,Home,51,28,23,13.5,1
2013-12-12,2013,15,Denver Broncos,DEN,20,San Diego Chargers,LAC,27,DEN,-9.5,57,47,0,20,27,-7,DEN,1,Home,20,27,-7,9.5,0
2013-12-22,2013,16,Houston Texans,HOU,13,Denver Broncos,DEN,37,DEN,-9.5,53.5,50,0,37,13,24,DEN,1,Away,37,13,24,9.5,1
2013-12-29,2013,17,Oakland Raiders,OAK,14,Denver Broncos,DEN,34,DEN,-10,53.5,48,0,34,14,20,DEN,1,Away,34,14,20,10,1
2014-09-07,2014,1,Denver Broncos,DEN,31,Indianapolis Colts,IND,24,DEN,-8,55,55,0,31,24,7,DEN,1,Home,31,24,7,8,0
2014-09-14,2014,2,Denver Broncos,DEN,24,Kansas City Chiefs,KC,17,DEN,-13,49,41,0,24,17,7,DEN,1,Home,24,17,7,13,0
2014-09-21,2014,3,Seattle Seahawks,SEA,26,Denver Broncos,DEN,20,SEA,-4,48,46,0,26,20,6,DEN,0,Away,20,26,-6,-4,0
2014-10-05,2014,5,Denver Broncos,DEN,41,Arizona Cardinals,ARI,20,DEN,-8,47.5,61,0,41,20,21,DEN,1,Home,41,20,21,8,1
2014-10-12,2014,6,New York Jets,NYJ,17,Denver Broncos,DEN,31,DEN,-10,47.5,48,0,31,17,14,DEN,1,Away,31,17,14,10,1
2014-10-19,2014,7,Denver Broncos,DEN,42,San Francisco 49ers,SF,17,DEN,-7,48.5,59,0,42,17,25,DEN,1,Home,42,17,25,7,1
2014-10-23,2014,8,Denver Broncos,DEN,35,San Diego Chargers,LAC,21,DEN,-9,51,56,0,35,21,14,DEN,1,Home,35,21,14,9,1
2014-11-02,2014,9,New England Patriots,NE,43,Denver Broncos,DEN,21,DEN,-3,53,64,0,21,43,-22,DEN,1,Away,21,43,-22,3,0
2014-11-09,2014,10,Oakland Raiders,OAK,17,Denver Broncos,DEN,41,DEN,-13,51,58,0,41,17,24,DEN,1,Away,41,17,24,13,1
2014-11-16,2014,11,St. Louis Rams,LAR,22,Denver Broncos,DEN,7,DEN,-8,50,29,0,7,22,-15,DEN,1,Away,7,22,-15,8,0
2014-11-23,2014,12,Denver Broncos,DEN,39,Miami Dolphins,MIA,36,DEN,-6.5,47.5,75,0,39,36,3,DEN,1,Home,39,36,3,6.5,0
2014-11-30,2014,13,Kansas City Chiefs,KC,16,Denver Broncos,DEN,29,KC,-1,49.5,45,0,16,29,-13,DEN,0,Away,29,16,13,-1,1
2014-12-07,2014,14,Denver Broncos,DEN,24,Buffalo Bills,BUF,17,DEN,-9,47,41,0,24,17,7,DEN,1,Home,24,17,7,9,0
2014-12-14,2014,15,San Diego Chargers,LAC,10,Denver Broncos,DEN,22,DEN,-4,49.5,32,0,22,10,12,DEN,1,Away,22,10,12,4,1
2014-12-22,2014,16,Cincinnati Bengals,CIN,37,Denver Broncos,DEN,28,DEN,-3.5,47.5,65,0,28,37,-9,DEN,1,Away,28,37,-9,3.5,0
2014-12-28,2014,17,Denver Broncos,DEN,47,Oakland Raiders,OAK,14,DEN,-16.5,48.5,61,0,47,14,33,DEN,1,Home,47,14,33,16.5,1
2015-09-13,2015,1,Denver Broncos,DEN,19,Baltimore Ravens,BAL,13,DEN,-4.5,46.5,32,0,19,13,6,DEN,1,Home,19,13,6,4.5,1
2015-09-17,2015,2,Kansas City Chiefs,KC,24,Denver Broncos,DEN,31,KC,-3,42,55,0,24,31,-7,DEN,0,Away,31,24,7,-3,1
2015-09-27,2015,3,Detroit Lions,DET,12,Denver Broncos,DEN,24,DEN,-3,45,36,0,24,12,12,DEN,1,Away,24,12,12,3,1
2015-10-04,2015,4,Denver Broncos,DEN,23,Minnesota Vikings,MIN,20,DEN,-7,43.5,43,0,23,20,3,DEN,1,Home,23,20,3,7,0
2015-10-11,2015,5,Oakland Raiders,OAK,10,Denver Broncos,DEN,16,DEN,-5.5,45,26,0,16,10,6,DEN,1,Away,16,10,6,5.5,1
2015-10-18,2015,6,Cleveland Browns,CLE,23,Denver Broncos,DEN,26,DEN,-3.5,42,49,0,26,23,3,DEN,1,Away,26,23,3,3.5,0
2015-11-01,2015,8,Denver Broncos,DEN,29,Green Bay Packers,GB,10,GB,-2.5,45.5,39,0,10,29,-19,DEN,0,Home,29,10,19,-2.5,1
2015-11-08,2015,9,Indianapolis Colts,IND,27,Denver Broncos,DEN,24,DEN,-3.5,45.5,51,0,24,27,-3,DEN,1,Away,24,27,-3,3.5,0
2015-11-15,2015,10,Denver Broncos,DEN,13,Kansas City Chiefs,KC,29,DEN,-3.5,42,42,0,13,29,-16,DEN,1,Home,13,29,-16,3.5,0
2015-11-22,2015,11,Chicago Bears,CHI,15,Denver Broncos,DEN,17,DEN,-2,41.5,32,0,17,15,2,DEN,1,Away,17,15,2,2,0
2015-11-29,2015,12,Denver Broncos,DEN,30,New England Patriots,NE,24,NE,-2.5,43,54,0,24,30,-6,DEN,0,Home,30,24,6,-2.5,1
2015-12-06,2015,13,San Diego Chargers,LAC,3,Denver Broncos,DEN,17,DEN,-6,45,20,0,17,3,14,DEN,1,Away,17,3,14,6,1
2015-12-13,2015,14,Denver Broncos,DEN,12,Oakland Raiders,OAK,15,DEN,-6,43,27,0,12,15,-3,DEN,1,Home,12,15,-3,6,0
2015-12-20,2015,15,Pittsburgh Steelers,PIT,34,Denver Broncos,DEN,27,PIT,-7.5,45.5,61,0,34,27,7,DEN,0,Away,27,34,-7,-7.5,1
2015-12-28,2015,16,Denver Broncos,DEN,20,Cincinnati Bengals,CIN,17,DEN,-4,39,37,0,20,17,3,DEN,1,Home,20,17,3,4,0
2016-01-03,2015,17,Denver Broncos,DEN,27,San Diego Chargers,LAC,20,DEN,-10,42,47,0,27,20,7,DEN,1,Home,27,20,7,10,0
2016-09-08,2016,1,Denver Broncos,DEN,21,Carolina Panthers,CAR,20,CAR,-3,40.5,41,0,20,21,-1,DEN,0,Home,21,20,1,-3,1
2016-09-18,2016,2,Denver Broncos,DEN,34,Indianapolis Colts,IND,20,DEN,-6,47,54,0,34,20,14,DEN,1,Home,34,20,14,6,1
2016-09-25,2016,3,Cincinnati Bengals,CIN,17,Denver Broncos,DEN,29,CIN,-3.5,41.5,46,0,17,29,-12,DEN,0,Away,29,17,12,-3.5,1
2016-10-02,2016,4,Tampa Bay Buccaneers,TB,7,Denver Broncos,DEN,27,DEN,-3,42.5,34,0,27,7,20,DEN,1,Away,27,7,20,3,1
2016-10-09,2016,5,Denver Broncos,DEN,16,Atlanta Falcons,ATL,23,DEN,-3.5,44.5,39,0,16,23,-7,DEN,1,Home,16,23,-7,3.5,0
2016-10-13,2016,6,San Diego Chargers,LAC,21,Denver Broncos,DEN,13,DEN,-3,44,34,0,13,21,-8,DEN,1,Away,13,21,-8,3,0
2016-10-24,2016,7,Denver Broncos,DEN,27,Houston Texans,HOU,9,DEN,-8.5,40,36,0,27,9,18,DEN,1,Home,27,9,18,8.5,1
2016-10-30,2016,8,Denver Broncos,DEN,27,San Diego Chargers,LAC,19,DEN,-3.5,43,46,0,27,19,8,DEN,1,Home,27,19,8,3.5,1
2016-11-06,2016,9,Oakland Raiders,OAK,30,Denver Broncos,DEN,20,OAK,-1,44.5,50,0,30,20,10,DEN,0,Away,20,30,-10,-1,0
2016-11-13,2016,10,New Orleans Saints,NO,23,Denver Broncos,DEN,25,NO,-3,50,48,0,23,25,-2,DEN,0,Away,25,23,2,-3,1
2016-11-27,2016,12,Denver Broncos,DEN,27,Kansas City Chiefs,KC,30,DEN,-3.5,40,57,0,27,30,-3,DEN,1,Home,27,30,-3,3.5,0
2016-12-04,2016,13,Jacksonville Jaguars,JAX,10,Denver Broncos,DEN,20,DEN,-3.5,38.5,30,0,20,10,10,DEN,1,Away,20,10,10,3.5,1
2016-12-11,2016,14,Tennessee Titans,TEN,13,Denver Broncos,DEN,10,TEN,-2,44,23,0,13,10,3,DEN,0,Away,10,13,-3,-2,0
2016-12-18,2016,15,Denver Broncos,DEN,3,New England Patriots,NE,16,NE,-3,43,19,0,16,3,13,DEN,0,Home,3,16,-13,-3,0
2016-12-25,2016,16,Kansas City Chiefs,KC,33,Denver Broncos,DEN,10,KC,-3.5,38,43,0,33,10,23,DEN,0,Away,10,33,-23,-3.5,0
2017-01-01,2016,17,Denver Broncos,DEN,24,Oakland Raiders,OAK,6,DEN,-1,40,30,0,24,6,18,DEN,1,Home,24,6,18,1,1
2017-09-11,2017,1,Denver Broncos,DEN,24,Los Angeles Chargers,LAC,21,DEN,-3.5,43.5,45,0,24,21,3,DEN,1,Home,24,21,3,3.5,0
2017-09-17,2017,2,Denver Broncos,DEN,42,Dallas Cowboys,DAL,17,DAL,-2,42,59,0,17,42,-25,DEN,0,Home,42,17,25,-2,1
2017-09-24,2017,3,Buffalo Bills,BUF,26,Denver Broncos,DEN,16,DEN,-3,40,42,0,16,26,-10,DEN,1,Away,16,26,-10,3,0
2017-10-01,2017,4,Denver Broncos,DEN,16,Oakland Raiders,OAK,10,DEN,-3,46,26,0,16,10,6,DEN,1,Home,16,10,6,3,1
2017-10-15,2017,6,Denver Broncos,DEN,10,New York Giants,NYG,23,DEN,-12,39,33,0,10,23,-13,DEN,1,Home,10,23,-13,12,0
2017-10-22,2017,7,Los Angeles Chargers,LAC,21,Denver Broncos,DEN,0,DEN,-1.5,41,21,0,0,21,-21,DEN,1,Away,0,21,-21,1.5,0
2017-10-30,2017,8,Kansas City Chiefs,KC,29,Denver Broncos,DEN,19,KC,-7,43,48,0,29,19,10,DEN,0,Away,19,29,-10,-7,0
2017-11-05,2017,9,Philadelphia Eagles,PHI,51,Denver Broncos,DEN,23,PHI,-7,41,74,0,51,23,28,DEN,0,Away,23,51,-28,-7,0
2017-11-12,2017,10,Denver Broncos,DEN,16,New England Patriots,NE,41,NE,-7,45,57,0,41,16,25,DEN,0,Home,16,41,-25,-7,0
2017-11-19,2017,11,Denver Broncos,DEN,17,Cincinnati Bengals,CIN,20,DEN,-2.5,38,37,0,17,20,-3,DEN,1,Home,17,20,-3,2.5,0
2017-11-26,2017,12,Oakland Raiders,OAK,21,Denver Broncos,DEN,14,OAK,-5,43.5,35,0,21,14,7,DEN,0,Away,14,21,-7,-5,0
2017-12-03,2017,13,Miami Dolphins,MIA,35,Denver Broncos,DEN,9,DEN,-1.5,39.5,44,0,9,35,-26,DEN,1,Away,9,35,-26,1.5,0
2017-12-10,2017,14,Denver Broncos,DEN,23,New York Jets,NYJ,0,NYJ,-1,40.5,23,0,0,23,-23,DEN,0,Home,23,0,23,-1,1
2017-12-14,2017,15,Indianapolis Colts,IND,13,Denver Broncos,DEN,25,DEN,-3,40.5,38,0,25,13,12,DEN,1,Away,25,13,12,3,1
2017-12-24,2017,16,Washington Redskins,WAS,27,Denver Broncos,DEN,11,WAS,-3,39.5,38,0,27,11,16,DEN,0,Away,11,27,-16,-3,0
2017-12-31,2017,17,Denver Broncos,DEN,24,Kansas City Chiefs,KC,27,DEN,-3,37.5,51,0,24,27,-3,DEN,1,Home,24,27,-3,3,0
2018-09-09,2018,1,Denver Broncos,DEN,27,Seattle Seahawks,SEA,24,DEN,-3,42.5,51,0,27,24,3,DEN,1,Home,27,24,3,3,0
2018-09-16,2018,2,Denver Broncos,DEN,20,Oakland Raiders,OAK,19,DEN,-5.5,44,39,0,20,19,1,DEN,1,Home,20,19,1,5.5,0
2018-09-23,2018,3,Baltimore Ravens,BAL,27,Denver Broncos,DEN,14,BAL,-5.5,46,41,0,27,14,13,DEN,0,Away,14,27,-13,-5.5,0
2018-10-01,2018,4,Denver Broncos,DEN,23,Kansas City Chiefs,KC,27,KC,-3.5,53.5,50,0,27,23,4,DEN,0,Home,23,27,-4,-3.5,0
2018-10-07,2018,5,New York Jets,NYJ,34,Denver Broncos,DEN,16,NYJ,-1,43,50,0,34,16,18,DEN,0,Away,16,34,-18,-1,0
2018-10-14,2018,6,Denver Broncos,DEN,20,Los Angeles Rams,LAR,23,LAR,-7,50,43,0,23,20,3,DEN,0,Home,20,23,-3,-7,1
2018-10-18,2018,7,Arizona Cardinals,ARI,10,Denver Broncos,DEN,45,DEN,-1,42.5,55,0,45,10,35,DEN,1,Away,45,10,35,1,1
2018-10-28,2018,8,Kansas City Chiefs,KC,30,Denver Broncos,DEN,23,KC,-8.5,53,53,0,30,23,7,DEN,0,Away,23,30,-7,-8.5,1
2018-11-04,2018,9,Denver Broncos,DEN,17,Houston Texans,HOU,19,DEN,-1,46.5,36,0,17,19,-2,DEN,1,Home,17,19,-2,1,0
2018-11-18,2018,11,Los Angeles Chargers,LAC,22,Denver Broncos,DEN,23,LAC,-7.5,46.5,45,0,22,23,-1,DEN,0,Away,23,22,1,-7.5,1
2018-11-25,2018,12,Denver Broncos,DEN,24,Pittsburgh Steelers,PIT,17,PIT,-3,47.5,41,0,17,24,-7,DEN,0,Home,24,17,7,-3,1
2018-12-02,2018,13,Cincinnati Bengals,CIN,10,Denver Broncos,DEN,24,DEN,-4,45,34,0,24,10,14,DEN,1,Away,24,10,14,4,1
2018-12-09,2018,14,San Francisco 49ers,SF,20,Denver Broncos,DEN,14,DEN,-3,45.5,34,0,14,20,-6,DEN,1,Away,14,20,-6,3,0
2018-12-15,2018,15,Denver Broncos,DEN,16,Cleveland Browns,CLE,17,DEN,-1,47,33,0,16,17,-1,DEN,1,Home,16,17,-1,1,0
2018-12-24,2018,16,Oakland Raiders,OAK,27,Denver Broncos,DEN,14,DEN,-2.5,42.5,41,0,14,27,-13,DEN,1,Away,14,27,-13,2.5,0
2018-12-30,2018,17,Denver Broncos,DEN,9,Los Angeles Chargers,LAC,23,LAC,-7,43.5,32,0,23,9,14,DEN,0,Home,9,23,-14,-7,0
2019-09-09,2019,1,Oakland Raiders,OAK,24,Denver Broncos,DEN,16,DEN,-3,42.5,40,0,16,24,-8,DEN,1,Away,16,24,-8,3,0
2019-09-15,2019,2,Denver Broncos,DEN,14,Chicago Bears,CHI,16,CHI,-3,40.5,30,0,16,14,2,DEN,0,Home,14,16,-2,-3,1
2019-09-22,2019,3,Green Bay Packers,GB,27,Denver Broncos,DEN,16,GB,-7,41.5,43,0,27,16,11,DEN,0,Away,16,27,-11,-7,0
2019-09-29,2019,4,Denver Broncos,DEN,24,Jacksonville Jaguars,JAX,26,DEN,-2.5,37.5,50,0,24,26,-2,DEN,1,Home,24,26,-2,2.5,0
2019-10-06,2019,5,Los Angeles Chargers,LAC,13,Denver Broncos,DEN,20,LAC,-4.5,45.5,33,0,13,20,-7,DEN,0,Away,20,13,7,-4.5,1
2019-10-13,2019,6,Denver Broncos,DEN,16,Tennessee Titans,TEN,0,DEN,-1.5,41,16,0,16,0,16,DEN,1,Home,16,0,16,1.5,1
2019-10-17,2019,7,Denver Broncos,DEN,6,Kansas City Chiefs,KC,30,KC,-3,49.5,36,0,30,6,24,DEN,0,Home,6,30,-24,-3,0
2019-10-27,2019,8,Indianapolis Colts,IND,15,Denver Broncos,DEN,13,IND,-6,42,28,0,15,13,2,DEN,0,Away,13,15,-2,-6,1
2019-11-03,2019,9,Denver Broncos,DEN,24,Cleveland Browns,CLE,19,CLE,-4,39,43,0,19,24,-5,DEN,0,Home,24,19,5,-4,1
2019-11-17,2019,11,Minnesota Vikings,MIN,27,Denver Broncos,DEN,23,MIN,-10,40,50,0,27,23,4,DEN,0,Away,23,27,-4,-10,1
2019-11-24,2019,12,Buffalo Bills,BUF,20,Denver Broncos,DEN,3,BUF,-3.5,37,23,0,20,3,17,DEN,0,Away,3,20,-17,-3.5,0
2019-12-01,2019,13,Denver Broncos,DEN,23,Los Angeles Chargers,LAC,20,LAC,-4.5,38.5,43,0,20,23,-3,DEN,0,Home,23,20,3,-4.5,1
2019-12-08,2019,14,Houston Texans,HOU,24,Denver Broncos,DEN,38,HOU,-8,42.5,62,0,24,38,-14,DEN,0,Away,38,24,14,-8,1
2019-12-15,2019,15,Kansas City Chiefs,KC,23,Denver Broncos,DEN,3,KC,-9,43,26,0,23,3,20,DEN,0,Away,3,23,-20,-9,0
2019-12-22,2019,16,Denver Broncos,DEN,27,Detroit Lions,DET,17,DEN,-7.5,40,44,0,27,17,10,DEN,1,Home,27,17,10,7.5,1
2019-12-29,2019,17,Denver Broncos,DEN,16,Oakland Raiders,OAK,15,DEN,-4.5,41,31,0,16,15,1,DEN,1,Home,16,15,1,4.5,0
2000-09-03,2000,1,New Orleans Saints,NO,10,Detroit Lions,DET,14,PICK,0,40.5,24,0,14,10,4,DET,0,Away,14,10,4,0,1
2000-09-10,2000,2,Detroit Lions,DET,15,Washington Redskins,WAS,10,WAS,-5.5,43,25,0,10,15,-5,DET,0,Home,15,10,5,-5.5,1
2000-09-17,2000,3,Detroit Lions,DET,10,Tampa Bay Buccaneers,TB,31,TB,-3,34.5,41,0,31,10,21,DET,0,Home,10,31,-21,-3,0
2000-09-24,2000,4,Chicago Bears,CHI,14,Detroit Lions,DET,21,CHI,-1,37.5,35,0,14,21,-7,DET,0,Away,21,14,7,-1,1
2000-10-01,2000,5,Detroit Lions,DET,24,Minnesota Vikings,MIN,31,DET,-1,42.5,55,0,24,31,-7,DET,1,Home,24,31,-7,1,0
2000-10-08,2000,6,Detroit Lions,DET,31,Green Bay Packers,GB,24,DET,-3,43,55,0,31,24,7,DET,1,Home,31,24,7,3,1
2000-10-19,2000,8,Tampa Bay Buccaneers,TB,14,Detroit Lions,DET,28,TB,-8,37.5,42,0,14,28,-14,DET,0,Away,28,14,14,-8,1
2000-10-29,2000,9,Indianapolis Colts,IND,30,Detroit Lions,DET,18,IND,-7,47,48,0,30,18,12,DET,0,Away,18,30,-12,-7,0
2000-11-05,2000,10,Detroit Lions,DET,8,Miami Dolphins,MIA,23,DET,-2.5,39,31,0,8,23,-15,DET,1,Home,8,23,-15,2.5,0
2000-11-12,2000,11,Detroit Lions,DET,13,Atlanta Falcons,ATL,10,DET,-8.5,40,23,0,13,10,3,DET,1,Home,13,10,3,8.5,0
2000-11-19,2000,12,New York Giants,NYG,21,Detroit Lions,DET,31,NYG,-5,36.5,52,0,21,31,-10,DET,0,Away,31,21,10,-5,1
2000-11-23,2000,13,Detroit Lions,DET,34,New England Patriots,NE,9,DET,-6.5,38,43,0,34,9,25,DET,1,Home,34,9,25,6.5,1
2000-11-30,2000,14,Minnesota Vikings,MIN,24,Detroit Lions,DET,17,MIN,-9,48.5,41,0,24,17,7,DET,0,Away,17,24,-7,-9,1
2000-12-10,2000,15,Green Bay Packers,GB,26,Detroit Lions,DET,13,GB,-3.5,41,39,0,26,13,13,DET,0,Away,13,26,-13,-3.5,0
2000-12-17,2000,16,New York Jets,NYJ,7,Detroit Lions,DET,10,NYJ,-6.5,39.5,17,0,7,10,-3,DET,0,Away,10,7,3,-6.5,1
2000-12-24,2000,17,Detroit Lions,DET,20,Chicago Bears,CHI,23,DET,-10,37,43,0,20,23,-3,DET,1,Home,20,23,-3,10,0
2001-09-09,2001,1,Green Bay Packers,GB,28,Detroit Lions,DET,6,GB,-5.5,41.5,34,0,28,6,22,DET,0,Away,6,28,-22,-5.5,0
2001-09-23,2001,2,Cleveland Browns,CLE,24,Detroit Lions,DET,14,DET,-1.5,33,38,0,14,24,-10,DET,1,Away,14,24,-10,1.5,0
2001-10-08,2001,4,Detroit Lions,DET,0,St. Louis Rams,LAR,35,LAR,-12.5,48.5,35,0,35,0,35,DET,0,Home,0,35,-35,-12.5,0
2001-10-14,2001,5,Minnesota Vikings,MIN,31,Detroit Lions,DET,26,MIN,-10,44,57,0,31,26,5,DET,0,Away,26,31,-5,-10,1
2001-10-21,2001,6,Detroit Lions,DET,24,Tennessee Titans,TEN,27,TEN,-5.5,38.5,51,0,27,24,3,DET,0,Home,24,27,-3,-5.5,1
2001-10-28,2001,7,Detroit Lions,DET,27,Cincinnati Bengals,CIN,31,DET,-3,39.5,58,0,27,31,-4,DET,1,Home,27,31,-4,3,0
2001-11-04,2001,8,San Francisco 49ers,SF,21,Detroit Lions,DET,13,SF,-8.5,47,34,0,21,13,8,DET,0,Away,13,21,-8,-8.5,1
2001-11-11,2001,9,Detroit Lions,DET,17,Tampa Bay Buccaneers,TB,20,TB,-5,40,37,0,20,17,3,DET,0,Home,17,20,-3,-5,1
2001-11-18,2001,10,Arizona Cardinals,ARI,45,Detroit Lions,DET,38,ARI,-2,39.5,83,0,45,38,7,DET,0,Away,38,45,-7,-2,0
2001-11-22,2001,11,Detroit Lions,DET,27,Green Bay Packers,GB,29,GB,-7,47,56,0,29,27,2,DET,0,Home,27,29,-2,-7,1
2001-12-02,2001,12,Chicago Bears,CHI,13,Detroit Lions,DET,10,CHI,-7,38,23,0,13,10,3,DET,0,Away,10,13,-3,-7,1
2001-12-09,2001,13,Tampa Bay Buccaneers,TB,15,Detroit Lions,DET,12,TB,-8,36.5,27,0,15,12,3,DET,0,Away,12,15,-3,-8,1
2001-12-16,2001,14,Detroit Lions,DET,27,Minnesota Vikings,MIN,24,MIN,-3,46.5,51,0,24,27,-3,DET,0,Home,27,24,3,-3,1
2001-12-23,2001,15,Pittsburgh Steelers,PIT,47,Detroit Lions,DET,14,PIT,-10,36,61,0,47,14,33,DET,0,Away,14,47,-33,-10,0
2001-12-30,2001,16,Detroit Lions,DET,0,Chicago Bears,CHI,24,CHI,-5.5,38.5,24,0,24,0,24,DET,0,Home,0,24,-24,-5.5,0
2002-01-06,2001,17,Detroit Lions,DET,15,Dallas Cowboys,DAL,10,DAL,-3,36,25,0,10,15,-5,DET,0,Home,15,10,5,-3,1
2002-09-08,2002,1,Miami Dolphins,MIA,49,Detroit Lions,DET,21,MIA,-9.5,35.5,70,0,49,21,28,DET,0,Away,21,49,-28,-9.5,0
2002-09-15,2002,2,Carolina Panthers,CAR,31,Detroit Lions,DET,7,CAR,-3,35.5,38,0,31,7,24,DET,0,Away,7,31,-24,-3,0
2002-09-22,2002,3,Detroit Lions,DET,31,Green Bay Packers,GB,37,GB,-7.5,44,68,0,37,31,6,DET,0,Home,31,37,-6,-7.5,1
2002-09-29,2002,4,Detroit Lions,DET,26,New Orleans Saints,NO,21,NO,-9,45,47,0,21,26,-5,DET,0,Home,26,21,5,-9,1
2002-10-13,2002,6,Minnesota Vikings,MIN,31,Detroit Lions,DET,24,MIN,-4.5,49,55,0,31,24,7,DET,0,Away,24,31,-7,-4.5,0
2002-10-20,2002,7,Detroit Lions,DET,23,Chicago Bears,CHI,20,CHI,-3,44.5,43,0,20,23,-3,DET,0,Home,23,20,3,-3,1
2002-10-27,2002,8,Buffalo Bills,BUF,24,Detroit Lions,DET,17,BUF,-7.5,50,41,0,24,17,7,DET,0,Away,17,24,-7,-7.5,1
2002-11-03,2002,9,Detroit Lions,DET,9,Dallas Cowboys,DAL,7,DET,-3,37,16,0,9,7,2,DET,1,Home,9,7,2,3,0
2002-11-10,2002,10,Green Bay Packers,GB,40,Detroit Lions,DET,14,GB,-10.5,42,54,0,40,14,26,DET,0,Away,14,40,-26,-10.5,0
2002-11-17,2002,11,Detroit Lions,DET,14,New York Jets,NYJ,31,NYJ,-3,43,45,0,31,14,17,DET,0,Home,14,31,-17,-3,0
2002-11-24,2002,12,Chicago Bears,CHI,20,Detroit Lions,DET,17,CHI,-5,37.5,37,0,20,17,3,DET,0,Away,17,20,-3,-5,1
2002-11-28,2002,13,Detroit Lions,DET,12,New England Patriots,NE,20,NE,-6,46,32,0,20,12,8,DET,0,Home,12,20,-8,-6,0
2002-12-08,2002,14,Arizona Cardinals,ARI,23,Detroit Lions,DET,20,DET,-1,39.5,43,0,20,23,-3,DET,1,Away,20,23,-3,1,0
2002-12-15,2002,15,Detroit Lions,DET,20,Tampa Bay Buccaneers,TB,23,TB,-9.5,37,43,0,23,20,3,DET,0,Home,20,23,-3,-9.5,1
2002-12-22,2002,16,Atlanta Falcons,ATL,36,Detroit Lions,DET,15,ATL,-10.5,44,51,0,36,15,21,DET,0,Away,15,36,-21,-10.5,0
2002-12-29,2002,17,Detroit Lions,DET,36,Minnesota Vikings,MIN,38,MIN,-3.5,47,74,0,38,36,2,DET,0,Home,36,38,-2,-3.5,1
2003-09-07,2003,1,Detroit Lions,DET,42,Arizona Cardinals,ARI,24,DET,-3.5,39,66,0,42,24,18,DET,1,Home,42,24,18,3.5,1
2003-09-14,2003,2,Green Bay Packers,GB,31,Detroit Lions,DET,6,GB,-7,45.5,37,0,31,6,25,DET,0,Away,6,31,-25,-7,0
2003-09-21,2003,3,Detroit Lions,DET,13,Minnesota Vikings,MIN,23,MIN,-4,47.5,36,0,23,13,10,DET,0,Home,13,23,-10,-4,0
2003-09-28,2003,4,Denver Broncos,DEN,20,Detroit Lions,DET,16,DEN,-12,44,36,0,20,16,4,DET,0,Away,16,20,-4,-12,1
2003-10-05,2003,5,San Francisco 49ers,SF,24,Detroit Lions,DET,17,SF,-7.5,42.5,41,0,24,17,7,DET,0,Away,17,24,-7,-7.5,1
2003-10-19,2003,7,Detroit Lions,DET,7,Dallas Cowboys,DAL,38,DAL,-3,39,45,0,38,7,31,DET,0,Home,7,38,-31,-3,0
2003-10-26,2003,8,Chicago Bears,CHI,24,Detroit Lions,DET,16,CHI,-3,37.5,40,0,24,16,8,DET,0,Away,16,24,-8,-3,0
2003-11-02,2003,9,Detroit Lions,DET,23,Oakland Raiders,OAK,13,OAK,-3.5,39.5,36,0,13,23,-10,DET,0,Home,23,13,10,-3.5,1
2003-11-09,2003,10,Detroit Lions,DET,12,Chicago Bears,CHI,10,PICK,0,37.5,22,0,10,12,-2,DET,0,Home,12,10,2,0,1
2003-11-16,2003,11,Seattle Seahawks,SEA,35,Detroit Lions,DET,14,SEA,-11,39.5,49,0,35,14,21,DET,0,Away,14,35,-21,-11,0
2003-11-23,2003,12,Minnesota Vikings,MIN,24,Detroit Lions,DET,14,MIN,-10.5,47.5,38,0,24,14,10,DET,0,Away,14,24,-10,-10.5,1
2003-11-27,2003,13,Detroit Lions,DET,22,Green Bay Packers,GB,14,GB,-6.5,44,36,0,14,22,-8,DET,0,Home,22,14,8,-6.5,1
2003-12-07,2003,14,Detroit Lions,DET,7,San Diego Chargers,LAC,14,DET,-3,43.5,21,0,7,14,-7,DET,1,Home,7,14,-7,3,0
2003-12-14,2003,15,Kansas City Chiefs,KC,45,Detroit Lions,DET,17,KC,-14.5,45,62,0,45,17,28,DET,0,Away,17,45,-28,-14.5,0
2003-12-21,2003,16,Carolina Panthers,CAR,20,Detroit Lions,DET,14,CAR,-7.5,37,34,0,20,14,6,DET,0,Away,14,20,-6,-7.5,1
2003-12-28,2003,17,Detroit Lions,DET,30,St. Louis Rams,LAR,20,LAR,-12,45,50,0,20,30,-10,DET,0,Home,30,20,10,-12,1
2004-09-12,2004,1,Chicago Bears,CHI,16,Detroit Lions,DET,20,CHI,-1.5,38.5,36,0,16,20,-4,DET,0,Away,20,16,4,-1.5,1
2004-09-19,2004,2,Detroit Lions,DET,28,Houston Texans,HOU,16,DET,-3,43.5,44,0,28,16,12,DET,1,Home,28,16,12,3,1
2004-09-26,2004,3,Detroit Lions,DET,13,Philadelphia Eagles,PHI,30,PHI,-4.5,44,43,0,30,13,17,DET,0,Home,13,30,-17,-4.5,0
2004-10-10,2004,5,Atlanta Falcons,ATL,10,Detroit Lions,DET,17,ATL,-6.5,41,27,0,10,17,-7,DET,0,Away,17,10,7,-6.5,1
2004-10-17,2004,6,Detroit Lions,DET,10,Green Bay Packers,GB,38,DET,-3,45,48,0,10,38,-28,DET,1,Home,10,38,-28,3,0
2004-10-24,2004,7,New York Giants,NYG,13,Detroit Lions,DET,28,NYG,-7,40,41,0,13,28,-15,DET,0,Away,28,13,15,-7,1
2004-10-31,2004,8,Dallas Cowboys,DAL,31,Detroit Lions,DET,21,DAL,-3,40,52,0,31,21,10,DET,0,Away,21,31,-10,-3,0
2004-11-07,2004,9,Detroit Lions,DET,10,Washington Redskins,WAS,17,DET,-3.5,37,27,0,10,17,-7,DET,1,Home,10,17,-7,3.5,0
2004-11-14,2004,10,Jacksonville Jaguars,JAX,23,Detroit Lions,DET,17,JAX,-3.5,34.5,40,0,23,17,6,DET,0,Away,17,23,-6,-3.5,0
2004-11-21,2004,11,Minnesota Vikings,MIN,22,Detroit Lions,DET,19,MIN,-8,48,41,0,22,19,3,DET,0,Away,19,22,-3,-8,1
2004-11-25,2004,12,Detroit Lions,DET,9,Indianapolis Colts,IND,41,IND,-8.5,54,50,0,41,9,32,DET,0,Home,9,41,-32,-8.5,0
2004-12-05,2004,13,Detroit Lions,DET,26,Arizona Cardinals,ARI,12,DET,-6,37,38,0,26,12,14,DET,1,Home,26,12,14,6,1
2004-12-12,2004,14,Green Bay Packers,GB,16,Detroit Lions,DET,13,GB,-9,41,29,0,16,13,3,DET,0,Away,13,16,-3,-9,1
2004-12-19,2004,15,Detroit Lions,DET,27,Minnesota Vikings,MIN,28,MIN,-3,48.5,55,0,28,27,1,DET,0,Home,27,28,-1,-3,1
2004-12-26,2004,16,Detroit Lions,DET,19,Chicago Bears,CHI,13,DET,-6,37,32,0,19,13,6,DET,1,Home,19,13,6,6,0
2005-01-02,2004,17,Tennessee Titans,TEN,24,Detroit Lions,DET,19,DET,-2.5,45.5,43,0,19,24,-5,DET,1,Away,19,24,-5,2.5,0
2005-09-11,2005,1,Detroit Lions,DET,17,Green Bay Packers,GB,3,DET,-3,46,20,0,17,3,14,DET,1,Home,17,3,14,3,1
2005-09-18,2005,2,Chicago Bears,CHI,38,Detroit Lions,DET,6,DET,-2.5,34,44,0,6,38,-32,DET,1,Away,6,38,-32,2.5,0
2005-10-02,2005,4,Tampa Bay Buccaneers,TB,17,Detroit Lions,DET,13,TB,-6.5,35,30,0,17,13,4,DET,0,Away,13,17,-4,-6.5,1
2005-10-09,2005,5,Detroit Lions,DET,35,Baltimore Ravens,BAL,17,DET,-2,33,52,0,35,17,18,DET,1,Home,35,17,18,2,1
2005-10-16,2005,6,Detroit Lions,DET,20,Carolina Panthers,CAR,21,PICK,0,42,41,0,21,20,1,DET,0,Home,20,21,-1,0,0
2005-10-23,2005,7,Cleveland Browns,CLE,10,Detroit Lions,DET,13,CLE,-3,36,23,0,10,13,-3,DET,0,Away,13,10,3,-3,1
2005-10-30,2005,8,Detroit Lions,DET,13,Chicago Bears,CHI,19,DET,-3,32.5,32,0,13,19,-6,DET,1,Home,13,19,-6,3,0
2005-11-06,2005,9,Minnesota Vikings,MIN,27,Detroit Lions,DET,14,DET,-1.5,37.5,41,0,14,27,-13,DET,1,Away,14,27,-13,1.5,0
2005-11-13,2005,10,Detroit Lions,DET,29,Arizona Cardinals,ARI,21,DET,-4,40,50,0,29,21,8,DET,1,Home,29,21,8,4,1
2005-11-20,2005,11,Dallas Cowboys,DAL,20,Detroit Lions,DET,7,DAL,-8,39,27,0,20,7,13,DET,0,Away,7,20,-13,-8,0
2005-11-24,2005,12,Detroit Lions,DET,7,Atlanta Falcons,ATL,27,ATL,-3,40.5,34,0,27,7,20,DET,0,Home,7,27,-20,-3,0
2005-12-04,2005,13,Detroit Lions,DET,16,Minnesota Vikings,MIN,21,MIN,-3,38,37,0,21,16,5,DET,0,Home,16,21,-5,-3,0
2005-12-11,2005,14,Green Bay Packers,GB,16,Detroit Lions,DET,13,GB,-5.5,37,29,0,16,13,3,DET,0,Away,13,16,-3,-5.5,1
2005-12-18,2005,15,Detroit Lions,DET,17,Cincinnati Bengals,CIN,41,CIN,-7.5,44,58,0,41,17,24,DET,0,Home,17,41,-24,-7.5,0
2006-01-01,2005,17,Pittsburgh Steelers,PIT,35,Detroit Lions,DET,21,PIT,-15.5,35.5,56,0,35,21,14,DET,0,Away,21,35,-14,-15.5,1
2006-09-10,2006,1,Detroit Lions,DET,6,Seattle Seahawks,SEA,9,SEA,-6,44,15,0,9,6,3,DET,0,Home,6,9,-3,-6,1
2006-09-17,2006,2,Chicago Bears,CHI,34,Detroit Lions,DET,7,CHI,-7,32,41,0,34,7,27,DET,0,Away,7,34,-27,-7,0
2006-09-24,2006,3,Detroit Lions,DET,24,Green Bay Packers,GB,31,DET,-6.5,41,55,0,24,31,-7,DET,1,Home,24,31,-7,6.5,0
2006-10-01,2006,4,St. Louis Rams,LAR,41,Detroit Lions,DET,34,LAR,-5,42.5,75,0,41,34,7,DET,0,Away,34,41,-7,-5,0
2006-10-08,2006,5,Minnesota Vikings,MIN,26,Detroit Lions,DET,17,MIN,-6,41,43,0,26,17,9,DET,0,Away,17,26,-9,-6,0
2006-10-15,2006,6,Detroit Lions,DET,20,Buffalo Bills,BUF,17,BUF,-1,40.5,37,0,17,20,-3,DET,0,Home,20,17,3,-1,1
2006-10-22,2006,7,New York Jets,NYJ,31,Detroit Lions,DET,24,NYJ,-3.5,43.5,55,0,31,24,7,DET,0,Away,24,31,-7,-3.5,0
2006-11-05,2006,9,Detroit Lions,DET,30,Atlanta Falcons,ATL,14,DET,-5,47,44,0,30,14,16,DET,1,Home,30,14,16,5,1
2006-11-12,2006,10,Detroit Lions,DET,13,San Francisco 49ers,SF,19,DET,-6,46.5,32,0,13,19,-6,DET,1,Home,13,19,-6,6,0
2006-11-19,2006,11,Arizona Cardinals,ARI,17,Detroit Lions,DET,10,ARI,-2.5,45.5,27,0,17,10,7,DET,0,Away,10,17,-7,-2.5,0
2006-11-23,2006,12,Detroit Lions,DET,10,Miami Dolphins,MIA,27,MIA,-2.5,40.5,37,0,27,10,17,DET,0,Home,10,27,-17,-2.5,0
2006-12-03,2006,13,New England Patriots,NE,28,Detroit Lions,DET,21,NE,-13.5,41.5,49,0,28,21,7,DET,0,Away,21,28,-7,-13.5,1
2006-12-10,2006,14,Detroit Lions,DET,20,Minnesota Vikings,MIN,30,DET,-1,40,50,0,20,30,-10,DET,1,Home,20,30,-10,1,0
2006-12-17,2006,15,Green Bay Packers,GB,17,Detroit Lions,DET,9,GB,-6,45,26,0,17,9,8,DET,0,Away,9,17,-8,-6,0
2006-12-24,2006,16,Detroit Lions,DET,21,Chicago Bears,CHI,26,CHI,-6,41.5,47,0,26,21,5,DET,0,Home,21,26,-5,-6,1
2006-12-31,2006,17,Dallas Cowboys,DAL,31,Detroit Lions,DET,39,DAL,-14,46,70,0,31,39,-8,DET,0,Away,39,31,8,-14,1
2007-09-09,2007,1,Oakland Raiders,OAK,21,Detroit Lions,DET,36,OAK,-2.5,39.5,57,0,21,36,-15,DET,0,Away,36,21,15,-2.5,1
2007-09-16,2007,2,Detroit Lions,DET,20,Minnesota Vikings,MIN,17,DET,-3,42.5,37,0,20,17,3,DET,1,Home,20,17,3,3,0
2007-09-23,2007,3,Philadelphia Eagles,PHI,56,Detroit Lions,DET,21,PHI,-5,44,77,0,56,21,35,DET,0,Away,21,56,-35,-5,0
2007-09-30,2007,4,Detroit Lions,DET,37,Chicago Bears,CHI,27,CHI,-2.5,46,64,0,27,37,-10,DET,0,Home,37,27,10,-2.5,1
2007-10-07,2007,5,Washington Redskins,WAS,34,Detroit Lions,DET,3,WAS,-4,44.5,37,0,34,3,31,DET,0,Away,3,34,-31,-4,0
2007-10-21,2007,7,Detroit Lions,DET,23,Tampa Bay Buccaneers,TB,16,DET,-2.5,44,39,0,23,16,7,DET,1,Home,23,16,7,2.5,1
2007-10-28,2007,8,Chicago Bears,CHI,7,Detroit Lions,DET,16,CHI,-6,45.5,23,0,7,16,-9,DET,0,Away,16,7,9,-6,1
2007-11-04,2007,9,Detroit Lions,DET,44,Denver Broncos,DEN,7,DET,-3,46.5,51,0,44,7,37,DET,1,Home,44,7,37,3,1
2007-11-11,2007,10,Arizona Cardinals,ARI,31,Detroit Lions,DET,21,ARI,-2,45,52,0,31,21,10,DET,0,Away,21,31,-10,-2,0
2007-11-18,2007,11,Detroit Lions,DET,10,New York Giants,NYG,16,NYG,-2.5,48,26,0,16,10,6,DET,0,Home,10,16,-6,-2.5,0
2007-11-22,2007,12,Detroit Lions,DET,26,Green Bay Packers,GB,37,GB,-3,47,63,0,37,26,11,DET,0,Home,26,37,-11,-3,0
2007-12-02,2007,13,Minnesota Vikings,MIN,42,Detroit Lions,DET,10,MIN,-4.5,44.5,52,0,42,10,32,DET,0,Away,10,42,-32,-4.5,0
2007-12-09,2007,14,Detroit Lions,DET,27,Dallas Cowboys,DAL,28,DAL,-10.5,50.5,55,0,28,27,1,DET,0,Home,27,28,-1,-10.5,1
2007-12-16,2007,15,San Diego Chargers,LAC,51,Detroit Lions,DET,14,LAC,-9.5,46,65,0,51,14,37,DET,0,Away,14,51,-37,-9.5,0
2007-12-23,2007,16,Detroit Lions,DET,25,Kansas City Chiefs,KC,20,DET,-5,43.5,45,0,25,20,5,DET,1,Home,25,20,5,5,0
2007-12-30,2007,17,Green Bay Packers,GB,34,Detroit Lions,DET,13,GB,-3,38.5,47,0,34,13,21,DET,0,Away,13,34,-21,-3,0
2008-09-07,2008,1,Atlanta Falcons,ATL,34,Detroit Lions,DET,21,DET,-3,41,55,0,21,34,-13,DET,1,Away,21,34,-13,3,0
2008-09-14,2008,2,Detroit Lions,DET,25,Green Bay Packers,GB,48,GB,-3,47,73,0,48,25,23,DET,0,Home,25,48,-23,-3,0
2008-09-21,2008,3,San Francisco 49ers,SF,31,Detroit Lions,DET,13,SF,-5,47,44,0,31,13,18,DET,0,Away,13,31,-18,-5,0
2008-10-05,2008,5,Detroit Lions,DET,7,Chicago Bears,CHI,34,CHI,-3,45.5,41,0,34,7,27,DET,0,Home,7,34,-27,-3,0
2008-10-12,2008,6,Minnesota Vikings,MIN,12,Detroit Lions,DET,10,MIN,-13,45.5,22,0,12,10,2,DET,0,Away,10,12,-2,-13,1
2008-10-19,2008,7,Houston Texans,HOU,28,Detroit Lions,DET,21,HOU,-11.5,47.5,49,0,28,21,7,DET,0,Away,21,28,-7,-11.5,1
2008-10-26,2008,8,Detroit Lions,DET,17,Washington Redskins,WAS,25,WAS,-7,42,42,0,25,17,8,DET,0,Home,17,25,-8,-7,0
2008-11-02,2008,9,Chicago Bears,CHI,27,Detroit Lions,DET,23,CHI,-12.5,43.5,50,0,27,23,4,DET,0,Away,23,27,-4,-12.5,1
2008-11-09,2008,10,Detroit Lions,DET,14,Jacksonville Jaguars,JAX,38,JAX,-5,43,52,0,38,14,24,DET,0,Home,14,38,-24,-5,0
2008-11-16,2008,11,Carolina Panthers,CAR,31,Detroit Lions,DET,22,CAR,-14,40.5,53,0,31,22,9,DET,0,Away,22,31,-9,-14,1
2008-11-23,2008,12,Detroit Lions,DET,20,Tampa Bay Buccaneers,TB,38,TB,-8,42.5,58,0,38,20,18,DET,0,Home,20,38,-18,-8,0
2008-11-27,2008,13,Detroit Lions,DET,10,Tennessee Titans,TEN,47,TEN,-11,44,57,0,47,10,37,DET,0,Home,10,47,-37,-11,0
2008-12-07,2008,14,Detroit Lions,DET,16,Minnesota Vikings,MIN,20,MIN,-10.5,45.5,36,0,20,16,4,DET,0,Home,16,20,-4,-10.5,1
2008-12-14,2008,15,Indianapolis Colts,IND,31,Detroit Lions,DET,21,IND,-17,45,52,0,31,21,10,DET,0,Away,21,31,-10,-17,1
2008-12-21,2008,16,Detroit Lions,DET,7,New Orleans Saints,NO,42,NO,-7,50.5,49,0,42,7,35,DET,0,Home,7,42,-35,-7,0
2008-12-28,2008,17,Green Bay Packers,GB,31,Detroit Lions,DET,21,GB,-11,41.5,52,0,31,21,10,DET,0,Away,21,31,-10,-11,1
2009-09-13,2009,1,New Orleans Saints,NO,45,Detroit Lions,DET,27,NO,-14,50,72,0,45,27,18,DET,0,Away,27,45,-18,-14,0
2009-09-20,2009,2,Detroit Lions,DET,13,Minnesota Vikings,MIN,27,MIN,-10,45,40,0,27,13,14,DET,0,Home,13,27,-14,-10,0
2009-09-27,2009,3,Detroit Lions,DET,19,Washington Redskins,WAS,14,WAS,-6,39.5,33,0,14,19,-5,DET,0,Home,19,14,5,-6,1
2009-10-04,2009,4,Chicago Bears,CHI,48,Detroit Lions,DET,24,CHI,-9.5,43,72,0,48,24,24,DET,0,Away,24,48,-24,-9.5,0
2009-10-11,2009,5,Detroit Lions,DET,20,Pittsburgh Steelers,PIT,28,PIT,-11,44,48,0,28,20,8,DET,0,Home,20,28,-8,-11,1
2009-10-18,2009,6,Green Bay Packers,GB,26,Detroit Lions,DET,0,GB,-14,48,26,0,26,0,26,DET,0,Away,0,26,-26,-14,0
2009-11-01,2009,8,Detroit Lions,DET,10,St. Louis Rams,LAR,17,DET,-4,43.5,27,0,10,17,-7,DET,1,Home,10,17,-7,4,0
2009-11-08,2009,9,Seattle Seahawks,SEA,32,Detroit Lions,DET,20,SEA,-10,42,52,0,32,20,12,DET,0,Away,20,32,-12,-10,0
2009-11-15,2009,10,Minnesota Vikings,MIN,27,Detroit Lions,DET,10,MIN,-17,47.5,37,0,27,10,17,DET,0,Away,10,27,-17,-17,0
2009-11-22,2009,11,Detroit Lions,DET,38,Cleveland Browns,CLE,37,DET,-3,37.5,75,0,38,37,1,DET,1,Home,38,37,1,3,0
2009-11-26,2009,12,Detroit Lions,DET,12,Green Bay Packers,GB,34,GB,-11.5,48,46,0,34,12,22,DET,0,Home,12,34,-22,-11.5,0
2009-12-06,2009,13,Cincinnati Bengals,CIN,23,Detroit Lions,DET,13,CIN,-13.5,42,36,0,23,13,10,DET,0,Away,13,23,-10,-13.5,1
2009-12-13,2009,14,Baltimore Ravens,BAL,48,Detroit Lions,DET,3,BAL,-14,40.5,51,0,48,3,45,DET,0,Away,3,48,-45,-14,0
2009-12-20,2009,15,Detroit Lions,DET,24,Arizona Cardinals,ARI,31,ARI,-14,47,55,0,31,24,7,DET,0,Home,24,31,-7,-14,1
2009-12-27,2009,16,San Francisco 49ers,SF,20,Detroit Lions,DET,6,SF,-14,41,26,0,20,6,14,DET,0,Away,6,20,-14,-14,0
2010-01-03,2009,17,Detroit Lions,DET,23,Chicago Bears,CHI,37,CHI,-4.5,44.5,60,0,37,23,14,DET,0,Home,23,37,-14,-4.5,0
2010-09-12,2010,1,Chicago Bears,CHI,19,Detroit Lions,DET,14,CHI,-6.5,45,33,0,19,14,5,DET,0,Away,14,19,-5,-6.5,1
2010-09-19,2010,2,Detroit Lions,DET,32,Philadelphia Eagles,PHI,35,PHI,-6.5,41,67,0,35,32,3,DET,0,Home,32,35,-3,-6.5,1
2010-09-26,2010,3,Minnesota Vikings,MIN,24,Detroit Lions,DET,10,MIN,-13,43,34,0,24,10,14,DET,0,Away,10,24,-14,-13,0
2010-10-03,2010,4,Green Bay Packers,GB,28,Detroit Lions,DET,26,GB,-14.5,46,54,0,28,26,2,DET,0,Away,26,28,-2,-14.5,1
2010-10-10,2010,5,Detroit Lions,DET,44,St. Louis Rams,LAR,6,DET,-3,42.5,50,0,44,6,38,DET,1,Home,44,6,38,3,1
2010-10-17,2010,6,New York Giants,NYG,28,Detroit Lions,DET,20,NYG,-10,45.5,48,0,28,20,8,DET,0,Away,20,28,-8,-10,1
2010-10-31,2010,8,Detroit Lions,DET,37,Washington Redskins,WAS,25,DET,-3,45,62,0,37,25,12,DET,1,Home,37,25,12,3,1
2010-11-07,2010,9,Detroit Lions,DET,20,New York Jets,NYJ,23,NYJ,-5.5,42,43,0,23,20,3,DET,0,Home,20,23,-3,-5.5,1
2010-11-14,2010,10,Buffalo Bills,BUF,14,Detroit Lions,DET,12,BUF,-1.5,45,26,0,14,12,2,DET,0,Away,12,14,-2,-1.5,0
2010-11-21,2010,11,Dallas Cowboys,DAL,35,Detroit Lions,DET,19,DAL,-7,44.5,54,0,35,19,16,DET,0,Away,19,35,-16,-7,0
2010-11-25,2010,12,Detroit Lions,DET,24,New England Patriots,NE,45,NE,-7.5,50.5,69,0,45,24,21,DET,0,Home,24,45,-21,-7.5,0
2010-12-05,2010,13,Detroit Lions,DET,20,Chicago Bears,CHI,24,CHI,-5.5,43.5,44,0,24,20,4,DET,0,Home,20,24,-4,-5.5,1
2010-12-12,2010,14,Detroit Lions,DET,7,Green Bay Packers,GB,3,GB,-7,46,10,0,3,7,-4,DET,0,Home,7,3,4,-7,1
2010-12-19,2010,15,Tampa Bay Buccaneers,TB,20,Detroit Lions,DET,23,TB,-4,43,43,0,20,23,-3,DET,0,Away,23,20,3,-4,1
2010-12-26,2010,16,Miami Dolphins,MIA,27,Detroit Lions,DET,34,MIA,-3.5,41,61,0,27,34,-7,DET,0,Away,34,27,7,-3.5,1
2011-01-02,2010,17,Detroit Lions,DET,20,Minnesota Vikings,MIN,13,DET,-3.5,43.5,33,0,20,13,7,DET,1,Home,20,13,7,3.5,1
2011-09-11,2011,1,Tampa Bay Buccaneers,TB,20,Detroit Lions,DET,27,TB,-1.5,43.5,47,0,20,27,-7,DET,0,Away,27,20,7,-1.5,1
2011-09-18,2011,2,Detroit Lions,DET,48,Kansas City Chiefs,KC,3,DET,-9,45,51,0,48,3,45,DET,1,Home,48,3,45,9,1
2011-09-25,2011,3,Minnesota Vikings,MIN,23,Detroit Lions,DET,26,DET,-3,45,49,0,26,23,3,DET,1,Away,26,23,3,3,0
2011-10-02,2011,4,Dallas Cowboys,DAL,30,Detroit Lions,DET,34,DAL,-2.5,46.5,64,0,30,34,-4,DET,0,Away,34,30,4,-2.5,1
2011-10-10,2011,5,Detroit Lions,DET,24,Chicago Bears,CHI,13,DET,-7,47,37,0,24,13,11,DET,1,Home,24,13,11,7,1
2011-10-16,2011,6,Detroit Lions,DET,19,San Francisco 49ers,SF,25,DET,-5,45,44,0,19,25,-6,DET,1,Home,19,25,-6,5,0
2011-10-23,2011,7,Detroit Lions,DET,16,Atlanta Falcons,ATL,23,DET,-4.5,47,39,0,16,23,-7,DET,1,Home,16,23,-7,4.5,0
2011-10-30,2011,8,Denver Broncos,DEN,10,Detroit Lions,DET,45,DET,-3.5,43.5,55,0,45,10,35,DET,1,Away,45,10,35,3.5,1
2011-11-13,2011,10,Chicago Bears,CHI,37,Detroit Lions,DET,13,CHI,-3,42.5,50,0,37,13,24,DET,0,Away,13,37,-24,-3,0
2011-11-20,2011,11,Detroit Lions,DET,49,Carolina Panthers,CAR,35,DET,-7,47.5,84,0,49,35,14,DET,1,Home,49,35,14,7,1
2011-11-24,2011,12,Detroit Lions,DET,15,Green Bay Packers,GB,27,GB,-4.5,55,42,0,27,15,12,DET,0,Home,15,27,-12,-4.5,0
2011-12-04,2011,13,New Orleans Saints,NO,31,Detroit Lions,DET,17,NO,-9,54.5,48,0,31,17,14,DET,0,Away,17,31,-14,-9,0
2011-12-11,2011,14,Detroit Lions,DET,34,Minnesota Vikings,MIN,28,DET,-10,47,62,0,34,28,6,DET,1,Home,34,28,6,10,0
2011-12-18,2011,15,Oakland Raiders,OAK,27,Detroit Lions,DET,28,DET,-1.5,47.5,55,0,28,27,1,DET,1,Away,28,27,1,1.5,0
2011-12-24,2011,16,Detroit Lions,DET,38,San Diego Chargers,LAC,10,LAC,-1,53,48,0,10,38,-28,DET,0,Home,38,10,28,-1,1
2012-01-01,2011,17,Green Bay Packers,GB,45,Detroit Lions,DET,41,DET,-6.5,42,86,0,41,45,-4,DET,1,Away,41,45,-4,6.5,0
2012-09-09,2012,1,Detroit Lions,DET,27,St. Louis Rams,LAR,23,DET,-9,46.5,50,0,27,23,4,DET,1,Home,27,23,4,9,0
2012-09-16,2012,2,San Francisco 49ers,SF,27,Detroit Lions,DET,19,SF,-7,46,46,0,27,19,8,DET,0,Away,19,27,-8,-7,0
2012-09-23,2012,3,Tennessee Titans,TEN,44,Detroit Lions,DET,41,DET,-4,47,85,0,41,44,-3,DET,1,Away,41,44,-3,4,0
2012-09-30,2012,4,Detroit Lions,DET,13,Minnesota Vikings,MIN,20,DET,-4,48.5,33,0,13,20,-7,DET,1,Home,13,20,-7,4,0
2012-10-14,2012,6,Philadelphia Eagles,PHI,23,Detroit Lions,DET,26,PHI,-3.5,47.5,49,0,23,26,-3,DET,0,Away,26,23,3,-3.5,1
2012-10-22,2012,7,Chicago Bears,CHI,13,Detroit Lions,DET,7,CHI,-6.5,47,20,0,13,7,6,DET,0,Away,7,13,-6,-6.5,1
2012-10-28,2012,8,Detroit Lions,DET,28,Seattle Seahawks,SEA,24,DET,-3,42.5,52,0,28,24,4,DET,1,Home,28,24,4,3,1
2012-11-04,2012,9,Jacksonville Jaguars,JAX,14,Detroit Lions,DET,31,DET,-6,44,45,0,31,14,17,DET,1,Away,31,14,17,6,1
2012-11-11,2012,10,Minnesota Vikings,MIN,34,Detroit Lions,DET,24,DET,-3,45.5,58,0,24,34,-10,DET,1,Away,24,34,-10,3,0
2012-11-18,2012,11,Detroit Lions,DET,20,Green Bay Packers,GB,24,GB,-3,53.5,44,0,24,20,4,DET,0,Home,20,24,-4,-3,0
2012-11-22,2012,12,Detroit Lions,DET,31,Houston Texans,HOU,34,HOU,-4,49,65,0,34,31,3,DET,0,Home,31,34,-3,-4,1
2012-12-02,2012,13,Detroit Lions,DET,33,Indianapolis Colts,IND,35,DET,-7,51,68,0,33,35,-2,DET,1,Home,33,35,-2,7,0
2012-12-09,2012,14,Green Bay Packers,GB,27,Detroit Lions,DET,20,GB,-6.5,49,47,0,27,20,7,DET,0,Away,20,27,-7,-6.5,0
2012-12-16,2012,15,Arizona Cardinals,ARI,38,Detroit Lions,DET,10,DET,-6.5,43.5,48,0,10,38,-28,DET,1,Away,10,38,-28,6.5,0
2012-12-22,2012,16,Detroit Lions,DET,18,Atlanta Falcons,ATL,31,ATL,-4,50.5,49,0,31,18,13,DET,0,Home,18,31,-13,-4,0
2012-12-30,2012,17,Detroit Lions,DET,24,Chicago Bears,CHI,26,CHI,-3,46,50,0,26,24,2,DET,0,Home,24,26,-2,-3,1
2013-09-08,2013,1,Detroit Lions,DET,34,Minnesota Vikings,MIN,24,DET,-4.5,47.5,58,0,34,24,10,DET,1,Home,34,24,10,4.5,1
2013-09-15,2013,2,Arizona Cardinals,ARI,25,Detroit Lions,DET,21,DET,-2,48.5,46,0,21,25,-4,DET,1,Away,21,25,-4,2,0
2013-09-22,2013,3,Washington Redskins,WAS,20,Detroit Lions,DET,27,DET,-1,49.5,47,0,27,20,7,DET,1,Away,27,20,7,1,1
2013-09-29,2013,4,Detroit Lions,DET,40,Chicago Bears,CHI,32,DET,-2.5,49.5,72,0,40,32,8,DET,1,Home,40,32,8,2.5,1
2013-10-06,2013,5,Green Bay Packers,GB,22,Detroit Lions,DET,9,GB,-9.5,55,31,0,22,9,13,DET,0,Away,9,22,-13,-9.5,0
2013-10-13,2013,6,Cleveland Browns,CLE,17,Detroit Lions,DET,31,DET,-2.5,43.5,48,0,31,17,14,DET,1,Away,31,17,14,2.5,1
2013-10-20,2013,7,Detroit Lions,DET,24,Cincinnati Bengals,CIN,27,DET,-1.5,46,51,0,24,27,-3,DET,1,Home,24,27,-3,1.5,0
2013-10-27,2013,8,Detroit Lions,DET,31,Dallas Cowboys,DAL,30,DET,-3,50.5,61,0,31,30,1,DET,1,Home,31,30,1,3,0
2013-11-10,2013,10,Chicago Bears,CHI,19,Detroit Lions,DET,21,DET,-1.5,52,40,0,21,19,2,DET,1,Away,21,19,2,1.5,1
2013-11-17,2013,11,Pittsburgh Steelers,PIT,37,Detroit Lions,DET,27,DET,-3,45,64,0,27,37,-10,DET,1,Away,27,37,-10,3,0
2013-11-24,2013,12,Detroit Lions,DET,21,Tampa Bay Buccaneers,TB,24,DET,-7,48,45,0,21,24,-3,DET,1,Home,21,24,-3,7,0
2013-11-28,2013,13,Detroit Lions,DET,40,Green Bay Packers,GB,10,DET,-6,48.5,50,0,40,10,30,DET,1,Home,40,10,30,6,1
2013-12-08,2013,14,Philadelphia Eagles,PHI,34,Detroit Lions,DET,20,PHI,-2,53.5,54,0,34,20,14,DET,0,Away,20,34,-14,-2,0
2013-12-16,2013,15,Detroit Lions,DET,16,Baltimore Ravens,BAL,18,DET,-5.5,49,34,0,16,18,-2,DET,1,Home,16,18,-2,5.5,0
2013-12-22,2013,16,Detroit Lions,DET,20,New York Giants,NYG,23,DET,-9,48.5,43,0,20,23,-3,DET,1,Home,20,23,-3,9,0
2013-12-29,2013,17,Minnesota Vikings,MIN,14,Detroit Lions,DET,13,DET,-2.5,49.5,27,0,13,14,-1,DET,1,Away,13,14,-1,2.5,0
2014-09-08,2014,1,Detroit Lions,DET,35,New York Giants,NYG,14,DET,-6.5,47,49,0,35,14,21,DET,1,Home,35,14,21,6.5,1
2014-09-14,2014,2,Carolina Panthers,CAR,24,Detroit Lions,DET,7,CAR,-1,43.5,31,0,24,7,17,DET,0,Away,7,24,-17,-1,0
2014-09-21,2014,3,Detroit Lions,DET,19,Green Bay Packers,GB,7,DET,-1.5,52,26,0,19,7,12,DET,1,Home,19,7,12,1.5,1
2014-09-28,2014,4,New York Jets,NYJ,17,Detroit Lions,DET,24,NYJ,-2,44,41,0,17,24,-7,DET,0,Away,24,17,7,-2,1
2014-10-05,2014,5,Detroit Lions,DET,14,Buffalo Bills,BUF,17,DET,-4.5,43.5,31,0,14,17,-3,DET,1,Home,14,17,-3,4.5,0
2014-10-12,2014,6,Minnesota Vikings,MIN,3,Detroit Lions,DET,17,MIN,-1,43,20,0,3,17,-14,DET,0,Away,17,3,14,-1,1
2014-10-19,2014,7,Detroit Lions,DET,24,New Orleans Saints,NO,23,DET,-1.5,46.5,47,0,24,23,1,DET,1,Home,24,23,1,1.5,0
2014-11-09,2014,10,Detroit Lions,DET,20,Miami Dolphins,MIA,16,DET,-3,43,36,0,20,16,4,DET,1,Home,20,16,4,3,1
2014-11-16,2014,11,Arizona Cardinals,ARI,14,Detroit Lions,DET,6,DET,-1,41.5,20,0,6,14,-8,DET,1,Away,6,14,-8,1,0
2014-11-23,2014,12,New England Patriots,NE,34,Detroit Lions,DET,9,NE,-7.5,47.5,43,0,34,9,25,DET,0,Away,9,34,-25,-7.5,0
2014-11-27,2014,13,Detroit Lions,DET,34,Chicago Bears,CHI,17,DET,-7.5,46,51,0,34,17,17,DET,1,Home,34,17,17,7.5,1
2014-12-07,2014,14,Detroit Lions,DET,34,Tampa Bay Buccaneers,TB,17,DET,-10.5,42,51,0,34,17,17,DET,1,Home,34,17,17,10.5,1
2014-12-14,2014,15,Detroit Lions,DET,16,Minnesota Vikings,MIN,14,DET,-8,42,30,0,16,14,2,DET,1,Home,16,14,2,8,0
2014-12-21,2014,16,Chicago Bears,CHI,14,Detroit Lions,DET,20,DET,-10,44.5,34,0,20,14,6,DET,1,Away,20,14,6,10,0
2014-12-28,2014,17,Green Bay Packers,GB,30,Detroit Lions,DET,20,GB,-9,47,50,0,30,20,10,DET,0,Away,20,30,-10,-9,0
2015-09-13,2015,1,San Diego Chargers,LAC,33,Detroit Lions,DET,28,LAC,-3.5,45.5,61,0,33,28,5,DET,0,Away,28,33,-5,-3.5,0
2015-09-20,2015,2,Minnesota Vikings,MIN,26,Detroit Lions,DET,16,MIN,-2.5,44,42,0,26,16,10,DET,0,Away,16,26,-10,-2.5,0
2015-09-27,2015,3,Detroit Lions,DET,12,Denver Broncos,DEN,24,DEN,-3,45,36,0,24,12,12,DET,0,Home,12,24,-12,-3,0
2015-10-05,2015,4,Seattle Seahawks,SEA,13,Detroit Lions,DET,10,SEA,-10,43,23,0,13,10,3,DET,0,Away,10,13,-3,-10,1
2015-10-11,2015,5,Detroit Lions,DET,17,Arizona Cardinals,ARI,42,ARI,-4.5,46,59,0,42,17,25,DET,0,Home,17,42,-25,-4.5,0
2015-10-18,2015,6,Detroit Lions,DET,37,Chicago Bears,CHI,34,DET,-3.5,45.5,71,0,37,34,3,DET,1,Home,37,34,3,3.5,0
2015-10-25,2015,7,Detroit Lions,DET,19,Minnesota Vikings,MIN,28,DET,-1,45,47,0,19,28,-9,DET,1,Home,19,28,-9,1,0
2015-11-15,2015,10,Green Bay Packers,GB,16,Detroit Lions,DET,18,GB,-10.5,50,34,0,16,18,-2,DET,0,Away,18,16,2,-10.5,1
2015-11-22,2015,11,Detroit Lions,DET,18,Oakland Raiders,OAK,13,OAK,-1.5,50,31,0,13,18,-5,DET,0,Home,18,13,5,-1.5,1
2015-11-26,2015,12,Detroit Lions,DET,45,Philadelphia Eagles,PHI,14,DET,-3,47,59,0,45,14,31,DET,1,Home,45,14,31,3,1
2015-12-03,2015,13,Detroit Lions,DET,23,Green Bay Packers,GB,27,GB,-2.5,46.5,50,0,27,23,4,DET,0,Home,23,27,-4,-2.5,0
2015-12-13,2015,14,St. Louis Rams,LAR,21,Detroit Lions,DET,14,DET,-3,41.5,35,0,14,21,-7,DET,1,Away,14,21,-7,3,0
2015-12-21,2015,15,New Orleans Saints,NO,27,Detroit Lions,DET,35,NO,-2.5,52,62,0,27,35,-8,DET,0,Away,35,27,8,-2.5,1
2015-12-27,2015,16,Detroit Lions,DET,32,San Francisco 49ers,SF,17,DET,-9,42.5,49,0,32,17,15,DET,1,Home,32,17,15,9,1
2016-01-03,2015,17,Chicago Bears,CHI,20,Detroit Lions,DET,24,DET,-2.5,45,44,0,24,20,4,DET,1,Away,24,20,4,2.5,1
2016-09-11,2016,1,Indianapolis Colts,IND,35,Detroit Lions,DET,39,IND,-2.5,51.5,74,0,35,39,-4,DET,0,Away,39,35,4,-2.5,1
2016-09-18,2016,2,Detroit Lions,DET,15,Tennessee Titans,TEN,16,DET,-6,48,31,0,15,16,-1,DET,1,Home,15,16,-1,6,0
2016-09-25,2016,3,Green Bay Packers,GB,34,Detroit Lions,DET,27,GB,-6.5,47.5,61,0,34,27,7,DET,0,Away,27,34,-7,-6.5,0
2016-10-02,2016,4,Chicago Bears,CHI,17,Detroit Lions,DET,14,DET,-3,48,31,0,14,17,-3,DET,1,Away,14,17,-3,3,0
2016-10-09,2016,5,Detroit Lions,DET,24,Philadelphia Eagles,PHI,23,PHI,-3.5,46,47,0,23,24,-1,DET,0,Home,24,23,1,-3.5,1
2016-10-16,2016,6,Detroit Lions,DET,31,Los Angeles Rams,LAR,28,DET,-2.5,44,59,0,31,28,3,DET,1,Home,31,28,3,2.5,1
2016-10-23,2016,7,Detroit Lions,DET,20,Washington Redskins,WAS,17,WAS,-1,50,37,0,17,20,-3,DET,0,Home,20,17,3,-1,1
2016-10-30,2016,8,Houston Texans,HOU,20,Detroit Lions,DET,13,HOU,-1,46.5,33,0,20,13,7,DET,0,Away,13,20,-7,-1,0
2016-11-06,2016,9,Minnesota Vikings,MIN,16,Detroit Lions,DET,22,MIN,-4.5,42.5,38,0,16,22,-6,DET,0,Away,22,16,6,-4.5,1
2016-11-20,2016,11,Detroit Lions,DET,26,Jacksonville Jaguars,JAX,19,DET,-5.5,47,45,0,26,19,7,DET,1,Home,26,19,7,5.5,1
2016-11-24,2016,12,Detroit Lions,DET,16,Minnesota Vikings,MIN,13,DET,-1.5,42,29,0,16,13,3,DET,1,Home,16,13,3,1.5,1
2016-12-04,2016,13,New Orleans Saints,NO,13,Detroit Lions,DET,28,NO,-6.5,53.5,41,0,13,28,-15,DET,0,Away,28,13,15,-6.5,1
2016-12-11,2016,14,Detroit Lions,DET,20,Chicago Bears,CHI,17,DET,-7.5,42,37,0,20,17,3,DET,1,Home,20,17,3,7.5,0
2016-12-18,2016,15,New York Giants,NYG,17,Detroit Lions,DET,6,NYG,-4,42.5,23,0,17,6,11,DET,0,Away,6,17,-11,-4,0
2016-12-26,2016,16,Dallas Cowboys,DAL,42,Detroit Lions,DET,21,DAL,-6.5,46.5,63,0,42,21,21,DET,0,Away,21,42,-21,-6.5,0
2017-01-01,2016,17,Detroit Lions,DET,24,Green Bay Packers,GB,31,GB,-3.5,50,55,0,31,24,7,DET,0,Home,24,31,-7,-3.5,0
2017-09-10,2017,1,Detroit Lions,DET,35,Arizona Cardinals,ARI,23,ARI,-2,48,58,0,23,35,-12,DET,0,Home,35,23,12,-2,1
2017-09-18,2017,2,New York Giants,NYG,10,Detroit Lions,DET,24,NYG,-3.5,43.5,34,0,10,24,-14,DET,0,Away,24,10,14,-3.5,1
2017-09-24,2017,3,Detroit Lions,DET,26,Atlanta Falcons,ATL,30,ATL,-3,51,56,0,30,26,4,DET,0,Home,26,30,-4,-3,0
2017-10-01,2017,4,Minnesota Vikings,MIN,7,Detroit Lions,DET,14,MIN,-2,42.5,21,0,7,14,-7,DET,0,Away,14,7,7,-2,1
2017-10-08,2017,5,Detroit Lions,DET,24,Carolina Panthers,CAR,27,DET,-2.5,43.5,51,0,24,27,-3,DET,1,Home,24,27,-3,2.5,0
2017-10-15,2017,6,New Orleans Saints,NO,52,Detroit Lions,DET,38,NO,-4,49.5,90,0,52,38,14,DET,0,Away,38,52,-14,-4,0
2017-10-29,2017,8,Detroit Lions,DET,15,Pittsburgh Steelers,PIT,20,PIT,-3,45.5,35,0,20,15,5,DET,0,Home,15,20,-5,-3,0
2017-11-06,2017,9,Green Bay Packers,GB,17,Detroit Lions,DET,30,DET,-2.5,42.5,47,0,30,17,13,DET,1,Away,30,17,13,2.5,1
2017-11-12,2017,10,Detroit Lions,DET,38,Cleveland Browns,CLE,24,DET,-10.5,42.5,62,0,38,24,14,DET,1,Home,38,24,14,10.5,1
2017-11-19,2017,11,Chicago Bears,CHI,24,Detroit Lions,DET,27,DET,-3,41,51,0,27,24,3,DET,1,Away,27,24,3,3,0
2017-11-23,2017,12,Detroit Lions,DET,23,Minnesota Vikings,MIN,30,MIN,-3,44.5,53,0,30,23,7,DET,0,Home,23,30,-7,-3,0
2017-12-03,2017,13,Baltimore Ravens,BAL,44,Detroit Lions,DET,20,BAL,-3,43.5,64,0,44,20,24,DET,0,Away,20,44,-24,-3,0
2017-12-10,2017,14,Tampa Bay Buccaneers,TB,21,Detroit Lions,DET,24,PICK,0,47.5,45,0,24,21,3,DET,0,Away,24,21,3,0,1
2017-12-16,2017,15,Detroit Lions,DET,20,Chicago Bears,CHI,10,DET,-5,43.5,30,0,20,10,10,DET,1,Home,20,10,10,5,1
2017-12-24,2017,16,Cincinnati Bengals,CIN,26,Detroit Lions,DET,17,DET,-3.5,43.5,43,0,17,26,-9,DET,1,Away,17,26,-9,3.5,0
2017-12-31,2017,17,Detroit Lions,DET,35,Green Bay Packers,GB,11,DET,-7.5,44.5,46,0,35,11,24,DET,1,Home,35,11,24,7.5,1
2018-09-10,2018,1,Detroit Lions,DET,17,New York Jets,NYJ,48,DET,-7,44,65,0,17,48,-31,DET,1,Home,17,48,-31,7,0
2018-09-16,2018,2,San Francisco 49ers,SF,30,Detroit Lions,DET,27,SF,-6,48.5,57,0,30,27,3,DET,0,Away,27,30,-3,-6,1
2018-09-23,2018,3,Detroit Lions,DET,26,New England Patriots,NE,10,NE,-7,55,36,0,10,26,-16,DET,0,Home,26,10,16,-7,1
2018-09-30,2018,4,Dallas Cowboys,DAL,26,Detroit Lions,DET,24,DAL,-2.5,43.5,50,0,26,24,2,DET,0,Away,24,26,-2,-2.5,1
2018-10-07,2018,5,Detroit Lions,DET,31,Green Bay Packers,GB,23,GB,-1,50,54,0,23,31,-8,DET,0,Home,31,23,8,-1,1
2018-10-21,2018,7,Miami Dolphins,MIA,21,Detroit Lions,DET,32,DET,-3,47,53,0,32,21,11,DET,1,Away,32,21,11,3,1
2018-10-28,2018,8,Detroit Lions,DET,14,Seattle Seahawks,SEA,28,DET,-3,48,42,0,14,28,-14,DET,1,Home,14,28,-14,3,0
2018-11-04,2018,9,Minnesota Vikings,MIN,24,Detroit Lions,DET,9,MIN,-4.5,47.5,33,0,24,9,15,DET,0,Away,9,24,-15,-4.5,0
2018-11-11,2018,10,Chicago Bears,CHI,34,Detroit Lions,DET,22,CHI,-7.5,44.5,56,0,34,22,12,DET,0,Away,22,34,-12,-7.5,0
2018-11-18,2018,11,Detroit Lions,DET,20,Carolina Panthers,CAR,19,CAR,-4,48,39,0,19,20,-1,DET,0,Home,20,19,1,-4,1
2018-11-22,2018,12,Detroit Lions,DET,16,Chicago Bears,CHI,23,CHI,-3,43,39,0,23,16,7,DET,0,Home,16,23,-7,-3,0
2018-12-02,2018,13,Detroit Lions,DET,16,Los Angeles Rams,LAR,30,LAR,-10.5,54,46,0,30,16,14,DET,0,Home,16,30,-14,-10.5,0
2018-12-09,2018,14,Arizona Cardinals,ARI,3,Detroit Lions,DET,17,DET,-2.5,40.5,20,0,17,3,14,DET,1,Away,17,3,14,2.5,1
2018-12-16,2018,15,Buffalo Bills,BUF,14,Detroit Lions,DET,13,BUF,-2.5,40,27,0,14,13,1,DET,0,Away,13,14,-1,-2.5,1
2018-12-23,2018,16,Detroit Lions,DET,9,Minnesota Vikings,MIN,27,MIN,-6.5,42.5,36,0,27,9,18,DET,0,Home,9,27,-18,-6.5,0
2018-12-30,2018,17,Green Bay Packers,GB,0,Detroit Lions,DET,31,GB,-7.5,44.5,31,0,0,31,-31,DET,0,Away,31,0,31,-7.5,1
2019-09-08,2019,1,Arizona Cardinals,ARI,27,Detroit Lions,DET,27,DET,-3,45.5,54,0,27,27,0,DET,1,Away,27,27,0,3,0
2019-09-15,2019,2,Detroit Lions,DET,13,Los Angeles Chargers,LAC,10,LAC,-1,46.5,23,0,10,13,-3,DET,0,Home,13,10,3,-1,1
2019-09-22,2019,3,Philadelphia Eagles,PHI,24,Detroit Lions,DET,27,PHI,-4,45,51,0,24,27,-3,DET,0,Away,27,24,3,-4,1
2019-09-29,2019,4,Detroit Lions,DET,30,Kansas City Chiefs,KC,34,KC,-7,54.5,64,0,34,30,4,DET,0,Home,30,34,-4,-7,1
2019-10-14,2019,6,Green Bay Packers,GB,23,Detroit Lions,DET,22,GB,-3.5,47,45,0,23,22,1,DET,0,Away,22,23,-1,-3.5,1
2019-10-20,2019,7,Detroit Lions,DET,30,Minnesota Vikings,MIN,42,MIN,-2.5,43.5,72,0,42,30,12,DET,0,Home,30,42,-12,-2.5,0
2019-10-27,2019,8,Detroit Lions,DET,31,New York Giants,NYG,26,DET,-6.5,49,57,0,31,26,5,DET,1,Home,31,26,5,6.5,0
2019-11-03,2019,9,Oakland Raiders,OAK,31,Detroit Lions,DET,24,OAK,-2.5,51,55,0,31,24,7,DET,0,Away,24,31,-7,-2.5,0
2019-11-10,2019,10,Chicago Bears,CHI,20,Detroit Lions,DET,13,CHI,-6,38,33,0,20,13,7,DET,0,Away,13,20,-7,-6,0
2019-11-17,2019,11,Detroit Lions,DET,27,Dallas Cowboys,DAL,35,DAL,-7,46.5,62,0,35,27,8,DET,0,Home,27,35,-8,-7,0
2019-11-24,2019,12,Washington Redskins,WAS,19,Detroit Lions,DET,16,DET,-4,40,35,0,16,19,-3,DET,1,Away,16,19,-3,4,0
2019-11-28,2019,13,Detroit Lions,DET,20,Chicago Bears,CHI,24,CHI,-5.5,37,44,0,24,20,4,DET,0,Home,20,24,-4,-5.5,1
2019-12-08,2019,14,Minnesota Vikings,MIN,20,Detroit Lions,DET,7,MIN,-11.5,44,27,0,20,7,13,DET,0,Away,7,20,-13,-11.5,0
2019-12-15,2019,15,Detroit Lions,DET,17,Tampa Bay Buccaneers,TB,38,TB,-6,46,55,0,38,17,21,DET,0,Home,17,38,-21,-6,0
2019-12-22,2019,16,Denver Broncos,DEN,27,Detroit Lions,DET,17,DEN,-7.5,40,44,0,27,17,10,DET,0,Away,17,27,-10,-7.5,0
2019-12-29,2019,17,Detroit Lions,DET,20,Green Bay Packers,GB,23,GB,-13,44,43,0,23,20,3,DET,0,Home,20,23,-3,-13,1
2000-09-03,2000,1,Kansas City Chiefs,KC,14,Indianapolis Colts,IND,27,IND,-3.5,44,41,0,27,14,13,IND,1,Away,27,14,13,3.5,1
2000-09-10,2000,2,Indianapolis Colts,IND,31,Oakland Raiders,OAK,38,IND,-6.5,44,69,0,31,38,-7,IND,1,Home,31,38,-7,6.5,0
2000-09-25,2000,4,Indianapolis Colts,IND,43,Jacksonville Jaguars,JAX,14,IND,-3.5,45,57,0,43,14,29,IND,1,Home,43,14,29,3.5,1
2000-10-01,2000,5,Buffalo Bills,BUF,16,Indianapolis Colts,IND,18,BUF,-1.5,44,34,0,16,18,-2,IND,0,Away,18,16,2,-1.5,1
2000-10-08,2000,6,New England Patriots,NE,24,Indianapolis Colts,IND,16,IND,-3.5,43.5,40,0,16,24,-8,IND,1,Away,16,24,-8,3.5,0
2000-10-15,2000,7,Seattle Seahawks,SEA,24,Indianapolis Colts,IND,37,IND,-5.5,44,61,0,37,24,13,IND,1,Away,37,24,13,5.5,1
2000-10-22,2000,8,Indianapolis Colts,IND,30,New England Patriots,NE,23,IND,-8.5,47,53,0,30,23,7,IND,1,Home,30,23,7,8.5,0
2000-10-29,2000,9,Indianapolis Colts,IND,30,Detroit Lions,DET,18,IND,-7,47,48,0,30,18,12,IND,1,Home,30,18,12,7,1
2000-11-05,2000,10,Chicago Bears,CHI,27,Indianapolis Colts,IND,24,IND,-7,45,51,0,24,27,-3,IND,1,Away,24,27,-3,7,0
2000-11-12,2000,11,Indianapolis Colts,IND,23,New York Jets,NYJ,15,IND,-6,52.5,38,0,23,15,8,IND,1,Home,23,15,8,6,1
2000-11-19,2000,12,Green Bay Packers,GB,26,Indianapolis Colts,IND,24,IND,-6,46,50,0,24,26,-2,IND,1,Away,24,26,-2,6,0
2000-11-26,2000,13,Indianapolis Colts,IND,14,Miami Dolphins,MIA,17,IND,-5.5,44.5,31,0,14,17,-3,IND,1,Home,14,17,-3,5.5,0
2000-12-03,2000,14,New York Jets,NYJ,27,Indianapolis Colts,IND,17,NYJ,-2.5,44,44,0,27,17,10,IND,0,Away,17,27,-10,-2.5,0
2000-12-11,2000,15,Indianapolis Colts,IND,44,Buffalo Bills,BUF,20,IND,-6,45,64,0,44,20,24,IND,1,Home,44,20,24,6,1
2000-12-17,2000,16,Miami Dolphins,MIA,13,Indianapolis Colts,IND,20,MIA,-3,42,33,0,13,20,-7,IND,0,Away,20,13,7,-3,1
2000-12-24,2000,17,Indianapolis Colts,IND,31,Minnesota Vikings,MIN,10,IND,-3,53.5,41,0,31,10,21,IND,1,Home,31,10,21,3,1
2001-09-09,2001,1,New York Jets,NYJ,24,Indianapolis Colts,IND,45,IND,-1.5,44.5,69,0,45,24,21,IND,1,Away,45,24,21,1.5,1
2001-09-23,2001,2,Indianapolis Colts,IND,42,Buffalo Bills,BUF,26,IND,-10,44.5,68,0,42,26,16,IND,1,Home,42,26,16,10,1
2001-09-30,2001,3,New England Patriots,NE,44,Indianapolis Colts,IND,13,IND,-11.5,45,57,0,13,44,-31,IND,1,Away,13,44,-31,11.5,0
2001-10-14,2001,5,Indianapolis Colts,IND,18,Oakland Raiders,OAK,23,IND,-3.5,52,41,0,18,23,-5,IND,1,Home,18,23,-5,3.5,0
2001-10-21,2001,6,Indianapolis Colts,IND,17,New England Patriots,NE,38,IND,-10.5,48,55,0,17,38,-21,IND,1,Home,17,38,-21,10.5,0
2001-10-25,2001,7,Kansas City Chiefs,KC,28,Indianapolis Colts,IND,35,IND,-3,47.5,63,0,35,28,7,IND,1,Away,35,28,7,3,1
2001-11-04,2001,8,Buffalo Bills,BUF,14,Indianapolis Colts,IND,30,IND,-3,44.5,44,0,30,14,16,IND,1,Away,30,14,16,3,1
2001-11-11,2001,9,Indianapolis Colts,IND,24,Miami Dolphins,MIA,27,IND,-3,44,51,0,24,27,-3,IND,1,Home,24,27,-3,3,0
2001-11-18,2001,10,New Orleans Saints,NO,34,Indianapolis Colts,IND,20,NO,-5.5,47.5,54,0,34,20,14,IND,0,Away,20,34,-14,-5.5,0
2001-11-25,2001,11,Indianapolis Colts,IND,21,San Francisco 49ers,SF,40,IND,-2.5,52.5,61,0,21,40,-19,IND,1,Home,21,40,-19,2.5,0
2001-12-02,2001,12,Baltimore Ravens,BAL,39,Indianapolis Colts,IND,27,BAL,-7,43,66,0,39,27,12,IND,0,Away,27,39,-12,-7,0
2001-12-10,2001,13,Miami Dolphins,MIA,41,Indianapolis Colts,IND,6,MIA,-5,45,47,0,41,6,35,IND,0,Away,6,41,-35,-5,0
2001-12-16,2001,14,Indianapolis Colts,IND,41,Atlanta Falcons,ATL,27,IND,-4,46.5,68,0,41,27,14,IND,1,Home,41,27,14,4,1
2001-12-23,2001,15,Indianapolis Colts,IND,28,New York Jets,NYJ,29,IND,-1,47,57,0,28,29,-1,IND,1,Home,28,29,-1,1,0
2001-12-30,2001,16,St. Louis Rams,LAR,42,Indianapolis Colts,IND,17,LAR,-13,58.5,59,0,42,17,25,IND,0,Away,17,42,-25,-13,0
2002-01-06,2001,17,Indianapolis Colts,IND,29,Denver Broncos,DEN,10,IND,-2,51,39,0,29,10,19,IND,1,Home,29,10,19,2,1
2002-09-08,2002,1,Jacksonville Jaguars,JAX,25,Indianapolis Colts,IND,28,IND,-3.5,44,53,0,28,25,3,IND,1,Away,28,25,3,3.5,0
2002-09-15,2002,2,Indianapolis Colts,IND,13,Miami Dolphins,MIA,21,PICK,0,47,34,0,21,13,8,IND,0,Home,13,21,-8,0,0
2002-09-22,2002,3,Houston Texans,HOU,3,Indianapolis Colts,IND,23,IND,-10.5,38,26,0,23,3,20,IND,1,Away,23,3,20,10.5,1
2002-10-06,2002,5,Indianapolis Colts,IND,28,Cincinnati Bengals,CIN,21,IND,-13.5,43,49,0,28,21,7,IND,1,Home,28,21,7,13.5,0
2002-10-13,2002,6,Indianapolis Colts,IND,22,Baltimore Ravens,BAL,20,IND,-6.5,42,42,0,22,20,2,IND,1,Home,22,20,2,6.5,0
2002-10-21,2002,7,Pittsburgh Steelers,PIT,28,Indianapolis Colts,IND,10,PIT,-4.5,46,38,0,28,10,18,IND,0,Away,10,28,-18,-4.5,0
2002-10-27,2002,8,Washington Redskins,WAS,26,Indianapolis Colts,IND,21,WAS,-1,46,47,0,26,21,5,IND,0,Away,21,26,-5,-1,0
2002-11-03,2002,9,Indianapolis Colts,IND,15,Tennessee Titans,TEN,23,IND,-3,47,38,0,15,23,-8,IND,1,Home,15,23,-8,3,0
2002-11-10,2002,10,Philadelphia Eagles,PHI,13,Indianapolis Colts,IND,35,PHI,-9.5,41.5,48,0,13,35,-22,IND,0,Away,35,13,22,-9.5,1
2002-11-17,2002,11,Indianapolis Colts,IND,20,Dallas Cowboys,DAL,3,IND,-6.5,39.5,23,0,20,3,17,IND,1,Home,20,3,17,6.5,1
2002-11-24,2002,12,Denver Broncos,DEN,20,Indianapolis Colts,IND,23,DEN,-6,43,43,0,20,23,-3,IND,0,Away,23,20,3,-6,1
2002-12-01,2002,13,Indianapolis Colts,IND,19,Houston Texans,HOU,3,IND,-11.5,39.5,22,0,19,3,16,IND,1,Home,19,3,16,11.5,1
2002-12-08,2002,14,Tennessee Titans,TEN,27,Indianapolis Colts,IND,17,IND,-1,43,44,0,17,27,-10,IND,1,Away,17,27,-10,1,0
2002-12-15,2002,15,Cleveland Browns,CLE,23,Indianapolis Colts,IND,28,IND,-2,41.5,51,0,28,23,5,IND,1,Away,28,23,5,2,1
2002-12-22,2002,16,Indianapolis Colts,IND,27,New York Giants,NYG,44,IND,-4.5,41,71,0,27,44,-17,IND,1,Home,27,44,-17,4.5,0
2002-12-29,2002,17,Indianapolis Colts,IND,20,Jacksonville Jaguars,JAX,13,IND,-8.5,40.5,33,0,20,13,7,IND,1,Home,20,13,7,8.5,0
2003-09-07,2003,1,Cleveland Browns,CLE,6,Indianapolis Colts,IND,9,IND,-2,48,15,0,9,6,3,IND,1,Away,9,6,3,2,1
2003-09-14,2003,2,Indianapolis Colts,IND,33,Tennessee Titans,TEN,7,IND,-2.5,44,40,0,33,7,26,IND,1,Home,33,7,26,2.5,1
2003-09-21,2003,3,Indianapolis Colts,IND,23,Jacksonville Jaguars,JAX,13,IND,-7.5,42,36,0,23,13,10,IND,1,Home,23,13,10,7.5,1
2003-09-28,2003,4,New Orleans Saints,NO,21,Indianapolis Colts,IND,55,IND,-1.5,42,76,0,55,21,34,IND,1,Away,55,21,34,1.5,1
2003-10-06,2003,5,Tampa Bay Buccaneers,TB,35,Indianapolis Colts,IND,38,TB,-4.5,37.5,73,0,35,38,-3,IND,0,Away,38,35,3,-4.5,1
2003-10-12,2003,6,Indianapolis Colts,IND,20,Carolina Panthers,CAR,23,IND,-4,37.5,43,0,20,23,-3,IND,1,Home,20,23,-3,4,0
2003-10-26,2003,8,Indianapolis Colts,IND,30,Houston Texans,HOU,21,IND,-13,44,51,0,30,21,9,IND,1,Home,30,21,9,13,0
2003-11-02,2003,9,Miami Dolphins,MIA,17,Indianapolis Colts,IND,23,MIA,-3,39.5,40,0,17,23,-6,IND,0,Away,23,17,6,-3,1
2003-11-09,2003,10,Jacksonville Jaguars,JAX,28,Indianapolis Colts,IND,23,IND,-6,44,51,0,23,28,-5,IND,1,Away,23,28,-5,6,0
2003-11-16,2003,11,Indianapolis Colts,IND,38,New York Jets,NYJ,31,IND,-6,43.5,69,0,38,31,7,IND,1,Home,38,31,7,6,1
2003-11-23,2003,12,Buffalo Bills,BUF,14,Indianapolis Colts,IND,17,IND,-3,38.5,31,0,17,14,3,IND,1,Away,17,14,3,3,0
2003-11-30,2003,13,Indianapolis Colts,IND,34,New England Patriots,NE,38,IND,-3.5,43.5,72,0,34,38,-4,IND,1,Home,34,38,-4,3.5,0
2003-12-07,2003,14,Tennessee Titans,TEN,27,Indianapolis Colts,IND,29,TEN,-3.5,46.5,56,0,27,29,-2,IND,0,Away,29,27,2,-3.5,1
2003-12-14,2003,15,Indianapolis Colts,IND,38,Atlanta Falcons,ATL,7,IND,-7.5,48,45,0,38,7,31,IND,1,Home,38,7,31,7.5,1
2003-12-21,2003,16,Indianapolis Colts,IND,17,Denver Broncos,DEN,31,IND,-6.5,48.5,48,0,17,31,-14,IND,1,Home,17,31,-14,6.5,0
2003-12-28,2003,17,Houston Texans,HOU,17,Indianapolis Colts,IND,20,IND,-9,46.5,37,0,20,17,3,IND,1,Away,20,17,3,9,0
2004-09-09,2004,1,New England Patriots,NE,27,Indianapolis Colts,IND,24,NE,-3,44.5,51,0,27,24,3,IND,0,Away,24,27,-3,-3,0
2004-09-19,2004,2,Tennessee Titans,TEN,17,Indianapolis Colts,IND,31,IND,-1.5,47,48,0,31,17,14,IND,1,Away,31,17,14,1.5,1
2004-09-26,2004,3,Indianapolis Colts,IND,45,Green Bay Packers,GB,31,IND,-6,50,76,0,45,31,14,IND,1,Home,45,31,14,6,1
2004-10-03,2004,4,Jacksonville Jaguars,JAX,17,Indianapolis Colts,IND,24,IND,-4,42,41,0,24,17,7,IND,1,Away,24,17,7,4,1
2004-10-10,2004,5,Indianapolis Colts,IND,35,Oakland Raiders,OAK,14,IND,-8.5,52,49,0,35,14,21,IND,1,Home,35,14,21,8.5,1
2004-10-24,2004,7,Indianapolis Colts,IND,24,Jacksonville Jaguars,JAX,27,IND,-9,47,51,0,24,27,-3,IND,1,Home,24,27,-3,9,0
2004-10-31,2004,8,Kansas City Chiefs,KC,45,Indianapolis Colts,IND,35,IND,-1,56.5,80,0,35,45,-10,IND,1,Away,35,45,-10,1,0
2004-11-08,2004,9,Indianapolis Colts,IND,31,Minnesota Vikings,MIN,28,IND,-7,58,59,0,31,28,3,IND,1,Home,31,28,3,7,0
2004-11-14,2004,10,Indianapolis Colts,IND,49,Houston Texans,HOU,14,IND,-8.5,54.5,63,0,49,14,35,IND,1,Home,49,14,35,8.5,1
2004-11-21,2004,11,Chicago Bears,CHI,10,Indianapolis Colts,IND,41,IND,-8,44.5,51,0,41,10,31,IND,1,Away,41,10,31,8,1
2004-11-25,2004,12,Detroit Lions,DET,9,Indianapolis Colts,IND,41,IND,-8.5,54,50,0,41,9,32,IND,1,Away,41,9,32,8.5,1
2004-12-05,2004,13,Indianapolis Colts,IND,51,Tennessee Titans,TEN,24,IND,-12,54,75,0,51,24,27,IND,1,Home,51,24,27,12,1
2004-12-12,2004,14,Houston Texans,HOU,14,Indianapolis Colts,IND,23,IND,-10,57,37,0,23,14,9,IND,1,Away,23,14,9,10,0
2004-12-19,2004,15,Indianapolis Colts,IND,20,Baltimore Ravens,BAL,10,IND,-7.5,48.5,30,0,20,10,10,IND,1,Home,20,10,10,7.5,1
2004-12-26,2004,16,Indianapolis Colts,IND,34,San Diego Chargers,LAC,31,IND,-7,56,65,0,34,31,3,IND,1,Home,34,31,3,7,0
2005-01-02,2004,17,Denver Broncos,DEN,33,Indianapolis Colts,IND,14,DEN,-10,44,47,0,33,14,19,IND,0,Away,14,33,-19,-10,0
2005-09-11,2005,1,Baltimore Ravens,BAL,7,Indianapolis Colts,IND,24,IND,-3,47,31,0,24,7,17,IND,1,Away,24,7,17,3,1
2005-09-18,2005,2,Indianapolis Colts,IND,10,Jacksonville Jaguars,JAX,3,IND,-9,46,13,0,10,3,7,IND,1,Home,10,3,7,9,0
2005-09-25,2005,3,Indianapolis Colts,IND,13,Cleveland Browns,CLE,6,IND,-13.5,47,19,0,13,6,7,IND,1,Home,13,6,7,13.5,0
2005-10-02,2005,4,Tennessee Titans,TEN,10,Indianapolis Colts,IND,31,IND,-7,45,41,0,31,10,21,IND,1,Away,31,10,21,7,1
2005-10-09,2005,5,San Francisco 49ers,SF,3,Indianapolis Colts,IND,28,IND,-14,47,31,0,28,3,25,IND,1,Away,28,3,25,14,1
2005-10-17,2005,6,Indianapolis Colts,IND,45,St. Louis Rams,LAR,28,IND,-13,50.5,73,0,45,28,17,IND,1,Home,45,28,17,13,1
2005-10-23,2005,7,Houston Texans,HOU,20,Indianapolis Colts,IND,38,IND,-14.5,44.5,58,0,38,20,18,IND,1,Away,38,20,18,14.5,1
2005-11-07,2005,9,New England Patriots,NE,21,Indianapolis Colts,IND,40,IND,-3,46.5,61,0,40,21,19,IND,1,Away,40,21,19,3,1
2005-11-13,2005,10,Indianapolis Colts,IND,31,Houston Texans,HOU,17,IND,-17,45,48,0,31,17,14,IND,1,Home,31,17,14,17,0
2005-11-20,2005,11,Cincinnati Bengals,CIN,37,Indianapolis Colts,IND,45,IND,-4.5,48.5,82,0,45,37,8,IND,1,Away,45,37,8,4.5,1
2005-11-28,2005,12,Indianapolis Colts,IND,26,Pittsburgh Steelers,PIT,7,IND,-8,47,33,0,26,7,19,IND,1,Home,26,7,19,8,1
2005-12-04,2005,13,Indianapolis Colts,IND,35,Tennessee Titans,TEN,3,IND,-14,47.5,38,0,35,3,32,IND,1,Home,35,3,32,14,1
2005-12-11,2005,14,Jacksonville Jaguars,JAX,18,Indianapolis Colts,IND,26,IND,-7.5,43,44,0,26,18,8,IND,1,Away,26,18,8,7.5,1
2005-12-18,2005,15,Indianapolis Colts,IND,17,San Diego Chargers,LAC,26,IND,-7.5,51,43,0,17,26,-9,IND,1,Home,17,26,-9,7.5,0
2005-12-24,2005,16,Seattle Seahawks,SEA,28,Indianapolis Colts,IND,13,SEA,-7,47,41,0,28,13,15,IND,0,Away,13,28,-15,-7,0
2006-01-01,2005,17,Indianapolis Colts,IND,17,Arizona Cardinals,ARI,13,IND,-6,43.5,30,0,17,13,4,IND,1,Home,17,13,4,6,0
2006-09-10,2006,1,New York Giants,NYG,21,Indianapolis Colts,IND,26,IND,-3,47.5,47,0,26,21,5,IND,1,Away,26,21,5,3,1
2006-09-17,2006,2,Indianapolis Colts,IND,43,Houston Texans,HOU,24,IND,-12.5,47,67,0,43,24,19,IND,1,Home,43,24,19,12.5,1
2006-09-24,2006,3,Indianapolis Colts,IND,21,Jacksonville Jaguars,JAX,14,IND,-6.5,41.5,35,0,21,14,7,IND,1,Home,21,14,7,6.5,1
2006-10-01,2006,4,New York Jets,NYJ,28,Indianapolis Colts,IND,31,IND,-8,46,59,0,31,28,3,IND,1,Away,31,28,3,8,0
2006-10-08,2006,5,Indianapolis Colts,IND,14,Tennessee Titans,TEN,13,IND,-18,47.5,27,0,14,13,1,IND,1,Home,14,13,1,18,0
2006-10-22,2006,7,Indianapolis Colts,IND,36,Washington Redskins,WAS,22,IND,-8.5,47,58,0,36,22,14,IND,1,Home,36,22,14,8.5,1
2006-10-29,2006,8,Denver Broncos,DEN,31,Indianapolis Colts,IND,34,DEN,-3,39.5,65,0,31,34,-3,IND,0,Away,34,31,3,-3,1
2006-11-05,2006,9,New England Patriots,NE,20,Indianapolis Colts,IND,27,NE,-2.5,47.5,47,0,20,27,-7,IND,0,Away,27,20,7,-2.5,1
2006-11-12,2006,10,Indianapolis Colts,IND,17,Buffalo Bills,BUF,16,IND,-12.5,45,33,0,17,16,1,IND,1,Home,17,16,1,12.5,0
2006-11-19,2006,11,Dallas Cowboys,DAL,21,Indianapolis Colts,IND,14,IND,-1,49,35,0,14,21,-7,IND,1,Away,14,21,-7,1,0
2006-11-26,2006,12,Indianapolis Colts,IND,45,Philadelphia Eagles,PHI,21,IND,-9.5,45,66,0,45,21,24,IND,1,Home,45,21,24,9.5,1
2006-12-03,2006,13,Tennessee Titans,TEN,20,Indianapolis Colts,IND,17,IND,-7.5,46.5,37,0,17,20,-3,IND,1,Away,17,20,-3,7.5,0
2006-12-10,2006,14,Jacksonville Jaguars,JAX,44,Indianapolis Colts,IND,17,IND,-1,44,61,0,17,44,-27,IND,1,Away,17,44,-27,1,0
2006-12-18,2006,15,Indianapolis Colts,IND,34,Cincinnati Bengals,CIN,16,IND,-3.5,55,50,0,34,16,18,IND,1,Home,34,16,18,3.5,1
2006-12-24,2006,16,Houston Texans,HOU,27,Indianapolis Colts,IND,24,IND,-9.5,47,51,0,24,27,-3,IND,1,Away,24,27,-3,9.5,0
2006-12-31,2006,17,Indianapolis Colts,IND,27,Miami Dolphins,MIA,22,IND,-9,43.5,49,0,27,22,5,IND,1,Home,27,22,5,9,0
2007-09-06,2007,1,Indianapolis Colts,IND,41,New Orleans Saints,NO,10,IND,-5.5,53.5,51,0,41,10,31,IND,1,Home,41,10,31,5.5,1
2007-09-16,2007,2,Tennessee Titans,TEN,20,Indianapolis Colts,IND,22,IND,-7,46,42,0,22,20,2,IND,1,Away,22,20,2,7,0
2007-09-23,2007,3,Houston Texans,HOU,24,Indianapolis Colts,IND,30,IND,-6.5,46.5,54,0,30,24,6,IND,1,Away,30,24,6,6.5,0
2007-09-30,2007,4,Indianapolis Colts,IND,38,Denver Broncos,DEN,20,IND,-10,46.5,58,0,38,20,18,IND,1,Home,38,20,18,10,1
2007-10-07,2007,5,Indianapolis Colts,IND,33,Tampa Bay Buccaneers,TB,14,IND,-9,45,47,0,33,14,19,IND,1,Home,33,14,19,9,1
2007-10-22,2007,7,Jacksonville Jaguars,JAX,7,Indianapolis Colts,IND,29,IND,-3,45.5,36,0,29,7,22,IND,1,Away,29,7,22,3,1
2007-10-28,2007,8,Carolina Panthers,CAR,7,Indianapolis Colts,IND,31,IND,-6.5,44,38,0,31,7,24,IND,1,Away,31,7,24,6.5,1
2007-11-04,2007,9,Indianapolis Colts,IND,20,New England Patriots,NE,24,NE,-5,56.5,44,0,24,20,4,IND,0,Home,20,24,-4,-5,1
2007-11-11,2007,10,San Diego Chargers,LAC,23,Indianapolis Colts,IND,21,IND,-3.5,47.5,44,0,21,23,-2,IND,1,Away,21,23,-2,3.5,0
2007-11-18,2007,11,Indianapolis Colts,IND,13,Kansas City Chiefs,KC,10,IND,-14.5,41.5,23,0,13,10,3,IND,1,Home,13,10,3,14.5,0
2007-11-22,2007,12,Atlanta Falcons,ATL,13,Indianapolis Colts,IND,31,IND,-14,42.5,44,0,31,13,18,IND,1,Away,31,13,18,14,1
2007-12-02,2007,13,Indianapolis Colts,IND,28,Jacksonville Jaguars,JAX,25,IND,-7,45,53,0,28,25,3,IND,1,Home,28,25,3,7,0
2007-12-09,2007,14,Baltimore Ravens,BAL,20,Indianapolis Colts,IND,44,IND,-9,42,64,0,44,20,24,IND,1,Away,44,20,24,9,1
2007-12-16,2007,15,Oakland Raiders,OAK,14,Indianapolis Colts,IND,21,IND,-10,45,35,0,21,14,7,IND,1,Away,21,14,7,10,0
2007-12-23,2007,16,Indianapolis Colts,IND,38,Houston Texans,HOU,15,IND,-6.5,45,53,0,38,15,23,IND,1,Home,38,15,23,6.5,1
2007-12-30,2007,17,Indianapolis Colts,IND,10,Tennessee Titans,TEN,16,TEN,-4.5,41,26,0,16,10,6,IND,0,Home,10,16,-6,-4.5,0
2008-09-07,2008,1,Indianapolis Colts,IND,13,Chicago Bears,CHI,29,IND,-10,44,42,0,13,29,-16,IND,1,Home,13,29,-16,10,0
2008-09-14,2008,2,Minnesota Vikings,MIN,15,Indianapolis Colts,IND,18,IND,-1,43.5,33,0,18,15,3,IND,1,Away,18,15,3,1,1
2008-09-21,2008,3,Indianapolis Colts,IND,21,Jacksonville Jaguars,JAX,23,IND,-4,42,44,0,21,23,-2,IND,1,Home,21,23,-2,4,0
2008-10-05,2008,5,Houston Texans,HOU,27,Indianapolis Colts,IND,31,IND,-4.5,48.5,58,0,31,27,4,IND,1,Away,31,27,4,4.5,0
2008-10-12,2008,6,Indianapolis Colts,IND,31,Baltimore Ravens,BAL,3,IND,-4,38.5,34,0,31,3,28,IND,1,Home,31,3,28,4,1
2008-10-19,2008,7,Green Bay Packers,GB,34,Indianapolis Colts,IND,14,IND,-2.5,47,48,0,14,34,-20,IND,1,Away,14,34,-20,2.5,0
2008-10-27,2008,8,Tennessee Titans,TEN,31,Indianapolis Colts,IND,21,TEN,-4,41.5,52,0,31,21,10,IND,0,Away,21,31,-10,-4,0
2008-11-02,2008,9,Indianapolis Colts,IND,18,New England Patriots,NE,15,IND,-6.5,44,33,0,18,15,3,IND,1,Home,18,15,3,6.5,0
2008-11-09,2008,10,Pittsburgh Steelers,PIT,20,Indianapolis Colts,IND,24,PIT,-3.5,39,44,0,20,24,-4,IND,0,Away,24,20,4,-3.5,1
2008-11-16,2008,11,Indianapolis Colts,IND,33,Houston Texans,HOU,27,IND,-8,50.5,60,0,33,27,6,IND,1,Home,33,27,6,8,0
2008-11-23,2008,12,San Diego Chargers,LAC,20,Indianapolis Colts,IND,23,LAC,-3,49,43,0,20,23,-3,IND,0,Away,23,20,3,-3,1
2008-11-30,2008,13,Cleveland Browns,CLE,6,Indianapolis Colts,IND,10,IND,-4,44,16,0,10,6,4,IND,1,Away,10,6,4,4,0
2008-12-07,2008,14,Indianapolis Colts,IND,35,Cincinnati Bengals,CIN,3,IND,-13.5,41.5,38,0,35,3,32,IND,1,Home,35,3,32,13.5,1
2008-12-14,2008,15,Indianapolis Colts,IND,31,Detroit Lions,DET,21,IND,-17,45,52,0,31,21,10,IND,1,Home,31,21,10,17,0
2008-12-18,2008,16,Jacksonville Jaguars,JAX,24,Indianapolis Colts,IND,31,IND,-6,44,55,0,31,24,7,IND,1,Away,31,24,7,6,1
2008-12-28,2008,17,Indianapolis Colts,IND,23,Tennessee Titans,TEN,0,TEN,-3,39.5,23,0,0,23,-23,IND,0,Home,23,0,23,-3,1
2009-09-13,2009,1,Indianapolis Colts,IND,14,Jacksonville Jaguars,JAX,12,IND,-6,45,26,0,14,12,2,IND,1,Home,14,12,2,6,0
2009-09-21,2009,2,Miami Dolphins,MIA,23,Indianapolis Colts,IND,27,IND,-3,41,50,0,27,23,4,IND,1,Away,27,23,4,3,1
2009-09-27,2009,3,Arizona Cardinals,ARI,10,Indianapolis Colts,IND,31,ARI,-3,49,41,0,10,31,-21,IND,0,Away,31,10,21,-3,1
2009-10-04,2009,4,Indianapolis Colts,IND,34,Seattle Seahawks,SEA,17,IND,-10.5,43.5,51,0,34,17,17,IND,1,Home,34,17,17,10.5,1
2009-10-11,2009,5,Tennessee Titans,TEN,9,Indianapolis Colts,IND,31,IND,-3.5,44,40,0,31,9,22,IND,1,Away,31,9,22,3.5,1
2009-10-25,2009,7,St. Louis Rams,LAR,6,Indianapolis Colts,IND,42,IND,-14.5,45,48,0,42,6,36,IND,1,Away,42,6,36,14.5,1
2009-11-01,2009,8,Indianapolis Colts,IND,18,San Francisco 49ers,SF,14,IND,-13.5,44.5,32,0,18,14,4,IND,1,Home,18,14,4,13.5,0
2009-11-08,2009,9,Indianapolis Colts,IND,20,Houston Texans,HOU,17,IND,-8.5,49.5,37,0,20,17,3,IND,1,Home,20,17,3,8.5,0
2009-11-15,2009,10,Indianapolis Colts,IND,35,New England Patriots,NE,34,IND,-1.5,48.5,69,0,35,34,1,IND,1,Home,35,34,1,1.5,0
2009-11-22,2009,11,Baltimore Ravens,BAL,15,Indianapolis Colts,IND,17,IND,-1.5,44.5,32,0,17,15,2,IND,1,Away,17,15,2,1.5,1
2009-11-29,2009,12,Houston Texans,HOU,27,Indianapolis Colts,IND,35,IND,-3,48,62,0,35,27,8,IND,1,Away,35,27,8,3,1
2009-12-06,2009,13,Indianapolis Colts,IND,27,Tennessee Titans,TEN,17,IND,-6,47,44,0,27,17,10,IND,1,Home,27,17,10,6,1
2009-12-13,2009,14,Indianapolis Colts,IND,28,Denver Broncos,DEN,16,IND,-6.5,43.5,44,0,28,16,12,IND,1,Home,28,16,12,6.5,1
2009-12-17,2009,15,Jacksonville Jaguars,JAX,31,Indianapolis Colts,IND,35,IND,-3,43.5,66,0,35,31,4,IND,1,Away,35,31,4,3,1
2009-12-27,2009,16,Indianapolis Colts,IND,15,New York Jets,NYJ,29,IND,-3,40.5,44,0,15,29,-14,IND,1,Home,15,29,-14,3,0
2010-01-03,2009,17,Buffalo Bills,BUF,30,Indianapolis Colts,IND,7,BUF,-8,32,37,0,30,7,23,IND,0,Away,7,30,-23,-8,0
2010-09-12,2010,1,Houston Texans,HOU,34,Indianapolis Colts,IND,24,IND,-1,48,58,0,24,34,-10,IND,1,Away,24,34,-10,1,0
2010-09-19,2010,2,Indianapolis Colts,IND,38,New York Giants,NYG,14,IND,-4,48.5,52,0,38,14,24,IND,1,Home,38,14,24,4,1
2010-09-26,2010,3,Denver Broncos,DEN,13,Indianapolis Colts,IND,27,IND,-6,47,40,0,27,13,14,IND,1,Away,27,13,14,6,1
2010-10-03,2010,4,Jacksonville Jaguars,JAX,31,Indianapolis Colts,IND,28,IND,-7,46,59,0,28,31,-3,IND,1,Away,28,31,-3,7,0
2010-10-10,2010,5,Indianapolis Colts,IND,19,Kansas City Chiefs,KC,9,IND,-7.5,46.5,28,0,19,9,10,IND,1,Home,19,9,10,7.5,1
2010-10-17,2010,6,Washington Redskins,WAS,24,Indianapolis Colts,IND,27,IND,-3,45,51,0,27,24,3,IND,1,Away,27,24,3,3,0
2010-11-01,2010,8,Indianapolis Colts,IND,30,Houston Texans,HOU,17,IND,-5.5,51,47,0,30,17,13,IND,1,Home,30,17,13,5.5,1
2010-11-07,2010,9,Philadelphia Eagles,PHI,26,Indianapolis Colts,IND,24,PHI,-3,47,50,0,26,24,2,IND,0,Away,24,26,-2,-3,1
2010-11-14,2010,10,Indianapolis Colts,IND,23,Cincinnati Bengals,CIN,17,IND,-7,47,40,0,23,17,6,IND,1,Home,23,17,6,7,0
2010-11-21,2010,11,New England Patriots,NE,31,Indianapolis Colts,IND,28,NE,-4.5,50,59,0,31,28,3,IND,0,Away,28,31,-3,-4.5,1
2010-11-28,2010,12,Indianapolis Colts,IND,14,San Diego Chargers,LAC,36,IND,-2,51,50,0,14,36,-22,IND,1,Home,14,36,-22,2,0
2010-12-05,2010,13,Indianapolis Colts,IND,35,Dallas Cowboys,DAL,38,IND,-5.5,48,73,0,35,38,-3,IND,1,Home,35,38,-3,5.5,0
2010-12-09,2010,14,Tennessee Titans,TEN,28,Indianapolis Colts,IND,30,IND,-4,44,58,0,30,28,2,IND,1,Away,30,28,2,4,0
2010-12-19,2010,15,Indianapolis Colts,IND,34,Jacksonville Jaguars,JAX,24,IND,-4.5,48,58,0,34,24,10,IND,1,Home,34,24,10,4.5,1
2010-12-26,2010,16,Oakland Raiders,OAK,26,Indianapolis Colts,IND,31,IND,-2.5,47.5,57,0,31,26,5,IND,1,Away,31,26,5,2.5,1
2011-01-02,2010,17,Indianapolis Colts,IND,23,Tennessee Titans,TEN,20,IND,-9.5,48,43,0,23,20,3,IND,1,Home,23,20,3,9.5,0
2011-09-11,2011,1,Houston Texans,HOU,34,Indianapolis Colts,IND,7,HOU,-9,44,41,0,34,7,27,IND,0,Away,7,34,-27,-9,0
2011-09-18,2011,2,Indianapolis Colts,IND,19,Cleveland Browns,CLE,27,CLE,-1.5,39,46,0,27,19,8,IND,0,Home,19,27,-8,-1.5,0
2011-09-25,2011,3,Indianapolis Colts,IND,20,Pittsburgh Steelers,PIT,23,PIT,-11,39.5,43,0,23,20,3,IND,0,Home,20,23,-3,-11,1
2011-10-03,2011,4,Tampa Bay Buccaneers,TB,24,Indianapolis Colts,IND,17,TB,-10,40.5,41,0,24,17,7,IND,0,Away,17,24,-7,-10,1
2011-10-09,2011,5,Indianapolis Colts,IND,24,Kansas City Chiefs,KC,28,IND,-1.5,38,52,0,24,28,-4,IND,1,Home,24,28,-4,1.5,0
2011-10-16,2011,6,Cincinnati Bengals,CIN,27,Indianapolis Colts,IND,17,CIN,-4.5,40.5,44,0,27,17,10,IND,0,Away,17,27,-10,-4.5,0
2011-10-23,2011,7,New Orleans Saints,NO,62,Indianapolis Colts,IND,7,NO,-14,49,69,0,62,7,55,IND,0,Away,7,62,-55,-14,0
2011-10-30,2011,8,Tennessee Titans,TEN,27,Indianapolis Colts,IND,10,TEN,-7.5,43.5,37,0,27,10,17,IND,0,Away,10,27,-17,-7.5,0
2011-11-06,2011,9,Indianapolis Colts,IND,7,Atlanta Falcons,ATL,31,ATL,-7,45.5,38,0,31,7,24,IND,0,Home,7,31,-24,-7,0
2011-11-13,2011,10,Indianapolis Colts,IND,3,Jacksonville Jaguars,JAX,17,JAX,-3,37.5,20,0,17,3,14,IND,0,Home,3,17,-14,-3,0
2011-11-27,2011,12,Indianapolis Colts,IND,19,Carolina Panthers,CAR,27,CAR,-3.5,46.5,46,0,27,19,8,IND,0,Home,19,27,-8,-3.5,0
2011-12-04,2011,13,New England Patriots,NE,31,Indianapolis Colts,IND,24,NE,-20.5,48.5,55,0,31,24,7,IND,0,Away,24,31,-7,-20.5,1
2011-12-11,2011,14,Baltimore Ravens,BAL,24,Indianapolis Colts,IND,10,BAL,-16.5,41.5,34,0,24,10,14,IND,0,Away,10,24,-14,-16.5,1
2011-12-18,2011,15,Indianapolis Colts,IND,27,Tennessee Titans,TEN,13,TEN,-6.5,41.5,40,0,13,27,-14,IND,0,Home,27,13,14,-6.5,1
2011-12-22,2011,16,Indianapolis Colts,IND,19,Houston Texans,HOU,16,HOU,-7,40.5,35,0,16,19,-3,IND,0,Home,19,16,3,-7,1
2012-01-01,2011,17,Jacksonville Jaguars,JAX,19,Indianapolis Colts,IND,13,JAX,-3,37,32,0,19,13,6,IND,0,Away,13,19,-6,-3,0
2012-09-09,2012,1,Chicago Bears,CHI,41,Indianapolis Colts,IND,21,CHI,-10,42.5,62,0,41,21,20,IND,0,Away,21,41,-20,-10,0
2012-09-16,2012,2,Indianapolis Colts,IND,23,Minnesota Vikings,MIN,20,MIN,-3,45.5,43,0,20,23,-3,IND,0,Home,23,20,3,-3,1
2012-09-23,2012,3,Indianapolis Colts,IND,17,Jacksonville Jaguars,JAX,22,IND,-3,42,39,0,17,22,-5,IND,1,Home,17,22,-5,3,0
2012-10-07,2012,5,Indianapolis Colts,IND,30,Green Bay Packers,GB,27,GB,-6.5,49,57,0,27,30,-3,IND,0,Home,30,27,3,-6.5,1
2012-10-14,2012,6,New York Jets,NYJ,35,Indianapolis Colts,IND,9,NYJ,-3,44,44,0,35,9,26,IND,0,Away,9,35,-26,-3,0
2012-10-21,2012,7,Indianapolis Colts,IND,17,Cleveland Browns,CLE,13,IND,-1,46.5,30,0,17,13,4,IND,1,Home,17,13,4,1,1
2012-10-28,2012,8,Tennessee Titans,TEN,13,Indianapolis Colts,IND,19,TEN,-3,47,32,0,13,19,-6,IND,0,Away,19,13,6,-3,1
2012-11-04,2012,9,Indianapolis Colts,IND,23,Miami Dolphins,MIA,20,MIA,-2,43.5,43,0,20,23,-3,IND,0,Home,23,20,3,-2,1
2012-11-08,2012,10,Jacksonville Jaguars,JAX,10,Indianapolis Colts,IND,27,IND,-3.5,43.5,37,0,27,10,17,IND,1,Away,27,10,17,3.5,1
2012-11-18,2012,11,New England Patriots,NE,59,Indianapolis Colts,IND,24,NE,-10,55,83,0,59,24,35,IND,0,Away,24,59,-35,-10,0
2012-11-25,2012,12,Indianapolis Colts,IND,20,Buffalo Bills,BUF,13,IND,-3,51.5,33,0,20,13,7,IND,1,Home,20,13,7,3,1
2012-12-02,2012,13,Detroit Lions,DET,33,Indianapolis Colts,IND,35,DET,-7,51,68,0,33,35,-2,IND,0,Away,35,33,2,-7,1
2012-12-09,2012,14,Indianapolis Colts,IND,27,Tennessee Titans,TEN,23,IND,-4,47,50,0,27,23,4,IND,1,Home,27,23,4,4,0
2012-12-16,2012,15,Houston Texans,HOU,29,Indianapolis Colts,IND,17,HOU,-10.5,48,46,0,29,17,12,IND,0,Away,17,29,-12,-10.5,0
2012-12-23,2012,16,Kansas City Chiefs,KC,13,Indianapolis Colts,IND,20,IND,-6,41.5,33,0,20,13,7,IND,1,Away,20,13,7,6,1
2012-12-30,2012,17,Indianapolis Colts,IND,28,Houston Texans,HOU,16,HOU,-6,47,44,0,16,28,-12,IND,0,Home,28,16,12,-6,1
2013-09-08,2013,1,Indianapolis Colts,IND,21,Oakland Raiders,OAK,17,IND,-11.5,45.5,38,0,21,17,4,IND,1,Home,21,17,4,11.5,0
2013-09-15,2013,2,Indianapolis Colts,IND,20,Miami Dolphins,MIA,24,IND,-3,44,44,0,20,24,-4,IND,1,Home,20,24,-4,3,0
2013-09-22,2013,3,San Francisco 49ers,SF,7,Indianapolis Colts,IND,27,SF,-10,47,34,0,7,27,-20,IND,0,Away,27,7,20,-10,1
2013-09-29,2013,4,Jacksonville Jaguars,JAX,3,Indianapolis Colts,IND,37,IND,-9.5,42.5,40,0,37,3,34,IND,1,Away,37,3,34,9.5,1
2013-10-06,2013,5,Indianapolis Colts,IND,34,Seattle Seahawks,SEA,28,SEA,-3,44,62,0,28,34,-6,IND,0,Home,34,28,6,-3,1
2013-10-14,2013,6,San Diego Chargers,LAC,19,Indianapolis Colts,IND,9,PICK,0,50.5,28,0,9,19,-10,IND,0,Away,9,19,-10,0,0
2013-10-20,2013,7,Indianapolis Colts,IND,39,Denver Broncos,DEN,33,DEN,-6,55.5,72,0,33,39,-6,IND,0,Home,39,33,6,-6,1
2013-11-03,2013,9,Houston Texans,HOU,24,Indianapolis Colts,IND,27,IND,-1,44,51,0,27,24,3,IND,1,Away,27,24,3,1,1
2013-11-10,2013,10,Indianapolis Colts,IND,8,St. Louis Rams,LAR,38,IND,-7,43,46,0,8,38,-30,IND,1,Home,8,38,-30,7,0
2013-11-14,2013,11,Tennessee Titans,TEN,27,Indianapolis Colts,IND,30,IND,-3,42,57,0,30,27,3,IND,1,Away,30,27,3,3,0
2013-11-24,2013,12,Arizona Cardinals,ARI,40,Indianapolis Colts,IND,11,ARI,-3,44.5,51,0,40,11,29,IND,0,Away,11,40,-29,-3,0
2013-12-01,2013,13,Indianapolis Colts,IND,22,Tennessee Titans,TEN,14,IND,-3.5,46,36,0,22,14,8,IND,1,Home,22,14,8,3.5,1
2013-12-08,2013,14,Cincinnati Bengals,CIN,42,Indianapolis Colts,IND,28,CIN,-7,43.5,70,0,42,28,14,IND,0,Away,28,42,-14,-7,0
2013-12-15,2013,15,Indianapolis Colts,IND,25,Houston Texans,HOU,3,IND,-6,47,28,0,25,3,22,IND,1,Home,25,3,22,6,1
2013-12-22,2013,16,Kansas City Chiefs,KC,7,Indianapolis Colts,IND,23,KC,-7,46.5,30,0,7,23,-16,IND,0,Away,23,7,16,-7,1
2013-12-29,2013,17,Indianapolis Colts,IND,30,Jacksonville Jaguars,JAX,10,IND,-11.5,45,40,0,30,10,20,IND,1,Home,30,10,20,11.5,1
2014-09-07,2014,1,Denver Broncos,DEN,31,Indianapolis Colts,IND,24,DEN,-8,55,55,0,31,24,7,IND,0,Away,24,31,-7,-8,1
2014-09-15,2014,2,Indianapolis Colts,IND,27,Philadelphia Eagles,PHI,30,IND,-3,54,57,0,27,30,-3,IND,1,Home,27,30,-3,3,0
2014-09-21,2014,3,Jacksonville Jaguars,JAX,17,Indianapolis Colts,IND,44,IND,-6,45,61,0,44,17,27,IND,1,Away,44,17,27,6,1
2014-09-28,2014,4,Indianapolis Colts,IND,41,Tennessee Titans,TEN,17,IND,-7.5,46,58,0,41,17,24,IND,1,Home,41,17,24,7.5,1
2014-10-05,2014,5,Indianapolis Colts,IND,20,Baltimore Ravens,BAL,13,IND,-2.5,49.5,33,0,20,13,7,IND,1,Home,20,13,7,2.5,1
2014-10-09,2014,6,Houston Texans,HOU,28,Indianapolis Colts,IND,33,IND,-2.5,46,61,0,33,28,5,IND,1,Away,33,28,5,2.5,1
2014-10-19,2014,7,Indianapolis Colts,IND,27,Cincinnati Bengals,CIN,0,IND,-3,50.5,27,0,27,0,27,IND,1,Home,27,0,27,3,1
2014-10-26,2014,8,Pittsburgh Steelers,PIT,51,Indianapolis Colts,IND,34,IND,-5,48.5,85,0,34,51,-17,IND,1,Away,34,51,-17,5,0
2014-11-03,2014,9,New York Giants,NYG,24,Indianapolis Colts,IND,40,IND,-3,51.5,64,0,40,24,16,IND,1,Away,40,24,16,3,1
2014-11-16,2014,11,Indianapolis Colts,IND,20,New England Patriots,NE,42,IND,-3,59,62,0,20,42,-22,IND,1,Home,20,42,-22,3,0
2014-11-23,2014,12,Indianapolis Colts,IND,23,Jacksonville Jaguars,JAX,3,IND,-13,49.5,26,0,23,3,20,IND,1,Home,23,3,20,13,1
2014-11-30,2014,13,Indianapolis Colts,IND,49,Washington Redskins,WAS,27,IND,-7.5,49,76,0,49,27,22,IND,1,Home,49,27,22,7.5,1
2014-12-07,2014,14,Cleveland Browns,CLE,24,Indianapolis Colts,IND,25,IND,-3,50,49,0,25,24,1,IND,1,Away,25,24,1,3,0
2014-12-14,2014,15,Indianapolis Colts,IND,17,Houston Texans,HOU,10,IND,-7,49,27,0,17,10,7,IND,1,Home,17,10,7,7,0
2014-12-21,2014,16,Dallas Cowboys,DAL,42,Indianapolis Colts,IND,7,DAL,-3.5,53.5,49,0,42,7,35,IND,0,Away,7,42,-35,-3.5,0
2014-12-28,2014,17,Tennessee Titans,TEN,10,Indianapolis Colts,IND,27,IND,-7.5,46.5,37,0,27,10,17,IND,1,Away,27,10,17,7.5,1
2015-09-13,2015,1,Buffalo Bills,BUF,27,Indianapolis Colts,IND,14,IND,-1,44.5,41,0,14,27,-13,IND,1,Away,14,27,-13,1,0
2015-09-21,2015,2,Indianapolis Colts,IND,7,New York Jets,NYJ,20,IND,-6,46,27,0,7,20,-13,IND,1,Home,7,20,-13,6,0
2015-09-27,2015,3,Tennessee Titans,TEN,33,Indianapolis Colts,IND,35,IND,-3.5,46.5,68,0,35,33,2,IND,1,Away,35,33,2,3.5,0
2015-10-04,2015,4,Indianapolis Colts,IND,16,Jacksonville Jaguars,JAX,13,IND,-4,43.5,29,0,16,13,3,IND,1,Home,16,13,3,4,0
2015-10-08,2015,5,Houston Texans,HOU,20,Indianapolis Colts,IND,27,HOU,-5,41,47,0,20,27,-7,IND,0,Away,27,20,7,-5,1
2015-10-18,2015,6,Indianapolis Colts,IND,27,New England Patriots,NE,34,NE,-9,54,61,0,34,27,7,IND,0,Home,27,34,-7,-9,1
2015-10-25,2015,7,Indianapolis Colts,IND,21,New Orleans Saints,NO,27,IND,-5,53,48,0,21,27,-6,IND,1,Home,21,27,-6,5,0
2015-11-02,2015,8,Carolina Panthers,CAR,29,Indianapolis Colts,IND,26,CAR,-5.5,45.5,55,0,29,26,3,IND,0,Away,26,29,-3,-5.5,1
2015-11-08,2015,9,Indianapolis Colts,IND,27,Denver Broncos,DEN,24,DEN,-3.5,45.5,51,0,24,27,-3,IND,0,Home,27,24,3,-3.5,1
2015-11-22,2015,11,Atlanta Falcons,ATL,21,Indianapolis Colts,IND,24,ATL,-3.5,47.5,45,0,21,24,-3,IND,0,Away,24,21,3,-3.5,1
2015-11-29,2015,12,Indianapolis Colts,IND,25,Tampa Bay Buccaneers,TB,12,IND,-3,46.5,37,0,25,12,13,IND,1,Home,25,12,13,3,1
2015-12-06,2015,13,Pittsburgh Steelers,PIT,45,Indianapolis Colts,IND,10,PIT,-9.5,50.5,55,0,45,10,35,IND,0,Away,10,45,-35,-9.5,0
2015-12-13,2015,14,Jacksonville Jaguars,JAX,51,Indianapolis Colts,IND,16,JAX,-1,46,67,0,51,16,35,IND,0,Away,16,51,-35,-1,0
2015-12-20,2015,15,Indianapolis Colts,IND,10,Houston Texans,HOU,16,IND,-2,41.5,26,0,10,16,-6,IND,1,Home,10,16,-6,2,0
2015-12-27,2015,16,Miami Dolphins,MIA,12,Indianapolis Colts,IND,18,MIA,-2.5,44,30,0,12,18,-6,IND,0,Away,18,12,6,-2.5,1
2016-01-03,2015,17,Indianapolis Colts,IND,30,Tennessee Titans,TEN,24,IND,-4,39,54,0,30,24,6,IND,1,Home,30,24,6,4,1
2016-09-11,2016,1,Indianapolis Colts,IND,35,Detroit Lions,DET,39,IND,-2.5,51.5,74,0,35,39,-4,IND,1,Home,35,39,-4,2.5,0
2016-09-18,2016,2,Denver Broncos,DEN,34,Indianapolis Colts,IND,20,DEN,-6,47,54,0,34,20,14,IND,0,Away,20,34,-14,-6,0
2016-09-25,2016,3,Indianapolis Colts,IND,26,San Diego Chargers,LAC,22,IND,-1.5,51.5,48,0,26,22,4,IND,1,Home,26,22,4,1.5,1
2016-10-09,2016,5,Indianapolis Colts,IND,29,Chicago Bears,CHI,23,IND,-4,47.5,52,0,29,23,6,IND,1,Home,29,23,6,4,1
2016-10-16,2016,6,Houston Texans,HOU,26,Indianapolis Colts,IND,23,HOU,-3,47.5,49,0,26,23,3,IND,0,Away,23,26,-3,-3,0
2016-10-23,2016,7,Tennessee Titans,TEN,26,Indianapolis Colts,IND,34,TEN,-4,48,60,0,26,34,-8,IND,0,Away,34,26,8,-4,1
2016-10-30,2016,8,Indianapolis Colts,IND,14,Kansas City Chiefs,KC,30,KC,-3,50.5,44,0,30,14,16,IND,0,Home,14,30,-16,-3,0
2016-11-06,2016,9,Green Bay Packers,GB,26,Indianapolis Colts,IND,31,GB,-7.5,52,57,0,26,31,-5,IND,0,Away,31,26,5,-7.5,1
2016-11-20,2016,11,Indianapolis Colts,IND,24,Tennessee Titans,TEN,17,IND,-3,54,41,0,24,17,7,IND,1,Home,24,17,7,3,1
2016-11-24,2016,12,Indianapolis Colts,IND,7,Pittsburgh Steelers,PIT,28,PIT,-8.5,49.5,35,0,28,7,21,IND,0,Home,7,28,-21,-8.5,0
2016-12-05,2016,13,New York Jets,NYJ,10,Indianapolis Colts,IND,41,NYJ,-1,48.5,51,0,10,41,-31,IND,0,Away,41,10,31,-1,1
2016-12-11,2016,14,Indianapolis Colts,IND,17,Houston Texans,HOU,22,IND,-6.5,47.5,39,0,17,22,-5,IND,1,Home,17,22,-5,6.5,0
2016-12-18,2016,15,Minnesota Vikings,MIN,6,Indianapolis Colts,IND,34,MIN,-5,44.5,40,0,6,34,-28,IND,0,Away,34,6,28,-5,1
2016-12-24,2016,16,Oakland Raiders,OAK,33,Indianapolis Colts,IND,25,OAK,-3.5,52,58,0,33,25,8,IND,0,Away,25,33,-8,-3.5,0
2017-01-01,2016,17,Indianapolis Colts,IND,24,Jacksonville Jaguars,JAX,20,IND,-5.5,48.5,44,0,24,20,4,IND,1,Home,24,20,4,5.5,0
2017-09-10,2017,1,Los Angeles Rams,LAR,46,Indianapolis Colts,IND,9,IND,-1.5,41.5,55,0,9,46,-37,IND,1,Away,9,46,-37,1.5,0
2017-09-17,2017,2,Indianapolis Colts,IND,13,Arizona Cardinals,ARI,16,ARI,-7.5,44.5,29,0,16,13,3,IND,0,Home,13,16,-3,-7.5,1
2017-09-24,2017,3,Indianapolis Colts,IND,31,Cleveland Browns,CLE,28,CLE,-1,42,59,0,28,31,-3,IND,0,Home,31,28,3,-1,1
2017-10-01,2017,4,Seattle Seahawks,SEA,46,Indianapolis Colts,IND,17,SEA,-13,41.5,63,0,46,17,29,IND,0,Away,17,46,-29,-13,0
2017-10-08,2017,5,Indianapolis Colts,IND,26,San Francisco 49ers,SF,23,IND,-1.5,44,49,0,26,23,3,IND,1,Home,26,23,3,1.5,1
2017-10-16,2017,6,Tennessee Titans,TEN,36,Indianapolis Colts,IND,22,TEN,-7,46,58,0,36,22,14,IND,0,Away,22,36,-14,-7,0
2017-10-22,2017,7,Indianapolis Colts,IND,0,Jacksonville Jaguars,JAX,27,JAX,-3,41.5,27,0,27,0,27,IND,0,Home,0,27,-27,-3,0
2017-10-29,2017,8,Cincinnati Bengals,CIN,24,Indianapolis Colts,IND,23,CIN,-11,41.5,47,0,24,23,1,IND,0,Away,23,24,-1,-11,1
2017-11-05,2017,9,Houston Texans,HOU,14,Indianapolis Colts,IND,20,HOU,-6,45,34,0,14,20,-6,IND,0,Away,20,14,6,-6,1
2017-11-12,2017,10,Indianapolis Colts,IND,17,Pittsburgh Steelers,PIT,20,PIT,-10.5,47,37,0,20,17,3,IND,0,Home,17,20,-3,-10.5,1
2017-11-26,2017,12,Indianapolis Colts,IND,16,Tennessee Titans,TEN,20,TEN,-3.5,44,36,0,20,16,4,IND,0,Home,16,20,-4,-3.5,0
2017-12-03,2017,13,Jacksonville Jaguars,JAX,30,Indianapolis Colts,IND,10,JAX,-9.5,41,40,0,30,10,20,IND,0,Away,10,30,-20,-9.5,0
2017-12-10,2017,14,Buffalo Bills,BUF,13,Indianapolis Colts,IND,7,BUF,-3.5,36.5,20,0,13,7,6,IND,0,Away,7,13,-6,-3.5,0
2017-12-14,2017,15,Indianapolis Colts,IND,13,Denver Broncos,DEN,25,DEN,-3,40.5,38,0,25,13,12,IND,0,Home,13,25,-12,-3,0
2017-12-23,2017,16,Baltimore Ravens,BAL,23,Indianapolis Colts,IND,16,BAL,-13.5,41,39,0,23,16,7,IND,0,Away,16,23,-7,-13.5,1
2017-12-31,2017,17,Indianapolis Colts,IND,22,Houston Texans,HOU,13,IND,-5.5,41.5,35,0,22,13,9,IND,1,Home,22,13,9,5.5,1
2018-09-09,2018,1,Indianapolis Colts,IND,23,Cincinnati Bengals,CIN,34,CIN,-1,47.5,57,0,34,23,11,IND,0,Home,23,34,-11,-1,0
2018-09-16,2018,2,Washington Redskins,WAS,9,Indianapolis Colts,IND,21,WAS,-6,48,30,0,9,21,-12,IND,0,Away,21,9,12,-6,1
2018-09-23,2018,3,Philadelphia Eagles,PHI,20,Indianapolis Colts,IND,16,PHI,-6.5,45.5,36,0,20,16,4,IND,0,Away,16,20,-4,-6.5,1
2018-09-30,2018,4,Indianapolis Colts,IND,34,Houston Texans,HOU,37,IND,-1,48,71,0,34,37,-3,IND,1,Home,34,37,-3,1,0
2018-10-04,2018,5,New England Patriots,NE,38,Indianapolis Colts,IND,24,NE,-10.5,49.5,62,0,38,24,14,IND,0,Away,24,38,-14,-10.5,0
2018-10-14,2018,6,New York Jets,NYJ,42,Indianapolis Colts,IND,34,NYJ,-2.5,47.5,76,0,42,34,8,IND,0,Away,34,42,-8,-2.5,0
2018-10-21,2018,7,Indianapolis Colts,IND,37,Buffalo Bills,BUF,5,IND,-7,43.5,42,0,37,5,32,IND,1,Home,37,5,32,7,1
2018-10-28,2018,8,Oakland Raiders,OAK,28,Indianapolis Colts,IND,42,IND,-3.5,51,70,0,42,28,14,IND,1,Away,42,28,14,3.5,1
2018-11-11,2018,10,Indianapolis Colts,IND,29,Jacksonville Jaguars,JAX,26,IND,-3,48,55,0,29,26,3,IND,1,Home,29,26,3,3,0
2018-11-18,2018,11,Indianapolis Colts,IND,38,Tennessee Titans,TEN,10,IND,-1,50,48,0,38,10,28,IND,1,Home,38,10,28,1,1
2018-11-25,2018,12,Indianapolis Colts,IND,27,Miami Dolphins,MIA,24,IND,-9,52.5,51,0,27,24,3,IND,1,Home,27,24,3,9,0
2018-12-02,2018,13,Jacksonville Jaguars,JAX,6,Indianapolis Colts,IND,0,IND,-4,45.5,6,0,0,6,-6,IND,1,Away,0,6,-6,4,0
2018-12-09,2018,14,Houston Texans,HOU,21,Indianapolis Colts,IND,24,HOU,-4,49,45,0,21,24,-3,IND,0,Away,24,21,3,-4,1
2018-12-16,2018,15,Indianapolis Colts,IND,23,Dallas Cowboys,DAL,0,IND,-3,46.5,23,0,23,0,23,IND,1,Home,23,0,23,3,1
2018-12-23,2018,16,Indianapolis Colts,IND,28,New York Giants,NYG,27,IND,-10,48.5,55,0,28,27,1,IND,1,Home,28,27,1,10,0
2018-12-30,2018,17,Tennessee Titans,TEN,17,Indianapolis Colts,IND,33,IND,-5.5,42.5,50,0,33,17,16,IND,1,Away,33,17,16,5.5,1
2019-09-08,2019,1,Los Angeles Chargers,LAC,30,Indianapolis Colts,IND,24,LAC,-6,44.5,54,0,30,24,6,IND,0,Away,24,30,-6,-6,0
2019-09-15,2019,2,Tennessee Titans,TEN,17,Indianapolis Colts,IND,19,TEN,-3.5,43.5,36,0,17,19,-2,IND,0,Away,19,17,2,-3.5,1
2019-09-22,2019,3,Indianapolis Colts,IND,27,Atlanta Falcons,ATL,24,IND,-1.5,48,51,0,27,24,3,IND,1,Home,27,24,3,1.5,1
2019-09-29,2019,4,Indianapolis Colts,IND,24,Oakland Raiders,OAK,31,IND,-6,46.5,55,0,24,31,-7,IND,1,Home,24,31,-7,6,0
2019-10-06,2019,5,Kansas City Chiefs,KC,13,Indianapolis Colts,IND,19,KC,-10.5,55.5,32,0,13,19,-6,IND,0,Away,19,13,6,-10.5,1
2019-10-20,2019,7,Indianapolis Colts,IND,30,Houston Texans,HOU,23,IND,-1,46.5,53,0,30,23,7,IND,1,Home,30,23,7,1,1
2019-10-27,2019,8,Indianapolis Colts,IND,15,Denver Broncos,DEN,13,IND,-6,42,28,0,15,13,2,IND,1,Home,15,13,2,6,0
2019-11-03,2019,9,Pittsburgh Steelers,PIT,26,Indianapolis Colts,IND,24,PIT,-1,40,50,0,26,24,2,IND,0,Away,24,26,-2,-1,0
2019-11-10,2019,10,Indianapolis Colts,IND,12,Miami Dolphins,MIA,16,IND,-11,44,28,0,12,16,-4,IND,1,Home,12,16,-4,11,0
2019-11-17,2019,11,Indianapolis Colts,IND,33,Jacksonville Jaguars,JAX,13,IND,-2.5,41.5,46,0,33,13,20,IND,1,Home,33,13,20,2.5,1
2019-11-21,2019,12,Houston Texans,HOU,20,Indianapolis Colts,IND,17,HOU,-3.5,46,37,0,20,17,3,IND,0,Away,17,20,-3,-3.5,1
2019-12-01,2019,13,Indianapolis Colts,IND,17,Tennessee Titans,TEN,31,TEN,-1,41.5,48,0,31,17,14,IND,0,Home,17,31,-14,-1,0
2019-12-08,2019,14,Tampa Bay Buccaneers,TB,38,Indianapolis Colts,IND,35,TB,-3,46.5,73,0,38,35,3,IND,0,Away,35,38,-3,-3,0
2019-12-16,2019,15,New Orleans Saints,NO,34,Indianapolis Colts,IND,7,NO,-8.5,49,41,0,34,7,27,IND,0,Away,7,34,-27,-8.5,0
2019-12-22,2019,16,Indianapolis Colts,IND,38,Carolina Panthers,CAR,6,IND,-7,46.5,44,0,38,6,32,IND,1,Home,38,6,32,7,1
2019-12-29,2019,17,Jacksonville Jaguars,JAX,38,Indianapolis Colts,IND,20,IND,-5.5,41.5,58,0,20,38,-18,IND,1,Away,20,38,-18,5.5,0
2000-09-03,2000,1,Dallas Cowboys,DAL,14,Philadelphia Eagles,PHI,41,DAL,-6,39.5,55,0,14,41,-27,PHI,0,Away,41,14,27,-6,1
2000-09-10,2000,2,Philadelphia Eagles,PHI,18,New York Giants,NYG,33,PHI,-3,39.5,51,0,18,33,-15,PHI,1,Home,18,33,-15,3,0
2000-09-17,2000,3,Green Bay Packers,GB,6,Philadelphia Eagles,PHI,3,GB,-4,42.5,9,0,6,3,3,PHI,0,Away,3,6,-3,-4,1
2000-09-24,2000,4,New Orleans Saints,NO,7,Philadelphia Eagles,PHI,21,NO,-1.5,38,28,0,7,21,-14,PHI,0,Away,21,7,14,-1.5,1
2000-10-01,2000,5,Philadelphia Eagles,PHI,38,Atlanta Falcons,ATL,10,PHI,-3,41.5,48,0,38,10,28,PHI,1,Home,38,10,28,3,1
2000-10-08,2000,6,Philadelphia Eagles,PHI,14,Washington Redskins,WAS,17,WAS,-3.5,37.5,31,0,17,14,3,PHI,0,Home,14,17,-3,-3.5,1
2000-10-15,2000,7,Arizona Cardinals,ARI,14,Philadelphia Eagles,PHI,33,PHI,-2.5,39,47,0,33,14,19,PHI,1,Away,33,14,19,2.5,1
2000-10-22,2000,8,Philadelphia Eagles,PHI,13,Chicago Bears,CHI,9,PHI,-6.5,41,22,0,13,9,4,PHI,1,Home,13,9,4,6.5,0
2000-10-29,2000,9,New York Giants,NYG,24,Philadelphia Eagles,PHI,7,NYG,-3.5,37,31,0,24,7,17,PHI,0,Away,7,24,-17,-3.5,0
2000-11-05,2000,10,Philadelphia Eagles,PHI,16,Dallas Cowboys,DAL,13,PHI,-3,40,29,0,16,13,3,PHI,1,Home,16,13,3,3,0
2000-11-12,2000,11,Pittsburgh Steelers,PIT,23,Philadelphia Eagles,PHI,26,PIT,-3.5,33,49,0,23,26,-3,PHI,0,Away,26,23,3,-3.5,1
2000-11-19,2000,12,Philadelphia Eagles,PHI,34,Arizona Cardinals,ARI,9,PHI,-7,38,43,0,34,9,25,PHI,1,Home,34,9,25,7,1
2000-11-26,2000,13,Washington Redskins,WAS,20,Philadelphia Eagles,PHI,23,WAS,-7,37,43,0,20,23,-3,PHI,0,Away,23,20,3,-7,1
2000-12-03,2000,14,Philadelphia Eagles,PHI,13,Tennessee Titans,TEN,15,TEN,-3,36.5,28,0,15,13,2,PHI,0,Home,13,15,-2,-3,1
2000-12-10,2000,15,Cleveland Browns,CLE,24,Philadelphia Eagles,PHI,35,PHI,-14,35.5,59,0,35,24,11,PHI,1,Away,35,24,11,14,0
2000-12-24,2000,17,Philadelphia Eagles,PHI,16,Cincinnati Bengals,CIN,7,PHI,-10.5,35,23,0,16,7,9,PHI,1,Home,16,7,9,10.5,0
2001-09-09,2001,1,Philadelphia Eagles,PHI,17,St. Louis Rams,LAR,20,LAR,-3,46,37,0,20,17,3,PHI,0,Home,17,20,-3,-3,0
2001-09-23,2001,2,Seattle Seahawks,SEA,3,Philadelphia Eagles,PHI,27,PHI,-2.5,37,30,0,27,3,24,PHI,1,Away,27,3,24,2.5,1
2001-09-30,2001,3,Philadelphia Eagles,PHI,40,Dallas Cowboys,DAL,18,PHI,-13.5,34.5,58,0,40,18,22,PHI,1,Home,40,18,22,13.5,1
2001-10-07,2001,4,Philadelphia Eagles,PHI,20,Arizona Cardinals,ARI,21,PHI,-14.5,41,41,0,20,21,-1,PHI,1,Home,20,21,-1,14.5,0
2001-10-22,2001,6,New York Giants,NYG,9,Philadelphia Eagles,PHI,10,NYG,-3,35.5,19,0,9,10,-1,PHI,0,Away,10,9,1,-3,1
2001-10-28,2001,7,Philadelphia Eagles,PHI,10,Oakland Raiders,OAK,20,PHI,-1,39,30,0,10,20,-10,PHI,1,Home,10,20,-10,1,0
2001-11-04,2001,8,Arizona Cardinals,ARI,7,Philadelphia Eagles,PHI,21,PHI,-7,39.5,28,0,21,7,14,PHI,1,Away,21,7,14,7,1
2001-11-11,2001,9,Philadelphia Eagles,PHI,48,Minnesota Vikings,MIN,17,PHI,-4.5,41,65,0,48,17,31,PHI,1,Home,48,17,31,4.5,1
2001-11-18,2001,10,Dallas Cowboys,DAL,3,Philadelphia Eagles,PHI,36,PHI,-7,37,39,0,36,3,33,PHI,1,Away,36,3,33,7,1
2001-11-25,2001,11,Philadelphia Eagles,PHI,3,Washington Redskins,WAS,13,PHI,-8,37.5,16,0,3,13,-10,PHI,1,Home,3,13,-10,8,0
2001-11-29,2001,12,Kansas City Chiefs,KC,10,Philadelphia Eagles,PHI,23,PHI,-3,37,33,0,23,10,13,PHI,1,Away,23,10,13,3,1
2001-12-09,2001,13,Philadelphia Eagles,PHI,24,San Diego Chargers,LAC,14,PHI,-7,37.5,38,0,24,14,10,PHI,1,Home,24,14,10,7,1
2001-12-16,2001,14,Washington Redskins,WAS,6,Philadelphia Eagles,PHI,20,PHI,-2.5,34.5,26,0,20,6,14,PHI,1,Away,20,6,14,2.5,1
2001-12-22,2001,15,San Francisco 49ers,SF,13,Philadelphia Eagles,PHI,3,SF,-3,40,16,0,13,3,10,PHI,0,Away,3,13,-10,-3,0
2001-12-30,2001,16,Philadelphia Eagles,PHI,24,New York Giants,NYG,21,PHI,-5,34.5,45,0,24,21,3,PHI,1,Home,24,21,3,5,0
2002-01-06,2001,17,Tampa Bay Buccaneers,TB,13,Philadelphia Eagles,PHI,17,TB,-3,33,30,0,13,17,-4,PHI,0,Away,17,13,4,-3,1
2002-09-08,2002,1,Tennessee Titans,TEN,27,Philadelphia Eagles,PHI,24,TEN,-2,37,51,0,27,24,3,PHI,0,Away,24,27,-3,-2,0
2002-09-16,2002,2,Washington Redskins,WAS,7,Philadelphia Eagles,PHI,37,PHI,-3,44,44,0,37,7,30,PHI,1,Away,37,7,30,3,1
2002-09-22,2002,3,Philadelphia Eagles,PHI,44,Dallas Cowboys,DAL,13,PHI,-10,36.5,57,0,44,13,31,PHI,1,Home,44,13,31,10,1
2002-09-29,2002,4,Philadelphia Eagles,PHI,35,Houston Texans,HOU,17,PHI,-19,36,52,0,35,17,18,PHI,1,Home,35,17,18,19,0
2002-10-06,2002,5,Jacksonville Jaguars,JAX,28,Philadelphia Eagles,PHI,25,PHI,-3,42.5,53,0,25,28,-3,PHI,1,Away,25,28,-3,3,0
2002-10-20,2002,7,Philadelphia Eagles,PHI,20,Tampa Bay Buccaneers,TB,10,PHI,-3,37,30,0,20,10,10,PHI,1,Home,20,10,10,3,1
2002-10-28,2002,8,Philadelphia Eagles,PHI,17,New York Giants,NYG,3,PHI,-7,38.5,20,0,17,3,14,PHI,1,Home,17,3,14,7,1
2002-11-03,2002,9,Chicago Bears,CHI,13,Philadelphia Eagles,PHI,19,PHI,-7,37.5,32,0,19,13,6,PHI,1,Away,19,13,6,7,0
2002-11-10,2002,10,Philadelphia Eagles,PHI,13,Indianapolis Colts,IND,35,PHI,-9.5,41.5,48,0,13,35,-22,PHI,1,Home,13,35,-22,9.5,0
2002-11-17,2002,11,Philadelphia Eagles,PHI,38,Arizona Cardinals,ARI,14,PHI,-12,37.5,52,0,38,14,24,PHI,1,Home,38,14,24,12,1
2002-11-25,2002,12,San Francisco 49ers,SF,17,Philadelphia Eagles,PHI,38,SF,-7,37.5,55,0,17,38,-21,PHI,0,Away,38,17,21,-7,1
2002-12-01,2002,13,Philadelphia Eagles,PHI,10,St. Louis Rams,LAR,3,LAR,-2,38,13,0,3,10,-7,PHI,0,Home,10,3,7,-2,1
2002-12-08,2002,14,Seattle Seahawks,SEA,20,Philadelphia Eagles,PHI,27,PHI,-3,37.5,47,0,27,20,7,PHI,1,Away,27,20,7,3,1
2002-12-15,2002,15,Philadelphia Eagles,PHI,34,Washington Redskins,WAS,21,PHI,-7.5,38,55,0,34,21,13,PHI,1,Home,34,21,13,7.5,1
2002-12-21,2002,16,Dallas Cowboys,DAL,3,Philadelphia Eagles,PHI,27,PHI,-7,36.5,30,0,27,3,24,PHI,1,Away,27,3,24,7,1
2002-12-28,2002,17,New York Giants,NYG,10,Philadelphia Eagles,PHI,7,NYG,-1,37.5,17,0,10,7,3,PHI,0,Away,7,10,-3,-1,0
2003-09-08,2003,1,Philadelphia Eagles,PHI,0,Tampa Bay Buccaneers,TB,17,PHI,-3,36,17,0,0,17,-17,PHI,1,Home,0,17,-17,3,0
2003-09-14,2003,2,Philadelphia Eagles,PHI,10,New England Patriots,NE,31,PHI,-4,38,41,0,10,31,-21,PHI,1,Home,10,31,-21,4,0
2003-09-28,2003,4,Buffalo Bills,BUF,13,Philadelphia Eagles,PHI,23,BUF,-3,39.5,36,0,13,23,-10,PHI,0,Away,23,13,10,-3,1
2003-10-05,2003,5,Philadelphia Eagles,PHI,27,Washington Redskins,WAS,25,PHI,-4.5,40.5,52,0,27,25,2,PHI,1,Home,27,25,2,4.5,0
2003-10-12,2003,6,Dallas Cowboys,DAL,23,Philadelphia Eagles,PHI,21,DAL,-1,37.5,44,0,23,21,2,PHI,0,Away,21,23,-2,-1,0
2003-10-19,2003,7,New York Giants,NYG,10,Philadelphia Eagles,PHI,14,NYG,-3,37,24,0,10,14,-4,PHI,0,Away,14,10,4,-3,1
2003-10-26,2003,8,Philadelphia Eagles,PHI,24,New York Jets,NYJ,17,PHI,-3,36,41,0,24,17,7,PHI,1,Home,24,17,7,3,1
2003-11-02,2003,9,Atlanta Falcons,ATL,16,Philadelphia Eagles,PHI,23,PHI,-6,39.5,39,0,23,16,7,PHI,1,Away,23,16,7,6,1
2003-11-10,2003,10,Green Bay Packers,GB,14,Philadelphia Eagles,PHI,17,GB,-4.5,43,31,0,14,17,-3,PHI,0,Away,17,14,3,-4.5,1
2003-11-16,2003,11,Philadelphia Eagles,PHI,28,New York Giants,NYG,10,PHI,-3,38,38,0,28,10,18,PHI,1,Home,28,10,18,3,1
2003-11-23,2003,12,Philadelphia Eagles,PHI,33,New Orleans Saints,NO,20,PHI,-5.5,39.5,53,0,33,20,13,PHI,1,Home,33,20,13,5.5,1
2003-11-30,2003,13,Carolina Panthers,CAR,16,Philadelphia Eagles,PHI,25,CAR,-1.5,37,41,0,16,25,-9,PHI,0,Away,25,16,9,-1.5,1
2003-12-07,2003,14,Philadelphia Eagles,PHI,36,Dallas Cowboys,DAL,10,PHI,-5.5,35.5,46,0,36,10,26,PHI,1,Home,36,10,26,5.5,1
2003-12-15,2003,15,Miami Dolphins,MIA,27,Philadelphia Eagles,PHI,34,MIA,-3,37,61,0,27,34,-7,PHI,0,Away,34,27,7,-3,1
2003-12-21,2003,16,Philadelphia Eagles,PHI,28,San Francisco 49ers,SF,31,PHI,-7,44,59,0,28,31,-3,PHI,1,Home,28,31,-3,7,0
2003-12-27,2003,17,Washington Redskins,WAS,7,Philadelphia Eagles,PHI,31,PHI,-9,42,38,0,31,7,24,PHI,1,Away,31,7,24,9,1
2004-09-12,2004,1,Philadelphia Eagles,PHI,31,New York Giants,NYG,17,PHI,-9.5,41.5,48,0,31,17,14,PHI,1,Home,31,17,14,9.5,1
2004-09-20,2004,2,Philadelphia Eagles,PHI,27,Minnesota Vikings,MIN,16,PHI,-3,51,43,0,27,16,11,PHI,1,Home,27,16,11,3,1
2004-09-26,2004,3,Detroit Lions,DET,13,Philadelphia Eagles,PHI,30,PHI,-4.5,44,43,0,30,13,17,PHI,1,Away,30,13,17,4.5,1
2004-10-03,2004,4,Chicago Bears,CHI,9,Philadelphia Eagles,PHI,19,PHI,-8.5,40.5,28,0,19,9,10,PHI,1,Away,19,9,10,8.5,1
2004-10-17,2004,6,Philadelphia Eagles,PHI,30,Carolina Panthers,CAR,8,PHI,-10,42,38,0,30,8,22,PHI,1,Home,30,8,22,10,1
2004-10-24,2004,7,Cleveland Browns,CLE,31,Philadelphia Eagles,PHI,34,PHI,-7,41.5,65,0,34,31,3,PHI,1,Away,34,31,3,7,0
2004-10-31,2004,8,Philadelphia Eagles,PHI,15,Baltimore Ravens,BAL,10,PHI,-7.5,37,25,0,15,10,5,PHI,1,Home,15,10,5,7.5,0
2004-11-07,2004,9,Pittsburgh Steelers,PIT,27,Philadelphia Eagles,PHI,3,PHI,-1.5,44.5,30,0,3,27,-24,PHI,1,Away,3,27,-24,1.5,0
2004-11-15,2004,10,Dallas Cowboys,DAL,21,Philadelphia Eagles,PHI,49,PHI,-7,43,70,0,49,21,28,PHI,1,Away,49,21,28,7,1
2004-11-21,2004,11,Philadelphia Eagles,PHI,28,Washington Redskins,WAS,6,PHI,-10,38.5,34,0,28,6,22,PHI,1,Home,28,6,22,10,1
2004-11-28,2004,12,New York Giants,NYG,6,Philadelphia Eagles,PHI,27,PHI,-7,35.5,33,0,27,6,21,PHI,1,Away,27,6,21,7,1
2004-12-05,2004,13,Philadelphia Eagles,PHI,47,Green Bay Packers,GB,17,PHI,-5.5,48.5,64,0,47,17,30,PHI,1,Home,47,17,30,5.5,1
2004-12-12,2004,14,Washington Redskins,WAS,14,Philadelphia Eagles,PHI,17,PHI,-8,38.5,31,0,17,14,3,PHI,1,Away,17,14,3,8,0
2004-12-19,2004,15,Philadelphia Eagles,PHI,12,Dallas Cowboys,DAL,7,PHI,-11.5,45,19,0,12,7,5,PHI,1,Home,12,7,5,11.5,0
2004-12-27,2004,16,St. Louis Rams,LAR,20,Philadelphia Eagles,PHI,7,LAR,-4,42.5,27,0,20,7,13,PHI,0,Away,7,20,-13,-4,0
2005-01-02,2004,17,Philadelphia Eagles,PHI,10,Cincinnati Bengals,CIN,38,CIN,-4,37.5,48,0,38,10,28,PHI,0,Home,10,38,-28,-4,0
2005-09-12,2005,1,Atlanta Falcons,ATL,14,Philadelphia Eagles,PHI,10,PHI,-2,41.5,24,0,10,14,-4,PHI,1,Away,10,14,-4,2,0
2005-09-18,2005,2,Philadelphia Eagles,PHI,42,San Francisco 49ers,SF,3,PHI,-11.5,43,45,0,42,3,39,PHI,1,Home,42,3,39,11.5,1
2005-09-25,2005,3,Philadelphia Eagles,PHI,23,Oakland Raiders,OAK,20,PHI,-8.5,47,43,0,23,20,3,PHI,1,Home,23,20,3,8.5,0
2005-10-02,2005,4,Kansas City Chiefs,KC,31,Philadelphia Eagles,PHI,37,KC,-2.5,46.5,68,0,31,37,-6,PHI,0,Away,37,31,6,-2.5,1
2005-10-09,2005,5,Dallas Cowboys,DAL,33,Philadelphia Eagles,PHI,10,PHI,-3.5,44,43,0,10,33,-23,PHI,1,Away,10,33,-23,3.5,0
2005-10-23,2005,7,Philadelphia Eagles,PHI,20,San Diego Chargers,LAC,17,PHI,-4,47,37,0,20,17,3,PHI,1,Home,20,17,3,4,0
2005-10-30,2005,8,Denver Broncos,DEN,49,Philadelphia Eagles,PHI,21,DEN,-3,44,70,0,49,21,28,PHI,0,Away,21,49,-28,-3,0
2005-11-06,2005,9,Washington Redskins,WAS,17,Philadelphia Eagles,PHI,10,PICK,0,41,27,0,10,17,-7,PHI,0,Away,10,17,-7,0,0
2005-11-14,2005,10,Philadelphia Eagles,PHI,20,Dallas Cowboys,DAL,21,PHI,-3,40,41,0,20,21,-1,PHI,1,Home,20,21,-1,3,0
2005-11-20,2005,11,New York Giants,NYG,27,Philadelphia Eagles,PHI,17,NYG,-3.5,43,44,0,27,17,10,PHI,0,Away,17,27,-10,-3.5,0
2005-11-27,2005,12,Philadelphia Eagles,PHI,19,Green Bay Packers,GB,14,PHI,-3.5,41.5,33,0,19,14,5,PHI,1,Home,19,14,5,3.5,1
2005-12-05,2005,13,Philadelphia Eagles,PHI,0,Seattle Seahawks,SEA,42,SEA,-3,44,42,0,42,0,42,PHI,0,Home,0,42,-42,-3,0
2005-12-11,2005,14,Philadelphia Eagles,PHI,23,New York Giants,NYG,26,NYG,-3,40,49,0,26,23,3,PHI,0,Home,23,26,-3,-3,0
2005-12-18,2005,15,St. Louis Rams,LAR,16,Philadelphia Eagles,PHI,17,LAR,-3,44,33,0,16,17,-1,PHI,0,Away,17,16,1,-3,1
2005-12-24,2005,16,Arizona Cardinals,ARI,27,Philadelphia Eagles,PHI,21,ARI,-1,39.5,48,0,27,21,6,PHI,0,Away,21,27,-6,-1,0
2006-01-01,2005,17,Philadelphia Eagles,PHI,20,Washington Redskins,WAS,31,WAS,-7,37,51,0,31,20,11,PHI,0,Home,20,31,-11,-7,0
2006-09-10,2006,1,Houston Texans,HOU,10,Philadelphia Eagles,PHI,24,PHI,-6,37,34,0,24,10,14,PHI,1,Away,24,10,14,6,1
2006-09-17,2006,2,Philadelphia Eagles,PHI,24,New York Giants,NYG,30,PHI,-3,42,54,0,24,30,-6,PHI,1,Home,24,30,-6,3,0
2006-09-24,2006,3,San Francisco 49ers,SF,24,Philadelphia Eagles,PHI,38,PHI,-6,42.5,62,0,38,24,14,PHI,1,Away,38,24,14,6,1
2006-10-02,2006,4,Philadelphia Eagles,PHI,31,Green Bay Packers,GB,9,PHI,-11.5,49.5,40,0,31,9,22,PHI,1,Home,31,9,22,11.5,1
2006-10-08,2006,5,Philadelphia Eagles,PHI,38,Dallas Cowboys,DAL,24,PHI,-2,43,62,0,38,24,14,PHI,1,Home,38,24,14,2,1
2006-10-15,2006,6,New Orleans Saints,NO,27,Philadelphia Eagles,PHI,24,PHI,-3,47,51,0,24,27,-3,PHI,1,Away,24,27,-3,3,0
2006-10-22,2006,7,Tampa Bay Buccaneers,TB,23,Philadelphia Eagles,PHI,21,PHI,-6,43,44,0,21,23,-2,PHI,1,Away,21,23,-2,6,0
2006-10-29,2006,8,Philadelphia Eagles,PHI,6,Jacksonville Jaguars,JAX,13,PHI,-8,39,19,0,6,13,-7,PHI,1,Home,6,13,-7,8,0
2006-11-12,2006,10,Philadelphia Eagles,PHI,27,Washington Redskins,WAS,3,PHI,-8,41.5,30,0,27,3,24,PHI,1,Home,27,3,24,8,1
2006-11-19,2006,11,Philadelphia Eagles,PHI,13,Tennessee Titans,TEN,31,PHI,-13,43.5,44,0,13,31,-18,PHI,1,Home,13,31,-18,13,0
2006-11-26,2006,12,Indianapolis Colts,IND,45,Philadelphia Eagles,PHI,21,IND,-9.5,45,66,0,45,21,24,PHI,0,Away,21,45,-24,-9.5,0
2006-12-04,2006,13,Philadelphia Eagles,PHI,27,Carolina Panthers,CAR,24,CAR,-3,37.5,51,0,24,27,-3,PHI,0,Home,27,24,3,-3,1
2006-12-10,2006,14,Washington Redskins,WAS,19,Philadelphia Eagles,PHI,21,PHI,-2,40.5,40,0,21,19,2,PHI,1,Away,21,19,2,2,0
2006-12-17,2006,15,New York Giants,NYG,22,Philadelphia Eagles,PHI,36,NYG,-6,45,58,0,22,36,-14,PHI,0,Away,36,22,14,-6,1
2006-12-25,2006,16,Dallas Cowboys,DAL,7,Philadelphia Eagles,PHI,23,DAL,-7,48.5,30,0,7,23,-16,PHI,0,Away,23,7,16,-7,1
2006-12-31,2006,17,Philadelphia Eagles,PHI,24,Atlanta Falcons,ATL,17,PHI,-8.5,43,41,0,24,17,7,PHI,1,Home,24,17,7,8.5,0
2007-09-09,2007,1,Green Bay Packers,GB,16,Philadelphia Eagles,PHI,13,PHI,-3,42.5,29,0,13,16,-3,PHI,1,Away,13,16,-3,3,0
2007-09-17,2007,2,Philadelphia Eagles,PHI,12,Washington Redskins,WAS,20,PHI,-7,38.5,32,0,12,20,-8,PHI,1,Home,12,20,-8,7,0
2007-09-23,2007,3,Philadelphia Eagles,PHI,56,Detroit Lions,DET,21,PHI,-5,44,77,0,56,21,35,PHI,1,Home,56,21,35,5,1
2007-09-30,2007,4,New York Giants,NYG,16,Philadelphia Eagles,PHI,3,PHI,-2.5,47,19,0,3,16,-13,PHI,1,Away,3,16,-13,2.5,0
2007-10-14,2007,6,New York Jets,NYJ,9,Philadelphia Eagles,PHI,16,PHI,-4.5,43.5,25,0,16,9,7,PHI,1,Away,16,9,7,4.5,1
2007-10-21,2007,7,Philadelphia Eagles,PHI,16,Chicago Bears,CHI,19,PHI,-5.5,43,35,0,16,19,-3,PHI,1,Home,16,19,-3,5.5,0
2007-10-28,2007,8,Minnesota Vikings,MIN,16,Philadelphia Eagles,PHI,23,PHI,-1,37.5,39,0,23,16,7,PHI,1,Away,23,16,7,1,1
2007-11-04,2007,9,Philadelphia Eagles,PHI,17,Dallas Cowboys,DAL,38,DAL,-3,46.5,55,0,38,17,21,PHI,0,Home,17,38,-21,-3,0
2007-11-11,2007,10,Washington Redskins,WAS,25,Philadelphia Eagles,PHI,33,WAS,-2.5,37.5,58,0,25,33,-8,PHI,0,Away,33,25,8,-2.5,1
2007-11-18,2007,11,Philadelphia Eagles,PHI,17,Miami Dolphins,MIA,7,PHI,-9.5,40,24,0,17,7,10,PHI,1,Home,17,7,10,9.5,1
2007-11-25,2007,12,New England Patriots,NE,31,Philadelphia Eagles,PHI,28,NE,-24.5,51.5,59,0,31,28,3,PHI,0,Away,28,31,-3,-24.5,1
2007-12-02,2007,13,Philadelphia Eagles,PHI,24,Seattle Seahawks,SEA,28,PHI,-3,39,52,0,24,28,-4,PHI,1,Home,24,28,-4,3,0
2007-12-09,2007,14,Philadelphia Eagles,PHI,13,New York Giants,NYG,16,PHI,-3,42,29,0,13,16,-3,PHI,1,Home,13,16,-3,3,0
2007-12-16,2007,15,Dallas Cowboys,DAL,6,Philadelphia Eagles,PHI,10,DAL,-10,49,16,0,6,10,-4,PHI,0,Away,10,6,4,-10,1
2007-12-23,2007,16,New Orleans Saints,NO,23,Philadelphia Eagles,PHI,38,NO,-3,48,61,0,23,38,-15,PHI,0,Away,38,23,15,-3,1
2007-12-30,2007,17,Philadelphia Eagles,PHI,17,Buffalo Bills,BUF,9,PHI,-9,39,26,0,17,9,8,PHI,1,Home,17,9,8,9,0
2008-09-07,2008,1,Philadelphia Eagles,PHI,38,St. Louis Rams,LAR,3,PHI,-8,44,41,0,38,3,35,PHI,1,Home,38,3,35,8,1
2008-09-15,2008,2,Dallas Cowboys,DAL,41,Philadelphia Eagles,PHI,37,DAL,-6.5,46.5,78,0,41,37,4,PHI,0,Away,37,41,-4,-6.5,1
2008-09-21,2008,3,Philadelphia Eagles,PHI,15,Pittsburgh Steelers,PIT,6,PHI,-3.5,45,21,0,15,6,9,PHI,1,Home,15,6,9,3.5,1
2008-09-28,2008,4,Chicago Bears,CHI,24,Philadelphia Eagles,PHI,20,PHI,-3,39,44,0,20,24,-4,PHI,1,Away,20,24,-4,3,0
2008-10-05,2008,5,Philadelphia Eagles,PHI,17,Washington Redskins,WAS,23,PHI,-6.5,42,40,0,17,23,-6,PHI,1,Home,17,23,-6,6.5,0
2008-10-12,2008,6,San Francisco 49ers,SF,26,Philadelphia Eagles,PHI,40,PHI,-5,41.5,66,0,40,26,14,PHI,1,Away,40,26,14,5,1
2008-10-26,2008,8,Philadelphia Eagles,PHI,27,Atlanta Falcons,ATL,14,PHI,-9.5,45,41,0,27,14,13,PHI,1,Home,27,14,13,9.5,1
2008-11-02,2008,9,Seattle Seahawks,SEA,7,Philadelphia Eagles,PHI,26,PHI,-6.5,43,33,0,26,7,19,PHI,1,Away,26,7,19,6.5,1
2008-11-09,2008,10,Philadelphia Eagles,PHI,31,New York Giants,NYG,36,PHI,-1.5,42.5,67,0,31,36,-5,PHI,1,Home,31,36,-5,1.5,0
2008-11-16,2008,11,Cincinnati Bengals,CIN,13,Philadelphia Eagles,PHI,13,PHI,-9,41,26,0,13,13,0,PHI,1,Away,13,13,0,9,0
2008-11-23,2008,12,Baltimore Ravens,BAL,36,Philadelphia Eagles,PHI,7,BAL,-2,39.5,43,0,36,7,29,PHI,0,Away,7,36,-29,-2,0
2008-11-27,2008,13,Philadelphia Eagles,PHI,48,Arizona Cardinals,ARI,20,PHI,-3,49,68,0,48,20,28,PHI,1,Home,48,20,28,3,1
2008-12-07,2008,14,New York Giants,NYG,14,Philadelphia Eagles,PHI,20,NYG,-7,40.5,34,0,14,20,-6,PHI,0,Away,20,14,6,-7,1
2008-12-15,2008,15,Philadelphia Eagles,PHI,30,Cleveland Browns,CLE,10,PHI,-16,40,40,0,30,10,20,PHI,1,Home,30,10,20,16,1
2008-12-21,2008,16,Washington Redskins,WAS,10,Philadelphia Eagles,PHI,3,PHI,-6,37.5,13,0,3,10,-7,PHI,1,Away,3,10,-7,6,0
2008-12-28,2008,17,Philadelphia Eagles,PHI,44,Dallas Cowboys,DAL,6,PHI,-2,40.5,50,0,44,6,38,PHI,1,Home,44,6,38,2,1
2009-09-13,2009,1,Carolina Panthers,CAR,10,Philadelphia Eagles,PHI,38,PHI,-2.5,43.5,48,0,38,10,28,PHI,1,Away,38,10,28,2.5,1
2009-09-20,2009,2,Philadelphia Eagles,PHI,22,New Orleans Saints,NO,48,NO,-2.5,46,70,0,48,22,26,PHI,0,Home,22,48,-26,-2.5,0
2009-09-27,2009,3,Philadelphia Eagles,PHI,34,Kansas City Chiefs,KC,14,PHI,-7.5,39,48,0,34,14,20,PHI,1,Home,34,14,20,7.5,1
2009-10-11,2009,5,Philadelphia Eagles,PHI,33,Tampa Bay Buccaneers,TB,14,PHI,-15.5,42,47,0,33,14,19,PHI,1,Home,33,14,19,15.5,1
2009-10-18,2009,6,Oakland Raiders,OAK,13,Philadelphia Eagles,PHI,9,PHI,-14,40.5,22,0,9,13,-4,PHI,1,Away,9,13,-4,14,0
2009-10-26,2009,7,Washington Redskins,WAS,17,Philadelphia Eagles,PHI,27,PHI,-9,38,44,0,27,17,10,PHI,1,Away,27,17,10,9,1
2009-11-01,2009,8,Philadelphia Eagles,PHI,40,New York Giants,NYG,17,NYG,-1,44.5,57,0,17,40,-23,PHI,0,Home,40,17,23,-1,1
2009-11-08,2009,9,Philadelphia Eagles,PHI,16,Dallas Cowboys,DAL,20,PHI,-3,50,36,0,16,20,-4,PHI,1,Home,16,20,-4,3,0
2009-11-15,2009,10,San Diego Chargers,LAC,31,Philadelphia Eagles,PHI,23,LAC,-1.5,47,54,0,31,23,8,PHI,0,Away,23,31,-8,-1.5,0
2009-11-22,2009,11,Chicago Bears,CHI,20,Philadelphia Eagles,PHI,24,PHI,-3.5,47,44,0,24,20,4,PHI,1,Away,24,20,4,3.5,1
2009-11-29,2009,12,Philadelphia Eagles,PHI,27,Washington Redskins,WAS,24,PHI,-10,40.5,51,0,27,24,3,PHI,1,Home,27,24,3,10,0
2009-12-06,2009,13,Atlanta Falcons,ATL,7,Philadelphia Eagles,PHI,34,PHI,-4,43.5,41,0,34,7,27,PHI,1,Away,34,7,27,4,1
2009-12-13,2009,14,New York Giants,NYG,38,Philadelphia Eagles,PHI,45,PHI,-1,42.5,83,0,45,38,7,PHI,1,Away,45,38,7,1,1
2009-12-20,2009,15,Philadelphia Eagles,PHI,27,San Francisco 49ers,SF,13,PHI,-7.5,41,40,0,27,13,14,PHI,1,Home,27,13,14,7.5,1
2009-12-27,2009,16,Philadelphia Eagles,PHI,30,Denver Broncos,DEN,27,PHI,-7,43,57,0,30,27,3,PHI,1,Home,30,27,3,7,0
2010-01-03,2009,17,Dallas Cowboys,DAL,24,Philadelphia Eagles,PHI,0,DAL,-3,47,24,0,24,0,24,PHI,0,Away,0,24,-24,-3,0
2010-09-12,2010,1,Philadelphia Eagles,PHI,20,Green Bay Packers,GB,27,GB,-3,48,47,0,27,20,7,PHI,0,Home,20,27,-7,-3,0
2010-09-19,2010,2,Detroit Lions,DET,32,Philadelphia Eagles,PHI,35,PHI,-6.5,41,67,0,35,32,3,PHI,1,Away,35,32,3,6.5,0
2010-09-26,2010,3,Jacksonville Jaguars,JAX,3,Philadelphia Eagles,PHI,28,PHI,-3,45,31,0,28,3,25,PHI,1,Away,28,3,25,3,1
2010-10-03,2010,4,Philadelphia Eagles,PHI,12,Washington Redskins,WAS,17,PHI,-5,43.5,29,0,12,17,-5,PHI,1,Home,12,17,-5,5,0
2010-10-10,2010,5,San Francisco 49ers,SF,24,Philadelphia Eagles,PHI,27,SF,-3,38.5,51,0,24,27,-3,PHI,0,Away,27,24,3,-3,1
2010-10-17,2010,6,Philadelphia Eagles,PHI,31,Atlanta Falcons,ATL,17,PHI,-1.5,43,48,0,31,17,14,PHI,1,Home,31,17,14,1.5,1
2010-10-24,2010,7,Tennessee Titans,TEN,37,Philadelphia Eagles,PHI,19,TEN,-3,42,56,0,37,19,18,PHI,0,Away,19,37,-18,-3,0
2010-11-07,2010,9,Philadelphia Eagles,PHI,26,Indianapolis Colts,IND,24,PHI,-3,47,50,0,26,24,2,PHI,1,Home,26,24,2,3,0
2010-11-15,2010,10,Washington Redskins,WAS,28,Philadelphia Eagles,PHI,59,PHI,-3.5,43.5,87,0,59,28,31,PHI,1,Away,59,28,31,3.5,1
2010-11-21,2010,11,Philadelphia Eagles,PHI,27,New York Giants,NYG,17,PHI,-3.5,48,44,0,27,17,10,PHI,1,Home,27,17,10,3.5,1
2010-11-28,2010,12,Chicago Bears,CHI,31,Philadelphia Eagles,PHI,26,PHI,-3.5,43,57,0,26,31,-5,PHI,1,Away,26,31,-5,3.5,0
2010-12-02,2010,13,Philadelphia Eagles,PHI,34,Houston Texans,HOU,24,PHI,-8,49.5,58,0,34,24,10,PHI,1,Home,34,24,10,8,1
2010-12-12,2010,14,Dallas Cowboys,DAL,27,Philadelphia Eagles,PHI,30,PHI,-4,51,57,0,30,27,3,PHI,1,Away,30,27,3,4,0
2010-12-19,2010,15,New York Giants,NYG,31,Philadelphia Eagles,PHI,38,NYG,-3,47,69,0,31,38,-7,PHI,0,Away,38,31,7,-3,1
2010-12-28,2010,16,Philadelphia Eagles,PHI,14,Minnesota Vikings,MIN,24,PHI,-14.5,44.5,38,0,14,24,-10,PHI,1,Home,14,24,-10,14.5,0
2011-01-02,2010,17,Philadelphia Eagles,PHI,13,Dallas Cowboys,DAL,14,PICK,0,43.5,27,0,14,13,1,PHI,0,Home,13,14,-1,0,0
2011-09-11,2011,1,St. Louis Rams,LAR,13,Philadelphia Eagles,PHI,31,PHI,-4,44.5,44,0,31,13,18,PHI,1,Away,31,13,18,4,1
2011-09-18,2011,2,Atlanta Falcons,ATL,35,Philadelphia Eagles,PHI,31,PHI,-2.5,49.5,66,0,31,35,-4,PHI,1,Away,31,35,-4,2.5,0
2011-09-25,2011,3,Philadelphia Eagles,PHI,16,New York Giants,NYG,29,PHI,-8,46.5,45,0,16,29,-13,PHI,1,Home,16,29,-13,8,0
2011-10-02,2011,4,Philadelphia Eagles,PHI,23,San Francisco 49ers,SF,24,PHI,-10,43.5,47,0,23,24,-1,PHI,1,Home,23,24,-1,10,0
2011-10-09,2011,5,Buffalo Bills,BUF,31,Philadelphia Eagles,PHI,24,PHI,-3,53,55,0,24,31,-7,PHI,1,Away,24,31,-7,3,0
2011-10-16,2011,6,Washington Redskins,WAS,13,Philadelphia Eagles,PHI,20,PHI,-3,46.5,33,0,20,13,7,PHI,1,Away,20,13,7,3,1
2011-10-30,2011,8,Philadelphia Eagles,PHI,34,Dallas Cowboys,DAL,7,PHI,-3,49.5,41,0,34,7,27,PHI,1,Home,34,7,27,3,1
2011-11-07,2011,9,Philadelphia Eagles,PHI,24,Chicago Bears,CHI,30,PHI,-8,47.5,54,0,24,30,-6,PHI,1,Home,24,30,-6,8,0
2011-11-13,2011,10,Philadelphia Eagles,PHI,17,Arizona Cardinals,ARI,21,PHI,-13,47.5,38,0,17,21,-4,PHI,1,Home,17,21,-4,13,0
2011-11-20,2011,11,New York Giants,NYG,10,Philadelphia Eagles,PHI,17,NYG,-6,45.5,27,0,10,17,-7,PHI,0,Away,17,10,7,-6,1
2011-11-27,2011,12,Philadelphia Eagles,PHI,20,New England Patriots,NE,38,NE,-3.5,50.5,58,0,38,20,18,PHI,0,Home,20,38,-18,-3.5,0
2011-12-01,2011,13,Seattle Seahawks,SEA,31,Philadelphia Eagles,PHI,14,PHI,-3,43.5,45,0,14,31,-17,PHI,1,Away,14,31,-17,3,0
2011-12-11,2011,14,Miami Dolphins,MIA,10,Philadelphia Eagles,PHI,26,MIA,-3,44.5,36,0,10,26,-16,PHI,0,Away,26,10,16,-3,1
2011-12-18,2011,15,Philadelphia Eagles,PHI,45,New York Jets,NYJ,19,PHI,-3,44,64,0,45,19,26,PHI,1,Home,45,19,26,3,1
2011-12-24,2011,16,Dallas Cowboys,DAL,7,Philadelphia Eagles,PHI,20,PHI,-2.5,50,27,0,20,7,13,PHI,1,Away,20,7,13,2.5,1
2012-01-01,2011,17,Philadelphia Eagles,PHI,34,Washington Redskins,WAS,10,PHI,-7,44.5,44,0,34,10,24,PHI,1,Home,34,10,24,7,1
2012-09-09,2012,1,Cleveland Browns,CLE,16,Philadelphia Eagles,PHI,17,PHI,-9.5,42,33,0,17,16,1,PHI,1,Away,17,16,1,9.5,0
2012-09-16,2012,2,Philadelphia Eagles,PHI,24,Baltimore Ravens,BAL,23,PHI,-3,47,47,0,24,23,1,PHI,1,Home,24,23,1,3,0
2012-09-23,2012,3,Arizona Cardinals,ARI,27,Philadelphia Eagles,PHI,6,PHI,-3,42,33,0,6,27,-21,PHI,1,Away,6,27,-21,3,0
2012-09-30,2012,4,Philadelphia Eagles,PHI,19,New York Giants,NYG,17,PHI,-1.5,46.5,36,0,19,17,2,PHI,1,Home,19,17,2,1.5,1
2012-10-07,2012,5,Pittsburgh Steelers,PIT,16,Philadelphia Eagles,PHI,14,PIT,-4,44,30,0,16,14,2,PHI,0,Away,14,16,-2,-4,1
2012-10-14,2012,6,Philadelphia Eagles,PHI,23,Detroit Lions,DET,26,PHI,-3.5,47.5,49,0,23,26,-3,PHI,1,Home,23,26,-3,3.5,0
2012-10-28,2012,8,Philadelphia Eagles,PHI,17,Atlanta Falcons,ATL,30,PHI,-3,43,47,0,17,30,-13,PHI,1,Home,17,30,-13,3,0
2012-11-05,2012,9,New Orleans Saints,NO,28,Philadelphia Eagles,PHI,13,NO,-3,52,41,0,28,13,15,PHI,0,Away,13,28,-15,-3,0
2012-11-11,2012,10,Philadelphia Eagles,PHI,23,Dallas Cowboys,DAL,38,DAL,-2.5,44.5,61,0,38,23,15,PHI,0,Home,23,38,-15,-2.5,0
2012-11-18,2012,11,Washington Redskins,WAS,31,Philadelphia Eagles,PHI,6,WAS,-3.5,46,37,0,31,6,25,PHI,0,Away,6,31,-25,-3.5,0
2012-11-26,2012,12,Philadelphia Eagles,PHI,22,Carolina Panthers,CAR,30,CAR,-3,42,52,0,30,22,8,PHI,0,Home,22,30,-8,-3,0
2012-12-02,2012,13,Dallas Cowboys,DAL,38,Philadelphia Eagles,PHI,33,DAL,-10.5,44,71,0,38,33,5,PHI,0,Away,33,38,-5,-10.5,1
2012-12-09,2012,14,Tampa Bay Buccaneers,TB,21,Philadelphia Eagles,PHI,23,TB,-7,48,44,0,21,23,-2,PHI,0,Away,23,21,2,-7,1
2012-12-13,2012,15,Philadelphia Eagles,PHI,13,Cincinnati Bengals,CIN,34,CIN,-5,45,47,0,34,13,21,PHI,0,Home,13,34,-21,-5,0
2012-12-23,2012,16,Philadelphia Eagles,PHI,20,Washington Redskins,WAS,27,WAS,-6,46,47,0,27,20,7,PHI,0,Home,20,27,-7,-6,0
2012-12-30,2012,17,New York Giants,NYG,42,Philadelphia Eagles,PHI,7,NYG,-6.5,44.5,49,0,42,7,35,PHI,0,Away,7,42,-35,-6.5,0
2013-09-09,2013,1,Washington Redskins,WAS,27,Philadelphia Eagles,PHI,33,WAS,-4.5,53.5,60,0,27,33,-6,PHI,0,Away,33,27,6,-4.5,1
2013-09-15,2013,2,Philadelphia Eagles,PHI,30,San Diego Chargers,LAC,33,PHI,-7.5,54,63,0,30,33,-3,PHI,1,Home,30,33,-3,7.5,0
2013-09-19,2013,3,Philadelphia Eagles,PHI,16,Kansas City Chiefs,KC,26,PHI,-3.5,51,42,0,16,26,-10,PHI,1,Home,16,26,-10,3.5,0
2013-09-29,2013,4,Denver Broncos,DEN,52,Philadelphia Eagles,PHI,20,DEN,-11.5,59,72,0,52,20,32,PHI,0,Away,20,52,-32,-11.5,0
2013-10-06,2013,5,New York Giants,NYG,21,Philadelphia Eagles,PHI,36,NYG,-1.5,54,57,0,21,36,-15,PHI,0,Away,36,21,15,-1.5,1
2013-10-13,2013,6,Tampa Bay Buccaneers,TB,20,Philadelphia Eagles,PHI,31,PHI,-3,44,51,0,31,20,11,PHI,1,Away,31,20,11,3,1
2013-10-20,2013,7,Philadelphia Eagles,PHI,3,Dallas Cowboys,DAL,17,PHI,-2.5,55,20,0,3,17,-14,PHI,1,Home,3,17,-14,2.5,0
2013-10-27,2013,8,Philadelphia Eagles,PHI,7,New York Giants,NYG,15,PHI,-5.5,49.5,22,0,7,15,-8,PHI,1,Home,7,15,-8,5.5,0
2013-11-03,2013,9,Oakland Raiders,OAK,20,Philadelphia Eagles,PHI,49,OAK,-1,45.5,69,0,20,49,-29,PHI,0,Away,49,20,29,-1,1
2013-11-10,2013,10,Green Bay Packers,GB,13,Philadelphia Eagles,PHI,27,PHI,-1,47,40,0,27,13,14,PHI,1,Away,27,13,14,1,1
2013-11-17,2013,11,Philadelphia Eagles,PHI,24,Washington Redskins,WAS,16,PHI,-4,54,40,0,24,16,8,PHI,1,Home,24,16,8,4,1
2013-12-01,2013,13,Philadelphia Eagles,PHI,24,Arizona Cardinals,ARI,21,PHI,-3.5,48.5,45,0,24,21,3,PHI,1,Home,24,21,3,3.5,0
2013-12-08,2013,14,Philadelphia Eagles,PHI,34,Detroit Lions,DET,20,PHI,-2,53.5,54,0,34,20,14,PHI,1,Home,34,20,14,2,1
2013-12-15,2013,15,Minnesota Vikings,MIN,48,Philadelphia Eagles,PHI,30,PHI,-7,53,78,0,30,48,-18,PHI,1,Away,30,48,-18,7,0
2013-12-22,2013,16,Philadelphia Eagles,PHI,54,Chicago Bears,CHI,11,PHI,-3,55,65,0,54,11,43,PHI,1,Home,54,11,43,3,1
2013-12-29,2013,17,Dallas Cowboys,DAL,22,Philadelphia Eagles,PHI,24,PHI,-7,52.5,46,0,24,22,2,PHI,1,Away,24,22,2,7,0
2014-09-07,2014,1,Philadelphia Eagles,PHI,34,Jacksonville Jaguars,JAX,17,PHI,-10,51.5,51,0,34,17,17,PHI,1,Home,34,17,17,10,1
2014-09-15,2014,2,Indianapolis Colts,IND,27,Philadelphia Eagles,PHI,30,IND,-3,54,57,0,27,30,-3,PHI,0,Away,30,27,3,-3,1
2014-09-21,2014,3,Philadelphia Eagles,PHI,37,Washington Redskins,WAS,34,PHI,-4,50,71,0,37,34,3,PHI,1,Home,37,34,3,4,0
2014-09-28,2014,4,San Francisco 49ers,SF,26,Philadelphia Eagles,PHI,21,SF,-3.5,49.5,47,0,26,21,5,PHI,0,Away,21,26,-5,-3.5,0
2014-10-05,2014,5,Philadelphia Eagles,PHI,34,St. Louis Rams,LAR,28,PHI,-3.5,48,62,0,34,28,6,PHI,1,Home,34,28,6,3.5,1
2014-10-12,2014,6,Philadelphia Eagles,PHI,27,New York Giants,NYG,0,PHI,-1,51,27,0,27,0,27,PHI,1,Home,27,0,27,1,1
2014-10-26,2014,8,Arizona Cardinals,ARI,24,Philadelphia Eagles,PHI,20,ARI,-1,48.5,44,0,24,20,4,PHI,0,Away,20,24,-4,-1,0
2014-11-02,2014,9,Houston Texans,HOU,21,Philadelphia Eagles,PHI,31,PHI,-1.5,48.5,52,0,31,21,10,PHI,1,Away,31,21,10,1.5,1
2014-11-10,2014,10,Philadelphia Eagles,PHI,45,Carolina Panthers,CAR,21,PHI,-7,48.5,66,0,45,21,24,PHI,1,Home,45,21,24,7,1
2014-11-16,2014,11,Green Bay Packers,GB,53,Philadelphia Eagles,PHI,20,GB,-4.5,55.5,73,0,53,20,33,PHI,0,Away,20,53,-33,-4.5,0
2014-11-23,2014,12,Philadelphia Eagles,PHI,43,Tennessee Titans,TEN,24,PHI,-11,49,67,0,43,24,19,PHI,1,Home,43,24,19,11,1
2014-11-27,2014,13,Dallas Cowboys,DAL,10,Philadelphia Eagles,PHI,33,DAL,-3,57,43,0,10,33,-23,PHI,0,Away,33,10,23,-3,1
2014-12-07,2014,14,Philadelphia Eagles,PHI,14,Seattle Seahawks,SEA,24,SEA,-1.5,48,38,0,24,14,10,PHI,0,Home,14,24,-10,-1.5,0
2014-12-14,2014,15,Philadelphia Eagles,PHI,27,Dallas Cowboys,DAL,38,PHI,-3.5,55,65,0,27,38,-11,PHI,1,Home,27,38,-11,3.5,0
2014-12-20,2014,16,Washington Redskins,WAS,27,Philadelphia Eagles,PHI,24,PHI,-7,51,51,0,24,27,-3,PHI,1,Away,24,27,-3,7,0
2014-12-28,2014,17,New York Giants,NYG,26,Philadelphia Eagles,PHI,34,PHI,-1,52,60,0,34,26,8,PHI,1,Away,34,26,8,1,1
2015-09-14,2015,1,Atlanta Falcons,ATL,26,Philadelphia Eagles,PHI,24,PHI,-3,56,50,0,24,26,-2,PHI,1,Away,24,26,-2,3,0
2015-09-20,2015,2,Philadelphia Eagles,PHI,10,Dallas Cowboys,DAL,20,PHI,-6.5,54,30,0,10,20,-10,PHI,1,Home,10,20,-10,6.5,0
2015-09-27,2015,3,New York Jets,NYJ,17,Philadelphia Eagles,PHI,24,NYJ,-3,47,41,0,17,24,-7,PHI,0,Away,24,17,7,-3,1
2015-10-04,2015,4,Washington Redskins,WAS,23,Philadelphia Eagles,PHI,20,PHI,-3,45.5,43,0,20,23,-3,PHI,1,Away,20,23,-3,3,0
2015-10-11,2015,5,Philadelphia Eagles,PHI,39,New Orleans Saints,NO,17,PHI,-6.5,49.5,56,0,39,17,22,PHI,1,Home,39,17,22,6.5,1
2015-10-19,2015,6,Philadelphia Eagles,PHI,27,New York Giants,NYG,7,PHI,-3.5,50.5,34,0,27,7,20,PHI,1,Home,27,7,20,3.5,1
2015-10-25,2015,7,Carolina Panthers,CAR,27,Philadelphia Eagles,PHI,16,CAR,-2.5,46,43,0,27,16,11,PHI,0,Away,16,27,-11,-2.5,0
2015-11-08,2015,9,Dallas Cowboys,DAL,27,Philadelphia Eagles,PHI,33,PHI,-3,44,60,0,33,27,6,PHI,1,Away,33,27,6,3,1
2015-11-15,2015,10,Philadelphia Eagles,PHI,19,Miami Dolphins,MIA,20,PHI,-6,49.5,39,0,19,20,-1,PHI,1,Home,19,20,-1,6,0
2015-11-22,2015,11,Philadelphia Eagles,PHI,17,Tampa Bay Buccaneers,TB,45,PHI,-6.5,45.5,62,0,17,45,-28,PHI,1,Home,17,45,-28,6.5,0
2015-11-26,2015,12,Detroit Lions,DET,45,Philadelphia Eagles,PHI,14,DET,-3,47,59,0,45,14,31,PHI,0,Away,14,45,-31,-3,0
2015-12-06,2015,13,New England Patriots,NE,28,Philadelphia Eagles,PHI,35,NE,-9.5,49,63,0,28,35,-7,PHI,0,Away,35,28,7,-9.5,1
2015-12-13,2015,14,Philadelphia Eagles,PHI,23,Buffalo Bills,BUF,20,PHI,-1,48.5,43,0,23,20,3,PHI,1,Home,23,20,3,1,1
2015-12-20,2015,15,Philadelphia Eagles,PHI,17,Arizona Cardinals,ARI,40,ARI,-4,51.5,57,0,40,17,23,PHI,0,Home,17,40,-23,-4,0
2015-12-26,2015,16,Philadelphia Eagles,PHI,24,Washington Redskins,WAS,38,PHI,-3.5,48.5,62,0,24,38,-14,PHI,1,Home,24,38,-14,3.5,0
2016-01-03,2015,17,New York Giants,NYG,30,Philadelphia Eagles,PHI,35,NYG,-3.5,51,65,0,30,35,-5,PHI,0,Away,35,30,5,-3.5,1
2016-09-11,2016,1,Philadelphia Eagles,PHI,29,Cleveland Browns,CLE,10,PHI,-3.5,41,39,0,29,10,19,PHI,1,Home,29,10,19,3.5,1
2016-09-19,2016,2,Chicago Bears,CHI,14,Philadelphia Eagles,PHI,29,CHI,-3,43,43,0,14,29,-15,PHI,0,Away,29,14,15,-3,1
2016-09-25,2016,3,Philadelphia Eagles,PHI,34,Pittsburgh Steelers,PIT,3,PIT,-4,46.5,37,0,3,34,-31,PHI,0,Home,34,3,31,-4,1
2016-10-09,2016,5,Detroit Lions,DET,24,Philadelphia Eagles,PHI,23,PHI,-3.5,46,47,0,23,24,-1,PHI,1,Away,23,24,-1,3.5,0
2016-10-16,2016,6,Washington Redskins,WAS,27,Philadelphia Eagles,PHI,20,PHI,-3,45,47,0,20,27,-7,PHI,1,Away,20,27,-7,3,0
2016-10-23,2016,7,Philadelphia Eagles,PHI,21,Minnesota Vikings,MIN,10,MIN,-3,39,31,0,10,21,-11,PHI,0,Home,21,10,11,-3,1
2016-10-30,2016,8,Dallas Cowboys,DAL,29,Philadelphia Eagles,PHI,23,DAL,-5,44,52,0,29,23,6,PHI,0,Away,23,29,-6,-5,0
2016-11-06,2016,9,New York Giants,NYG,28,Philadelphia Eagles,PHI,23,NYG,-3,42.5,51,0,28,23,5,PHI,0,Away,23,28,-5,-3,0
2016-11-13,2016,10,Philadelphia Eagles,PHI,24,Atlanta Falcons,ATL,15,PHI,-1.5,49,39,0,24,15,9,PHI,1,Home,24,15,9,1.5,1
2016-11-20,2016,11,Seattle Seahawks,SEA,26,Philadelphia Eagles,PHI,15,SEA,-6.5,43,41,0,26,15,11,PHI,0,Away,15,26,-11,-6.5,0
2016-11-28,2016,12,Philadelphia Eagles,PHI,13,Green Bay Packers,GB,27,PHI,-4,47.5,40,0,13,27,-14,PHI,1,Home,13,27,-14,4,0
2016-12-04,2016,13,Cincinnati Bengals,CIN,32,Philadelphia Eagles,PHI,14,CIN,-1.5,42,46,0,32,14,18,PHI,0,Away,14,32,-18,-1.5,0
2016-12-11,2016,14,Philadelphia Eagles,PHI,22,Washington Redskins,WAS,27,WAS,-2.5,48.5,49,0,27,22,5,PHI,0,Home,22,27,-5,-2.5,0
2016-12-18,2016,15,Baltimore Ravens,BAL,27,Philadelphia Eagles,PHI,26,BAL,-5,41,53,0,27,26,1,PHI,0,Away,26,27,-1,-5,1
2016-12-22,2016,16,Philadelphia Eagles,PHI,24,New York Giants,NYG,19,PHI,-1.5,42.5,43,0,24,19,5,PHI,1,Home,24,19,5,1.5,1
2017-01-01,2016,17,Philadelphia Eagles,PHI,27,Dallas Cowboys,DAL,13,PHI,-6.5,44,40,0,27,13,14,PHI,1,Home,27,13,14,6.5,1
2017-09-10,2017,1,Washington Redskins,WAS,17,Philadelphia Eagles,PHI,30,PHI,-1,47.5,47,0,30,17,13,PHI,1,Away,30,17,13,1,1
2017-09-17,2017,2,Kansas City Chiefs,KC,27,Philadelphia Eagles,PHI,20,KC,-4.5,47.5,47,0,27,20,7,PHI,0,Away,20,27,-7,-4.5,0
2017-09-24,2017,3,Philadelphia Eagles,PHI,27,New York Giants,NYG,24,PHI,-6,43,51,0,27,24,3,PHI,1,Home,27,24,3,6,0
2017-10-01,2017,4,Los Angeles Chargers,LAC,24,Philadelphia Eagles,PHI,26,LAC,-1,47.5,50,0,24,26,-2,PHI,0,Away,26,24,2,-1,1
2017-10-08,2017,5,Philadelphia Eagles,PHI,34,Arizona Cardinals,ARI,7,PHI,-6.5,45,41,0,34,7,27,PHI,1,Home,34,7,27,6.5,1
2017-10-12,2017,6,Carolina Panthers,CAR,23,Philadelphia Eagles,PHI,28,CAR,-3,45.5,51,0,23,28,-5,PHI,0,Away,28,23,5,-3,1
2017-10-23,2017,7,Philadelphia Eagles,PHI,34,Washington Redskins,WAS,24,PHI,-4.5,49,58,0,34,24,10,PHI,1,Home,34,24,10,4.5,1
2017-10-29,2017,8,Philadelphia Eagles,PHI,33,San Francisco 49ers,SF,10,PHI,-13,46,43,0,33,10,23,PHI,1,Home,33,10,23,13,1
2017-11-05,2017,9,Philadelphia Eagles,PHI,51,Denver Broncos,DEN,23,PHI,-7,41,74,0,51,23,28,PHI,1,Home,51,23,28,7,1
2017-11-19,2017,11,Dallas Cowboys,DAL,9,Philadelphia Eagles,PHI,37,PHI,-6,48,46,0,37,9,28,PHI,1,Away,37,9,28,6,1
2017-11-26,2017,12,Philadelphia Eagles,PHI,31,Chicago Bears,CHI,3,PHI,-13.5,44,34,0,31,3,28,PHI,1,Home,31,3,28,13.5,1
2017-12-03,2017,13,Seattle Seahawks,SEA,24,Philadelphia Eagles,PHI,10,PHI,-5.5,47.5,34,0,10,24,-14,PHI,1,Away,10,24,-14,5.5,0
2017-12-10,2017,14,Los Angeles Rams,LAR,35,Philadelphia Eagles,PHI,43,LAR,-1,47.5,78,0,35,43,-8,PHI,0,Away,43,35,8,-1,1
2017-12-17,2017,15,New York Giants,NYG,29,Philadelphia Eagles,PHI,34,PHI,-7.5,40,63,0,34,29,5,PHI,1,Away,34,29,5,7.5,0
2017-12-25,2017,16,Philadelphia Eagles,PHI,19,Oakland Raiders,OAK,10,PHI,-10,46,29,0,19,10,9,PHI,1,Home,19,10,9,10,0
2017-12-31,2017,17,Philadelphia Eagles,PHI,0,Dallas Cowboys,DAL,6,DAL,-3.5,41,6,0,6,0,6,PHI,0,Home,0,6,-6,-3.5,0
2018-09-06,2018,1,Philadelphia Eagles,PHI,18,Atlanta Falcons,ATL,12,PHI,-1,44.5,30,0,18,12,6,PHI,1,Home,18,12,6,1,1
2018-09-16,2018,2,Tampa Bay Buccaneers,TB,27,Philadelphia Eagles,PHI,21,PHI,-3,46.5,48,0,21,27,-6,PHI,1,Away,21,27,-6,3,0
2018-09-23,2018,3,Philadelphia Eagles,PHI,20,Indianapolis Colts,IND,16,PHI,-6.5,45.5,36,0,20,16,4,PHI,1,Home,20,16,4,6.5,0
2018-09-30,2018,4,Tennessee Titans,TEN,26,Philadelphia Eagles,PHI,23,PHI,-3,41.5,49,0,23,26,-3,PHI,1,Away,23,26,-3,3,0
2018-10-07,2018,5,Philadelphia Eagles,PHI,21,Minnesota Vikings,MIN,23,PHI,-3.5,48,44,0,21,23,-2,PHI,1,Home,21,23,-2,3.5,0
2018-10-11,2018,6,New York Giants,NYG,13,Philadelphia Eagles,PHI,34,PHI,-1.5,45,47,0,34,13,21,PHI,1,Away,34,13,21,1.5,1
2018-10-21,2018,7,Philadelphia Eagles,PHI,17,Carolina Panthers,CAR,21,PHI,-5,45,38,0,17,21,-4,PHI,1,Home,17,21,-4,5,0
2018-11-11,2018,10,Philadelphia Eagles,PHI,20,Dallas Cowboys,DAL,27,PHI,-7.5,45.5,47,0,20,27,-7,PHI,1,Home,20,27,-7,7.5,0
2018-11-18,2018,11,New Orleans Saints,NO,48,Philadelphia Eagles,PHI,7,NO,-7,56.5,55,0,48,7,41,PHI,0,Away,7,48,-41,-7,0
2018-11-25,2018,12,Philadelphia Eagles,PHI,25,New York Giants,NYG,22,PHI,-4.5,49,47,0,25,22,3,PHI,1,Home,25,22,3,4.5,0
2018-12-03,2018,13,Philadelphia Eagles,PHI,28,Washington Redskins,WAS,13,PHI,-5.5,45,41,0,28,13,15,PHI,1,Home,28,13,15,5.5,1
2018-12-09,2018,14,Dallas Cowboys,DAL,29,Philadelphia Eagles,PHI,23,DAL,-3.5,45.5,52,0,29,23,6,PHI,0,Away,23,29,-6,-3.5,0
2018-12-16,2018,15,Los Angeles Rams,LAR,23,Philadelphia Eagles,PHI,30,LAR,-13.5,52.5,53,0,23,30,-7,PHI,0,Away,30,23,7,-13.5,1
2018-12-23,2018,16,Philadelphia Eagles,PHI,32,Houston Texans,HOU,30,PHI,-1,46.5,62,0,32,30,2,PHI,1,Home,32,30,2,1,1
2018-12-30,2018,17,Washington Redskins,WAS,0,Philadelphia Eagles,PHI,24,PHI,-6,42.5,24,0,24,0,24,PHI,1,Away,24,0,24,6,1
2019-09-08,2019,1,Philadelphia Eagles,PHI,32,Washington Redskins,WAS,27,PHI,-10,44.5,59,0,32,27,5,PHI,1,Home,32,27,5,10,0
2019-09-15,2019,2,Atlanta Falcons,ATL,24,Philadelphia Eagles,PHI,20,PHI,-1,53,44,0,20,24,-4,PHI,1,Away,20,24,-4,1,0
2019-09-22,2019,3,Philadelphia Eagles,PHI,24,Detroit Lions,DET,27,PHI,-4,45,51,0,24,27,-3,PHI,1,Home,24,27,-3,4,0
2019-09-26,2019,4,Green Bay Packers,GB,27,Philadelphia Eagles,PHI,34,GB,-3.5,46.5,61,0,27,34,-7,PHI,0,Away,34,27,7,-3.5,1
2019-10-06,2019,5,Philadelphia Eagles,PHI,31,New York Jets,NYJ,6,PHI,-14,43,37,0,31,6,25,PHI,1,Home,31,6,25,14,1
2019-10-13,2019,6,Minnesota Vikings,MIN,38,Philadelphia Eagles,PHI,20,MIN,-3.5,44.5,58,0,38,20,18,PHI,0,Away,20,38,-18,-3.5,0
2019-10-20,2019,7,Dallas Cowboys,DAL,37,Philadelphia Eagles,PHI,10,DAL,-3,50,47,0,37,10,27,PHI,0,Away,10,37,-27,-3,0
2019-10-27,2019,8,Buffalo Bills,BUF,13,Philadelphia Eagles,PHI,31,BUF,-1,39.5,44,0,13,31,-18,PHI,0,Away,31,13,18,-1,1
2019-11-03,2019,9,Philadelphia Eagles,PHI,22,Chicago Bears,CHI,14,PHI,-5,41,36,0,22,14,8,PHI,1,Home,22,14,8,5,1
2019-11-17,2019,11,Philadelphia Eagles,PHI,10,New England Patriots,NE,17,NE,-4.5,45,27,0,17,10,7,PHI,0,Home,10,17,-7,-4.5,0
2019-11-24,2019,12,Philadelphia Eagles,PHI,9,Seattle Seahawks,SEA,17,SEA,-2,45.5,26,0,17,9,8,PHI,0,Home,9,17,-8,-2,0
2019-12-01,2019,13,Miami Dolphins,MIA,37,Philadelphia Eagles,PHI,31,PHI,-10,44.5,68,0,31,37,-6,PHI,1,Away,31,37,-6,10,0
2019-12-09,2019,14,Philadelphia Eagles,PHI,23,New York Giants,NYG,17,PHI,-9.5,45,40,0,23,17,6,PHI,1,Home,23,17,6,9.5,0
2019-12-15,2019,15,Washington Redskins,WAS,27,Philadelphia Eagles,PHI,37,PHI,-6.5,38.5,64,0,37,27,10,PHI,1,Away,37,27,10,6.5,1
2019-12-22,2019,16,Philadelphia Eagles,PHI,17,Dallas Cowboys,DAL,9,DAL,-2,46.5,26,0,9,17,-8,PHI,0,Home,17,9,8,-2,1
2019-12-29,2019,17,New York Giants,NYG,17,Philadelphia Eagles,PHI,34,PHI,-3.5,44.5,51,0,34,17,17,PHI,1,Away,34,17,17,3.5,1
2000-09-03,2000,1,Oakland Raiders,OAK,9,San Diego Chargers,LAC,6,OAK,-6.5,39.5,15,0,9,6,3,LAC,0,Away,6,9,-3,-6.5,1
2000-09-10,2000,2,San Diego Chargers,LAC,27,New Orleans Saints,NO,28,LAC,-5.5,35.5,55,0,27,28,-1,LAC,1,Home,27,28,-1,5.5,0
2000-09-17,2000,3,Kansas City Chiefs,KC,42,San Diego Chargers,LAC,10,KC,-4.5,35.5,52,0,42,10,32,LAC,0,Away,10,42,-32,-4.5,0
2000-09-24,2000,4,San Diego Chargers,LAC,12,Seattle Seahawks,SEA,20,SEA,-2.5,36,32,0,20,12,8,LAC,0,Home,12,20,-8,-2.5,0
2000-10-01,2000,5,St. Louis Rams,LAR,57,San Diego Chargers,LAC,31,LAR,-17,53.5,88,0,57,31,26,LAC,0,Away,31,57,-26,-17,0
2000-10-08,2000,6,San Diego Chargers,LAC,7,Denver Broncos,DEN,21,DEN,-6.5,43,28,0,21,7,14,LAC,0,Home,7,21,-14,-6.5,0
2000-10-15,2000,7,Buffalo Bills,BUF,27,San Diego Chargers,LAC,24,BUF,-10,36.5,51,0,27,24,3,LAC,0,Away,24,27,-3,-10,1
2000-10-29,2000,9,San Diego Chargers,LAC,13,Oakland Raiders,OAK,15,OAK,-6.5,42.5,28,0,15,13,2,LAC,0,Home,13,15,-2,-6.5,1
2000-11-05,2000,10,Seattle Seahawks,SEA,17,San Diego Chargers,LAC,15,SEA,-4.5,39.5,32,0,17,15,2,LAC,0,Away,15,17,-2,-4.5,1
2000-11-12,2000,11,San Diego Chargers,LAC,7,Miami Dolphins,MIA,17,MIA,-5,33.5,24,0,17,7,10,LAC,0,Home,7,17,-10,-5,0
2000-11-19,2000,12,Denver Broncos,DEN,38,San Diego Chargers,LAC,37,DEN,-9.5,42.5,75,0,38,37,1,LAC,0,Away,37,38,-1,-9.5,1
2000-11-26,2000,13,San Diego Chargers,LAC,17,Kansas City Chiefs,KC,16,KC,-3,41,33,0,16,17,-1,LAC,0,Home,17,16,1,-3,1
2000-12-03,2000,14,San Diego Chargers,LAC,17,San Francisco 49ers,SF,45,SF,-2.5,44,62,0,45,17,28,LAC,0,Home,17,45,-28,-2.5,0
2000-12-10,2000,15,Baltimore Ravens,BAL,24,San Diego Chargers,LAC,3,BAL,-13.5,36.5,27,0,24,3,21,LAC,0,Away,3,24,-21,-13.5,0
2000-12-17,2000,16,Carolina Panthers,CAR,30,San Diego Chargers,LAC,22,CAR,-8.5,38.5,52,0,30,22,8,LAC,0,Away,22,30,-8,-8.5,1
2000-12-24,2000,17,San Diego Chargers,LAC,21,Pittsburgh Steelers,PIT,34,PIT,-3,37.5,55,0,34,21,13,LAC,0,Home,21,34,-13,-3,0
2001-09-09,2001,1,San Diego Chargers,LAC,30,Washington Redskins,WAS,3,LAC,-2.5,36.5,33,0,30,3,27,LAC,1,Home,30,3,27,2.5,1
2001-09-23,2001,2,Dallas Cowboys,DAL,21,San Diego Chargers,LAC,32,LAC,-3.5,34,53,0,32,21,11,LAC,1,Away,32,21,11,3.5,1
2001-09-30,2001,3,San Diego Chargers,LAC,28,Cincinnati Bengals,CIN,14,LAC,-6.5,39,42,0,28,14,14,LAC,1,Home,28,14,14,6.5,1
2001-10-07,2001,4,Cleveland Browns,CLE,20,San Diego Chargers,LAC,16,LAC,-3,35,36,0,16,20,-4,LAC,1,Away,16,20,-4,3,0
2001-10-14,2001,5,New England Patriots,NE,29,San Diego Chargers,LAC,26,LAC,-3,36,55,0,26,29,-3,LAC,1,Away,26,29,-3,3,0
2001-10-21,2001,6,San Diego Chargers,LAC,27,Denver Broncos,DEN,10,DEN,-2.5,43.5,37,0,10,27,-17,LAC,0,Home,27,10,17,-2.5,1
2001-10-28,2001,7,San Diego Chargers,LAC,27,Buffalo Bills,BUF,24,LAC,-7.5,39,51,0,27,24,3,LAC,1,Home,27,24,3,7.5,0
2001-11-04,2001,8,San Diego Chargers,LAC,20,Kansas City Chiefs,KC,25,LAC,-5.5,41,45,0,20,25,-5,LAC,1,Home,20,25,-5,5.5,0
2001-11-11,2001,9,Denver Broncos,DEN,26,San Diego Chargers,LAC,16,DEN,-5.5,45,42,0,26,16,10,LAC,0,Away,16,26,-10,-5.5,0
2001-11-18,2001,10,Oakland Raiders,OAK,34,San Diego Chargers,LAC,24,OAK,-9,45,58,0,34,24,10,LAC,0,Away,24,34,-10,-9,0
2001-11-25,2001,11,San Diego Chargers,LAC,17,Arizona Cardinals,ARI,20,LAC,-7,44,37,0,17,20,-3,LAC,1,Home,17,20,-3,7,0
2001-12-02,2001,12,Seattle Seahawks,SEA,13,San Diego Chargers,LAC,10,SEA,-3,43,23,0,13,10,3,LAC,0,Away,10,13,-3,-3,0
2001-12-09,2001,13,Philadelphia Eagles,PHI,24,San Diego Chargers,LAC,14,PHI,-7,37.5,38,0,24,14,10,LAC,0,Away,14,24,-10,-7,0
2001-12-15,2001,14,San Diego Chargers,LAC,6,Oakland Raiders,OAK,13,OAK,-4,46.5,19,0,13,6,7,LAC,0,Home,6,13,-7,-4,0
2001-12-23,2001,15,Kansas City Chiefs,KC,20,San Diego Chargers,LAC,17,KC,-3.5,40,37,0,20,17,3,LAC,0,Away,17,20,-3,-3.5,1
2001-12-30,2001,16,San Diego Chargers,LAC,22,Seattle Seahawks,SEA,25,LAC,-1.5,39,47,0,22,25,-3,LAC,1,Home,22,25,-3,1.5,0
2002-09-08,2002,1,Cincinnati Bengals,CIN,6,San Diego Chargers,LAC,34,CIN,-3,37,40,0,6,34,-28,LAC,0,Away,34,6,28,-3,1
2002-09-15,2002,2,San Diego Chargers,LAC,24,Houston Texans,HOU,3,LAC,-13.5,34,27,0,24,3,21,LAC,1,Home,24,3,21,13.5,1
2002-09-22,2002,3,Arizona Cardinals,ARI,15,San Diego Chargers,LAC,23,LAC,-2.5,39,38,0,23,15,8,LAC,1,Away,23,15,8,2.5,1
2002-09-29,2002,4,San Diego Chargers,LAC,21,New England Patriots,NE,14,NE,-3,40.5,35,0,14,21,-7,LAC,0,Home,21,14,7,-3,1
2002-10-06,2002,5,Denver Broncos,DEN,26,San Diego Chargers,LAC,9,DEN,-6.5,39.5,35,0,26,9,17,LAC,0,Away,9,26,-17,-6.5,0
2002-10-13,2002,6,San Diego Chargers,LAC,35,Kansas City Chiefs,KC,34,LAC,-3,46.5,69,0,35,34,1,LAC,1,Home,35,34,1,3,0
2002-10-20,2002,7,Oakland Raiders,OAK,21,San Diego Chargers,LAC,27,OAK,-7,47,48,0,21,27,-6,LAC,0,Away,27,21,6,-7,1
2002-11-03,2002,9,San Diego Chargers,LAC,13,New York Jets,NYJ,44,LAC,-8.5,41,57,0,13,44,-31,LAC,1,Home,13,44,-31,8.5,0
2002-11-10,2002,10,St. Louis Rams,LAR,28,San Diego Chargers,LAC,24,LAR,-6,44,52,0,28,24,4,LAC,0,Away,24,28,-4,-6,1
2002-11-17,2002,11,San Diego Chargers,LAC,20,San Francisco 49ers,SF,17,SF,-2.5,43,37,0,17,20,-3,LAC,0,Home,20,17,3,-2.5,1
2002-11-24,2002,12,Miami Dolphins,MIA,30,San Diego Chargers,LAC,3,MIA,-4,36.5,33,0,30,3,27,LAC,0,Away,3,30,-27,-4,0
2002-12-01,2002,13,San Diego Chargers,LAC,30,Denver Broncos,DEN,27,DEN,-3,40,57,0,27,30,-3,LAC,0,Home,30,27,3,-3,1
2002-12-08,2002,14,San Diego Chargers,LAC,7,Oakland Raiders,OAK,27,OAK,-3.5,45.5,34,0,27,7,20,LAC,0,Home,7,27,-20,-3.5,0
2002-12-15,2002,15,Buffalo Bills,BUF,20,San Diego Chargers,LAC,13,BUF,-3,42.5,33,0,20,13,7,LAC,0,Away,13,20,-7,-3,0
2002-12-22,2002,16,Kansas City Chiefs,KC,24,San Diego Chargers,LAC,22,KC,-1.5,44,46,0,24,22,2,LAC,0,Away,22,24,-2,-1.5,0
2002-12-29,2002,17,San Diego Chargers,LAC,28,Seattle Seahawks,SEA,31,LAC,-3,42.5,59,0,28,31,-3,LAC,1,Home,28,31,-3,3,0
2003-09-07,2003,1,Kansas City Chiefs,KC,27,San Diego Chargers,LAC,14,KC,-4.5,47,41,0,27,14,13,LAC,0,Away,14,27,-13,-4.5,0
2003-09-14,2003,2,San Diego Chargers,LAC,13,Denver Broncos,DEN,37,DEN,-3,43,50,0,37,13,24,LAC,0,Home,13,37,-24,-3,0
2003-09-21,2003,3,San Diego Chargers,LAC,10,Baltimore Ravens,BAL,24,LAC,-1.5,38.5,34,0,10,24,-14,LAC,1,Home,10,24,-14,1.5,0
2003-09-28,2003,4,Oakland Raiders,OAK,34,San Diego Chargers,LAC,31,OAK,-7,41.5,65,0,34,31,3,LAC,0,Away,31,34,-3,-7,1
2003-10-05,2003,5,Jacksonville Jaguars,JAX,27,San Diego Chargers,LAC,21,JAX,-3,42.5,48,0,27,21,6,LAC,0,Away,21,27,-6,-3,0
2003-10-19,2003,7,Cleveland Browns,CLE,20,San Diego Chargers,LAC,26,CLE,-3.5,41,46,0,20,26,-6,LAC,0,Away,26,20,6,-3.5,1
2003-11-02,2003,9,Chicago Bears,CHI,20,San Diego Chargers,LAC,7,CHI,-1,39,27,0,20,7,13,LAC,0,Away,7,20,-13,-1,0
2003-11-09,2003,10,San Diego Chargers,LAC,42,Minnesota Vikings,MIN,28,MIN,-5.5,45,70,0,28,42,-14,LAC,0,Home,42,28,14,-5.5,1
2003-11-16,2003,11,Denver Broncos,DEN,37,San Diego Chargers,LAC,8,DEN,-8.5,44,45,0,37,8,29,LAC,0,Away,8,37,-29,-8.5,0
2003-11-23,2003,12,San Diego Chargers,LAC,27,Cincinnati Bengals,CIN,34,CIN,-3,43,61,0,34,27,7,LAC,0,Home,27,34,-7,-3,0
2003-11-30,2003,13,San Diego Chargers,LAC,24,Kansas City Chiefs,KC,28,KC,-7.5,48.5,52,0,28,24,4,LAC,0,Home,24,28,-4,-7.5,1
2003-12-07,2003,14,Detroit Lions,DET,7,San Diego Chargers,LAC,14,DET,-3,43.5,21,0,7,14,-7,LAC,0,Away,14,7,7,-3,1
2003-12-14,2003,15,San Diego Chargers,LAC,21,Green Bay Packers,GB,38,GB,-5,45.5,59,0,38,21,17,LAC,0,Home,21,38,-17,-5,0
2003-12-21,2003,16,Pittsburgh Steelers,PIT,40,San Diego Chargers,LAC,24,PIT,-6.5,42,64,0,40,24,16,LAC,0,Away,24,40,-16,-6.5,0
2003-12-28,2003,17,San Diego Chargers,LAC,21,Oakland Raiders,OAK,14,LAC,-6,46,35,0,21,14,7,LAC,1,Home,21,14,7,6,1
2004-09-12,2004,1,Houston Texans,HOU,20,San Diego Chargers,LAC,27,HOU,-4.5,44,47,0,20,27,-7,LAC,0,Away,27,20,7,-4.5,1
2004-09-19,2004,2,San Diego Chargers,LAC,28,New York Jets,NYJ,34,NYJ,-3,47,62,0,34,28,6,LAC,0,Home,28,34,-6,-3,0
2004-09-26,2004,3,Denver Broncos,DEN,23,San Diego Chargers,LAC,13,DEN,-9.5,46,36,0,23,13,10,LAC,0,Away,13,23,-10,-9.5,0
2004-10-03,2004,4,San Diego Chargers,LAC,38,Tennessee Titans,TEN,17,TEN,-3,41,55,0,17,38,-21,LAC,0,Home,38,17,21,-3,1
2004-10-10,2004,5,San Diego Chargers,LAC,34,Jacksonville Jaguars,JAX,21,JAX,-2.5,37,55,0,21,34,-13,LAC,0,Home,34,21,13,-2.5,1
2004-10-17,2004,6,Atlanta Falcons,ATL,21,San Diego Chargers,LAC,20,ATL,-5.5,43,41,0,21,20,1,LAC,0,Away,20,21,-1,-5.5,1
2004-10-24,2004,7,Carolina Panthers,CAR,6,San Diego Chargers,LAC,17,CAR,-3,42,23,0,6,17,-11,LAC,0,Away,17,6,11,-3,1
2004-10-31,2004,8,San Diego Chargers,LAC,42,Oakland Raiders,OAK,14,LAC,-6,46,56,0,42,14,28,LAC,1,Home,42,14,28,6,1
2004-11-07,2004,9,San Diego Chargers,LAC,43,New Orleans Saints,NO,17,LAC,-6.5,49.5,60,0,43,17,26,LAC,1,Home,43,17,26,6.5,1
2004-11-21,2004,11,Oakland Raiders,OAK,17,San Diego Chargers,LAC,23,LAC,-4.5,47.5,40,0,23,17,6,LAC,1,Away,23,17,6,4.5,1
2004-11-28,2004,12,Kansas City Chiefs,KC,31,San Diego Chargers,LAC,34,KC,-3,54,65,0,31,34,-3,LAC,0,Away,34,31,3,-3,1
2004-12-05,2004,13,San Diego Chargers,LAC,20,Denver Broncos,DEN,17,LAC,-3,46.5,37,0,20,17,3,LAC,1,Home,20,17,3,3,0
2004-12-12,2004,14,San Diego Chargers,LAC,31,Tampa Bay Buccaneers,TB,24,LAC,-4,42.5,55,0,31,24,7,LAC,1,Home,31,24,7,4,1
2004-12-19,2004,15,Cleveland Browns,CLE,0,San Diego Chargers,LAC,21,LAC,-8,35,21,0,21,0,21,LAC,1,Away,21,0,21,8,1
2004-12-26,2004,16,Indianapolis Colts,IND,34,San Diego Chargers,LAC,31,IND,-7,56,65,0,34,31,3,LAC,0,Away,31,34,-3,-7,1
2005-01-02,2004,17,San Diego Chargers,LAC,24,Kansas City Chiefs,KC,17,KC,-6.5,51.5,41,0,17,24,-7,LAC,0,Home,24,17,7,-6.5,1
2005-09-11,2005,1,San Diego Chargers,LAC,24,Dallas Cowboys,DAL,28,LAC,-5,41,52,0,24,28,-4,LAC,1,Home,24,28,-4,5,0
2005-09-18,2005,2,Denver Broncos,DEN,20,San Diego Chargers,LAC,17,DEN,-3,44,37,0,20,17,3,LAC,0,Away,17,20,-3,-3,0
2005-09-25,2005,3,San Diego Chargers,LAC,45,New York Giants,NYG,23,LAC,-5.5,42.5,68,0,45,23,22,LAC,1,Home,45,23,22,5.5,1
2005-10-02,2005,4,New England Patriots,NE,17,San Diego Chargers,LAC,41,NE,-5.5,47,58,0,17,41,-24,LAC,0,Away,41,17,24,-5.5,1
2005-10-10,2005,5,San Diego Chargers,LAC,22,Pittsburgh Steelers,PIT,24,LAC,-3,45.5,46,0,22,24,-2,LAC,1,Home,22,24,-2,3,0
2005-10-16,2005,6,Oakland Raiders,OAK,14,San Diego Chargers,LAC,27,PICK,0,50.5,41,0,27,14,13,LAC,0,Away,27,14,13,0,1
2005-10-23,2005,7,Philadelphia Eagles,PHI,20,San Diego Chargers,LAC,17,PHI,-4,47,37,0,20,17,3,LAC,0,Away,17,20,-3,-4,1
2005-10-30,2005,8,San Diego Chargers,LAC,28,Kansas City Chiefs,KC,20,LAC,-5,51,48,0,28,20,8,LAC,1,Home,28,20,8,5,1
2005-11-06,2005,9,New York Jets,NYJ,26,San Diego Chargers,LAC,31,LAC,-5.5,41.5,57,0,31,26,5,LAC,1,Away,31,26,5,5.5,0
2005-11-20,2005,11,San Diego Chargers,LAC,48,Buffalo Bills,BUF,10,LAC,-9,42,58,0,48,10,38,LAC,1,Home,48,10,38,9,1
2005-11-27,2005,12,Washington Redskins,WAS,17,San Diego Chargers,LAC,23,LAC,-3,44,40,0,23,17,6,LAC,1,Away,23,17,6,3,1
2005-12-04,2005,13,San Diego Chargers,LAC,34,Oakland Raiders,OAK,10,LAC,-10,50.5,44,0,34,10,24,LAC,1,Home,34,10,24,10,1
2005-12-11,2005,14,San Diego Chargers,LAC,21,Miami Dolphins,MIA,23,LAC,-13.5,45,44,0,21,23,-2,LAC,1,Home,21,23,-2,13.5,0
2005-12-18,2005,15,Indianapolis Colts,IND,17,San Diego Chargers,LAC,26,IND,-7.5,51,43,0,17,26,-9,LAC,0,Away,26,17,9,-7.5,1
2005-12-24,2005,16,Kansas City Chiefs,KC,20,San Diego Chargers,LAC,7,KC,-1,49.5,27,0,20,7,13,LAC,0,Away,7,20,-13,-1,0
2005-12-31,2005,17,San Diego Chargers,LAC,7,Denver Broncos,DEN,23,LAC,-7,44,30,0,7,23,-16,LAC,1,Home,7,23,-16,7,0
2006-09-11,2006,1,Oakland Raiders,OAK,0,San Diego Chargers,LAC,27,LAC,-3,41.5,27,0,27,0,27,LAC,1,Away,27,0,27,3,1
2006-09-17,2006,2,San Diego Chargers,LAC,40,Tennessee Titans,TEN,7,LAC,-12,38.5,47,0,40,7,33,LAC,1,Home,40,7,33,12,1
2006-10-01,2006,4,Baltimore Ravens,BAL,16,San Diego Chargers,LAC,13,LAC,-1,33.5,29,0,13,16,-3,LAC,1,Away,13,16,-3,1,0
2006-10-08,2006,5,San Diego Chargers,LAC,23,Pittsburgh Steelers,PIT,13,LAC,-3,37.5,36,0,23,13,10,LAC,1,Home,23,13,10,3,1
2006-10-15,2006,6,San Francisco 49ers,SF,19,San Diego Chargers,LAC,48,LAC,-10,42.5,67,0,48,19,29,LAC,1,Away,48,19,29,10,1
2006-10-22,2006,7,Kansas City Chiefs,KC,30,San Diego Chargers,LAC,27,LAC,-5.5,39,57,0,27,30,-3,LAC,1,Away,27,30,-3,5.5,0
2006-10-29,2006,8,San Diego Chargers,LAC,38,St. Louis Rams,LAR,24,LAC,-9,46,62,0,38,24,14,LAC,1,Home,38,24,14,9,1
2006-11-05,2006,9,San Diego Chargers,LAC,32,Cleveland Browns,CLE,25,LAC,-13.5,42,57,0,32,25,7,LAC,1,Home,32,25,7,13.5,0
2006-11-12,2006,10,Cincinnati Bengals,CIN,41,San Diego Chargers,LAC,49,LAC,-1.5,48,90,0,49,41,8,LAC,1,Away,49,41,8,1.5,1
2006-11-19,2006,11,Denver Broncos,DEN,27,San Diego Chargers,LAC,35,DEN,-2.5,42.5,62,0,27,35,-8,LAC,0,Away,35,27,8,-2.5,1
2006-11-26,2006,12,San Diego Chargers,LAC,21,Oakland Raiders,OAK,14,LAC,-13,43,35,0,21,14,7,LAC,1,Home,21,14,7,13,0
2006-12-03,2006,13,Buffalo Bills,BUF,21,San Diego Chargers,LAC,24,LAC,-5.5,42.5,45,0,24,21,3,LAC,1,Away,24,21,3,5.5,0
2006-12-10,2006,14,San Diego Chargers,LAC,48,Denver Broncos,DEN,20,LAC,-7,41,68,0,48,20,28,LAC,1,Home,48,20,28,7,1
2006-12-17,2006,15,San Diego Chargers,LAC,20,Kansas City Chiefs,KC,9,LAC,-9,47,29,0,20,9,11,LAC,1,Home,20,9,11,9,1
2006-12-24,2006,16,Seattle Seahawks,SEA,17,San Diego Chargers,LAC,20,LAC,-4.5,45,37,0,20,17,3,LAC,1,Away,20,17,3,4.5,0
2006-12-31,2006,17,San Diego Chargers,LAC,27,Arizona Cardinals,ARI,20,LAC,-14,44,47,0,27,20,7,LAC,1,Home,27,20,7,14,0
2007-09-09,2007,1,San Diego Chargers,LAC,14,Chicago Bears,CHI,3,LAC,-6,42.5,17,0,14,3,11,LAC,1,Home,14,3,11,6,1
2007-09-16,2007,2,New England Patriots,NE,38,San Diego Chargers,LAC,14,NE,-3.5,46,52,0,38,14,24,LAC,0,Away,14,38,-24,-3.5,0
2007-09-23,2007,3,Green Bay Packers,GB,31,San Diego Chargers,LAC,24,LAC,-5.5,42.5,55,0,24,31,-7,LAC,1,Away,24,31,-7,5.5,0
2007-09-30,2007,4,San Diego Chargers,LAC,16,Kansas City Chiefs,KC,30,LAC,-12,38.5,46,0,16,30,-14,LAC,1,Home,16,30,-14,12,0
2007-10-07,2007,5,Denver Broncos,DEN,3,San Diego Chargers,LAC,41,LAC,-1,43.5,44,0,41,3,38,LAC,1,Away,41,3,38,1,1
2007-10-14,2007,6,San Diego Chargers,LAC,28,Oakland Raiders,OAK,14,LAC,-9.5,44,42,0,28,14,14,LAC,1,Home,28,14,14,9.5,1
2007-10-28,2007,8,San Diego Chargers,LAC,35,Houston Texans,HOU,10,LAC,-10,45.5,45,0,35,10,25,LAC,1,Home,35,10,25,10,1
2007-11-04,2007,9,Minnesota Vikings,MIN,35,San Diego Chargers,LAC,17,LAC,-7,42,52,0,17,35,-18,LAC,1,Away,17,35,-18,7,0
2007-11-11,2007,10,San Diego Chargers,LAC,23,Indianapolis Colts,IND,21,IND,-3.5,47.5,44,0,21,23,-2,LAC,0,Home,23,21,2,-3.5,1
2007-11-18,2007,11,Jacksonville Jaguars,JAX,24,San Diego Chargers,LAC,17,JAX,-3,40.5,41,0,24,17,7,LAC,0,Away,17,24,-7,-3,0
2007-11-25,2007,12,San Diego Chargers,LAC,32,Baltimore Ravens,BAL,14,LAC,-9,38.5,46,0,32,14,18,LAC,1,Home,32,14,18,9,1
2007-12-02,2007,13,Kansas City Chiefs,KC,10,San Diego Chargers,LAC,24,LAC,-6,37.5,34,0,24,10,14,LAC,1,Away,24,10,14,6,1
2007-12-09,2007,14,Tennessee Titans,TEN,17,San Diego Chargers,LAC,23,LAC,-1,40,40,0,23,17,6,LAC,1,Away,23,17,6,1,1
2007-12-16,2007,15,San Diego Chargers,LAC,51,Detroit Lions,DET,14,LAC,-9.5,46,65,0,51,14,37,LAC,1,Home,51,14,37,9.5,1
2007-12-24,2007,16,San Diego Chargers,LAC,23,Denver Broncos,DEN,3,LAC,-8.5,47,26,0,23,3,20,LAC,1,Home,23,3,20,8.5,1
2007-12-30,2007,17,Oakland Raiders,OAK,17,San Diego Chargers,LAC,30,LAC,-9,42.5,47,0,30,17,13,LAC,1,Away,30,17,13,9,1
2008-09-07,2008,1,San Diego Chargers,LAC,24,Carolina Panthers,CAR,26,LAC,-9.5,41,50,0,24,26,-2,LAC,1,Home,24,26,-2,9.5,0
2008-09-14,2008,2,Denver Broncos,DEN,39,San Diego Chargers,LAC,38,DEN,-1,46.5,77,0,39,38,1,LAC,0,Away,38,39,-1,-1,0
2008-09-22,2008,3,San Diego Chargers,LAC,48,New York Jets,NYJ,29,LAC,-8,46.5,77,0,48,29,19,LAC,1,Home,48,29,19,8,1
2008-09-28,2008,4,Oakland Raiders,OAK,18,San Diego Chargers,LAC,28,LAC,-8,45.5,46,0,28,18,10,LAC,1,Away,28,18,10,8,1
2008-10-05,2008,5,Miami Dolphins,MIA,17,San Diego Chargers,LAC,10,LAC,-6,44.5,27,0,10,17,-7,LAC,1,Away,10,17,-7,6,0
2008-10-12,2008,6,San Diego Chargers,LAC,30,New England Patriots,NE,10,LAC,-6,44,40,0,30,10,20,LAC,1,Home,30,10,20,6,1
2008-10-19,2008,7,Buffalo Bills,BUF,23,San Diego Chargers,LAC,14,BUF,-1,45,37,0,23,14,9,LAC,0,Away,14,23,-9,-1,0
2008-11-09,2008,10,San Diego Chargers,LAC,20,Kansas City Chiefs,KC,19,LAC,-14.5,47.5,39,0,20,19,1,LAC,1,Home,20,19,1,14.5,0
2008-11-16,2008,11,Pittsburgh Steelers,PIT,11,San Diego Chargers,LAC,10,PIT,-4.5,40.5,21,0,11,10,1,LAC,0,Away,10,11,-1,-4.5,1
2008-11-23,2008,12,San Diego Chargers,LAC,20,Indianapolis Colts,IND,23,LAC,-3,49,43,0,20,23,-3,LAC,1,Home,20,23,-3,3,0
2008-11-30,2008,13,San Diego Chargers,LAC,16,Atlanta Falcons,ATL,22,LAC,-6.5,48,38,0,16,22,-6,LAC,1,Home,16,22,-6,6.5,0
2008-12-04,2008,14,San Diego Chargers,LAC,34,Oakland Raiders,OAK,7,LAC,-9,41,41,0,34,7,27,LAC,1,Home,34,7,27,9,1
2008-12-14,2008,15,Kansas City Chiefs,KC,21,San Diego Chargers,LAC,22,LAC,-5.5,41,43,0,22,21,1,LAC,1,Away,22,21,1,5.5,0
2008-12-21,2008,16,Tampa Bay Buccaneers,TB,24,San Diego Chargers,LAC,41,TB,-4.5,42.5,65,0,24,41,-17,LAC,0,Away,41,24,17,-4.5,1
2008-12-28,2008,17,San Diego Chargers,LAC,52,Denver Broncos,DEN,21,LAC,-7,50.5,73,0,52,21,31,LAC,1,Home,52,21,31,7,1
2009-09-14,2009,1,Oakland Raiders,OAK,20,San Diego Chargers,LAC,24,LAC,-10,43,44,0,24,20,4,LAC,1,Away,24,20,4,10,0
2009-09-20,2009,2,San Diego Chargers,LAC,26,Baltimore Ravens,BAL,31,LAC,-1,41,57,0,26,31,-5,LAC,1,Home,26,31,-5,1,0
2009-09-27,2009,3,San Diego Chargers,LAC,23,Miami Dolphins,MIA,13,LAC,-5.5,45.5,36,0,23,13,10,LAC,1,Home,23,13,10,5.5,1
2009-10-04,2009,4,Pittsburgh Steelers,PIT,38,San Diego Chargers,LAC,28,PIT,-5.5,43.5,66,0,38,28,10,LAC,0,Away,28,38,-10,-5.5,0
2009-10-19,2009,6,San Diego Chargers,LAC,23,Denver Broncos,DEN,34,LAC,-3.5,45,57,0,23,34,-11,LAC,1,Home,23,34,-11,3.5,0
2009-10-25,2009,7,Kansas City Chiefs,KC,7,San Diego Chargers,LAC,37,LAC,-5.5,44,44,0,37,7,30,LAC,1,Away,37,7,30,5.5,1
2009-11-01,2009,8,San Diego Chargers,LAC,24,Oakland Raiders,OAK,16,LAC,-16.5,41.5,40,0,24,16,8,LAC,1,Home,24,16,8,16.5,0
2009-11-08,2009,9,New York Giants,NYG,20,San Diego Chargers,LAC,21,NYG,-4.5,48,41,0,20,21,-1,LAC,0,Away,21,20,1,-4.5,1
2009-11-15,2009,10,San Diego Chargers,LAC,31,Philadelphia Eagles,PHI,23,LAC,-1.5,47,54,0,31,23,8,LAC,1,Home,31,23,8,1.5,1
2009-11-22,2009,11,Denver Broncos,DEN,3,San Diego Chargers,LAC,32,LAC,-6,42,35,0,32,3,29,LAC,1,Away,32,3,29,6,1
2009-11-29,2009,12,San Diego Chargers,LAC,43,Kansas City Chiefs,KC,14,LAC,-13.5,45,57,0,43,14,29,LAC,1,Home,43,14,29,13.5,1
2009-12-06,2009,13,Cleveland Browns,CLE,23,San Diego Chargers,LAC,30,LAC,-13.5,42.5,53,0,30,23,7,LAC,1,Away,30,23,7,13.5,0
2009-12-13,2009,14,Dallas Cowboys,DAL,17,San Diego Chargers,LAC,20,DAL,-3.5,48.5,37,0,17,20,-3,LAC,0,Away,20,17,3,-3.5,1
2009-12-20,2009,15,San Diego Chargers,LAC,27,Cincinnati Bengals,CIN,24,LAC,-7,43.5,51,0,27,24,3,LAC,1,Home,27,24,3,7,0
2009-12-25,2009,16,Tennessee Titans,TEN,17,San Diego Chargers,LAC,42,TEN,-2,48,59,0,17,42,-25,LAC,0,Away,42,17,25,-2,1
2010-01-03,2009,17,San Diego Chargers,LAC,23,Washington Redskins,WAS,20,LAC,-3,39,43,0,23,20,3,LAC,1,Home,23,20,3,3,0
2010-09-13,2010,1,Kansas City Chiefs,KC,21,San Diego Chargers,LAC,14,LAC,-4,45.5,35,0,14,21,-7,LAC,1,Away,14,21,-7,4,0
2010-09-19,2010,2,San Diego Chargers,LAC,38,Jacksonville Jaguars,JAX,13,LAC,-7,45,51,0,38,13,25,LAC,1,Home,38,13,25,7,1
2010-09-26,2010,3,Seattle Seahawks,SEA,27,San Diego Chargers,LAC,20,LAC,-4,44,47,0,20,27,-7,LAC,1,Away,20,27,-7,4,0
2010-10-03,2010,4,San Diego Chargers,LAC,41,Arizona Cardinals,ARI,10,LAC,-9.5,46.5,51,0,41,10,31,LAC,1,Home,41,10,31,9.5,1
2010-10-10,2010,5,Oakland Raiders,OAK,35,San Diego Chargers,LAC,27,LAC,-7,44,62,0,27,35,-8,LAC,1,Away,27,35,-8,7,0
2010-10-17,2010,6,St. Louis Rams,LAR,20,San Diego Chargers,LAC,17,LAC,-8.5,45,37,0,17,20,-3,LAC,1,Away,17,20,-3,8.5,0
2010-10-24,2010,7,San Diego Chargers,LAC,20,New England Patriots,NE,23,LAC,-1.5,49.5,43,0,20,23,-3,LAC,1,Home,20,23,-3,1.5,0
2010-10-31,2010,8,San Diego Chargers,LAC,33,Tennessee Titans,TEN,25,LAC,-6,45,58,0,33,25,8,LAC,1,Home,33,25,8,6,1
2010-11-07,2010,9,Houston Texans,HOU,23,San Diego Chargers,LAC,29,LAC,-3,49.5,52,0,29,23,6,LAC,1,Away,29,23,6,3,1
2010-11-22,2010,11,San Diego Chargers,LAC,35,Denver Broncos,DEN,14,LAC,-9,50,49,0,35,14,21,LAC,1,Home,35,14,21,9,1
2010-11-28,2010,12,Indianapolis Colts,IND,14,San Diego Chargers,LAC,36,IND,-2,51,50,0,14,36,-22,LAC,0,Away,36,14,22,-2,1
2010-12-05,2010,13,San Diego Chargers,LAC,13,Oakland Raiders,OAK,28,LAC,-13,44.5,41,0,13,28,-15,LAC,1,Home,13,28,-15,13,0
2010-12-12,2010,14,San Diego Chargers,LAC,31,Kansas City Chiefs,KC,0,LAC,-10,45.5,31,0,31,0,31,LAC,1,Home,31,0,31,10,1
2010-12-16,2010,15,San Diego Chargers,LAC,34,San Francisco 49ers,SF,7,LAC,-10.5,45,41,0,34,7,27,LAC,1,Home,34,7,27,10.5,1
2010-12-26,2010,16,Cincinnati Bengals,CIN,34,San Diego Chargers,LAC,20,LAC,-8,43.5,54,0,20,34,-14,LAC,1,Away,20,34,-14,8,0
2011-01-02,2010,17,Denver Broncos,DEN,28,San Diego Chargers,LAC,33,LAC,-3.5,47.5,61,0,33,28,5,LAC,1,Away,33,28,5,3.5,1
2011-09-11,2011,1,San Diego Chargers,LAC,24,Minnesota Vikings,MIN,17,LAC,-8.5,43,41,0,24,17,7,LAC,1,Home,24,17,7,8.5,0
2011-09-18,2011,2,New England Patriots,NE,35,San Diego Chargers,LAC,21,NE,-7,53.5,56,0,35,21,14,LAC,0,Away,21,35,-14,-7,0
2011-09-25,2011,3,San Diego Chargers,LAC,20,Kansas City Chiefs,KC,17,LAC,-14.5,44.5,37,0,20,17,3,LAC,1,Home,20,17,3,14.5,0
2011-10-02,2011,4,San Diego Chargers,LAC,26,Miami Dolphins,MIA,16,LAC,-7,45,42,0,26,16,10,LAC,1,Home,26,16,10,7,1
2011-10-09,2011,5,Denver Broncos,DEN,24,San Diego Chargers,LAC,29,LAC,-3.5,46.5,53,0,29,24,5,LAC,1,Away,29,24,5,3.5,1
2011-10-23,2011,7,New York Jets,NYJ,27,San Diego Chargers,LAC,21,LAC,-1,43.5,48,0,21,27,-6,LAC,1,Away,21,27,-6,1,0
2011-10-31,2011,8,Kansas City Chiefs,KC,23,San Diego Chargers,LAC,20,LAC,-3,44.5,43,0,20,23,-3,LAC,1,Away,20,23,-3,3,0
2011-11-06,2011,9,San Diego Chargers,LAC,38,Green Bay Packers,GB,45,GB,-6,51,83,0,45,38,7,LAC,0,Home,38,45,-7,-6,0
2011-11-10,2011,10,San Diego Chargers,LAC,17,Oakland Raiders,OAK,24,LAC,-7,48,41,0,17,24,-7,LAC,1,Home,17,24,-7,7,0
2011-11-20,2011,11,Chicago Bears,CHI,31,San Diego Chargers,LAC,20,CHI,-4.5,45.5,51,0,31,20,11,LAC,0,Away,20,31,-11,-4.5,0
2011-11-27,2011,12,San Diego Chargers,LAC,13,Denver Broncos,DEN,16,LAC,-5.5,42,29,0,13,16,-3,LAC,1,Home,13,16,-3,5.5,0
2011-12-05,2011,13,Jacksonville Jaguars,JAX,14,San Diego Chargers,LAC,38,LAC,-3,39.5,52,0,38,14,24,LAC,1,Away,38,14,24,3,1
2011-12-11,2011,14,San Diego Chargers,LAC,37,Buffalo Bills,BUF,10,LAC,-7,49,47,0,37,10,27,LAC,1,Home,37,10,27,7,1
2011-12-18,2011,15,San Diego Chargers,LAC,34,Baltimore Ravens,BAL,14,BAL,-2.5,44,48,0,14,34,-20,LAC,0,Home,34,14,20,-2.5,1
2011-12-24,2011,16,Detroit Lions,DET,38,San Diego Chargers,LAC,10,LAC,-1,53,48,0,10,38,-28,LAC,1,Away,10,38,-28,1,0
2012-01-01,2011,17,Oakland Raiders,OAK,26,San Diego Chargers,LAC,38,OAK,-3,48.5,64,0,26,38,-12,LAC,0,Away,38,26,12,-3,1
2012-09-10,2012,1,Oakland Raiders,OAK,14,San Diego Chargers,LAC,22,OAK,-1,47.5,36,0,14,22,-8,LAC,0,Away,22,14,8,-1,1
2012-09-16,2012,2,San Diego Chargers,LAC,38,Tennessee Titans,TEN,10,LAC,-6,43.5,48,0,38,10,28,LAC,1,Home,38,10,28,6,1
2012-09-23,2012,3,San Diego Chargers,LAC,3,Atlanta Falcons,ATL,27,LAC,-3,47.5,30,0,3,27,-24,LAC,1,Home,3,27,-24,3,0
2012-09-30,2012,4,Kansas City Chiefs,KC,20,San Diego Chargers,LAC,37,LAC,-2.5,43.5,57,0,37,20,17,LAC,1,Away,37,20,17,2.5,1
2012-10-07,2012,5,New Orleans Saints,NO,31,San Diego Chargers,LAC,24,NO,-3.5,52.5,55,0,31,24,7,LAC,0,Away,24,31,-7,-3.5,0
2012-10-15,2012,6,San Diego Chargers,LAC,24,Denver Broncos,DEN,35,PICK,0,47.5,59,0,35,24,11,LAC,0,Home,24,35,-11,0,0
2012-10-28,2012,8,Cleveland Browns,CLE,7,San Diego Chargers,LAC,6,LAC,-3,41,13,0,6,7,-1,LAC,1,Away,6,7,-1,3,0
2012-11-01,2012,9,San Diego Chargers,LAC,31,Kansas City Chiefs,KC,13,LAC,-7,41,44,0,31,13,18,LAC,1,Home,31,13,18,7,1
2012-11-11,2012,10,Tampa Bay Buccaneers,TB,34,San Diego Chargers,LAC,24,TB,-3,47,58,0,34,24,10,LAC,0,Away,24,34,-10,-3,0
2012-11-18,2012,11,Denver Broncos,DEN,30,San Diego Chargers,LAC,23,DEN,-7.5,48,53,0,30,23,7,LAC,0,Away,23,30,-7,-7.5,1
2012-11-25,2012,12,San Diego Chargers,LAC,13,Baltimore Ravens,BAL,16,BAL,-1,47,29,0,16,13,3,LAC,0,Home,13,16,-3,-1,0
2012-12-02,2012,13,San Diego Chargers,LAC,13,Cincinnati Bengals,CIN,20,CIN,-2.5,46,33,0,20,13,7,LAC,0,Home,13,20,-7,-2.5,0
2012-12-09,2012,14,Pittsburgh Steelers,PIT,24,San Diego Chargers,LAC,34,PIT,-7.5,38,58,0,24,34,-10,LAC,0,Away,34,24,10,-7.5,1
2012-12-16,2012,15,San Diego Chargers,LAC,7,Carolina Panthers,CAR,31,LAC,-3,45.5,38,0,7,31,-24,LAC,1,Home,7,31,-24,3,0
2012-12-23,2012,16,New York Jets,NYJ,17,San Diego Chargers,LAC,27,NYJ,-3,38,44,0,17,27,-10,LAC,0,Away,27,17,10,-3,1
2012-12-30,2012,17,San Diego Chargers,LAC,24,Oakland Raiders,OAK,21,LAC,-8,41.5,45,0,24,21,3,LAC,1,Home,24,21,3,8,0
2013-09-09,2013,1,San Diego Chargers,LAC,28,Houston Texans,HOU,31,HOU,-6.5,45.5,59,0,31,28,3,LAC,0,Home,28,31,-3,-6.5,1
2013-09-15,2013,2,Philadelphia Eagles,PHI,30,San Diego Chargers,LAC,33,PHI,-7.5,54,63,0,30,33,-3,LAC,0,Away,33,30,3,-7.5,1
2013-09-22,2013,3,Tennessee Titans,TEN,20,San Diego Chargers,LAC,17,TEN,-3,43.5,37,0,20,17,3,LAC,0,Away,17,20,-3,-3,0
2013-09-29,2013,4,San Diego Chargers,LAC,30,Dallas Cowboys,DAL,21,DAL,-1.5,48,51,0,21,30,-9,LAC,0,Home,30,21,9,-1.5,1
2013-10-06,2013,5,Oakland Raiders,OAK,27,San Diego Chargers,LAC,17,LAC,-5,47,44,0,17,27,-10,LAC,1,Away,17,27,-10,5,0
2013-10-14,2013,6,San Diego Chargers,LAC,19,Indianapolis Colts,IND,9,PICK,0,50.5,28,0,9,19,-10,LAC,0,Home,19,9,10,0,1
2013-10-20,2013,7,Jacksonville Jaguars,JAX,6,San Diego Chargers,LAC,24,LAC,-7,44.5,30,0,24,6,18,LAC,1,Away,24,6,18,7,1
2013-11-03,2013,9,Washington Redskins,WAS,30,San Diego Chargers,LAC,24,PICK,0,48.5,54,0,24,30,-6,LAC,0,Away,24,30,-6,0,0
2013-11-10,2013,10,San Diego Chargers,LAC,20,Denver Broncos,DEN,28,DEN,-7,57,48,0,28,20,8,LAC,0,Home,20,28,-8,-7,0
2013-11-17,2013,11,Miami Dolphins,MIA,20,San Diego Chargers,LAC,16,LAC,-3,44.5,36,0,16,20,-4,LAC,1,Away,16,20,-4,3,0
2013-11-24,2013,12,Kansas City Chiefs,KC,38,San Diego Chargers,LAC,41,KC,-3,42.5,79,0,38,41,-3,LAC,0,Away,41,38,3,-3,1
2013-12-01,2013,13,San Diego Chargers,LAC,10,Cincinnati Bengals,CIN,17,CIN,-1.5,48.5,27,0,17,10,7,LAC,0,Home,10,17,-7,-1.5,0
2013-12-08,2013,14,San Diego Chargers,LAC,37,New York Giants,NYG,14,LAC,-4,46.5,51,0,37,14,23,LAC,1,Home,37,14,23,4,1
2013-12-12,2013,15,Denver Broncos,DEN,20,San Diego Chargers,LAC,27,DEN,-9.5,57,47,0,20,27,-7,LAC,0,Away,27,20,7,-9.5,1
2013-12-22,2013,16,San Diego Chargers,LAC,26,Oakland Raiders,OAK,13,LAC,-9,51,39,0,26,13,13,LAC,1,Home,26,13,13,9,1
2013-12-29,2013,17,San Diego Chargers,LAC,27,Kansas City Chiefs,KC,24,LAC,-14.5,45,51,0,27,24,3,LAC,1,Home,27,24,3,14.5,0
2014-09-08,2014,1,Arizona Cardinals,ARI,18,San Diego Chargers,LAC,17,ARI,-3,47,35,0,18,17,1,LAC,0,Away,17,18,-1,-3,1
2014-09-14,2014,2,San Diego Chargers,LAC,30,Seattle Seahawks,SEA,21,SEA,-4.5,45,51,0,21,30,-9,LAC,0,Home,30,21,9,-4.5,1
2014-09-21,2014,3,Buffalo Bills,BUF,10,San Diego Chargers,LAC,22,BUF,-2.5,45.5,32,0,10,22,-12,LAC,0,Away,22,10,12,-2.5,1
2014-09-28,2014,4,San Diego Chargers,LAC,33,Jacksonville Jaguars,JAX,14,LAC,-13,44.5,47,0,33,14,19,LAC,1,Home,33,14,19,13,1
2014-10-05,2014,5,San Diego Chargers,LAC,31,New York Jets,NYJ,0,LAC,-7,44.5,31,0,31,0,31,LAC,1,Home,31,0,31,7,1
2014-10-12,2014,6,Oakland Raiders,OAK,28,San Diego Chargers,LAC,31,LAC,-7,44,59,0,31,28,3,LAC,1,Away,31,28,3,7,0
2014-10-19,2014,7,San Diego Chargers,LAC,20,Kansas City Chiefs,KC,23,LAC,-3,46,43,0,20,23,-3,LAC,1,Home,20,23,-3,3,0
2014-10-23,2014,8,Denver Broncos,DEN,35,San Diego Chargers,LAC,21,DEN,-9,51,56,0,35,21,14,LAC,0,Away,21,35,-14,-9,0
2014-11-02,2014,9,Miami Dolphins,MIA,37,San Diego Chargers,LAC,0,MIA,-3,45,37,0,37,0,37,LAC,0,Away,0,37,-37,-3,0
2014-11-16,2014,11,San Diego Chargers,LAC,13,Oakland Raiders,OAK,6,LAC,-10.5,45.5,19,0,13,6,7,LAC,1,Home,13,6,7,10.5,0
2014-11-23,2014,12,San Diego Chargers,LAC,27,St. Louis Rams,LAR,24,LAC,-4,43.5,51,0,27,24,3,LAC,1,Home,27,24,3,4,0
2014-11-30,2014,13,Baltimore Ravens,BAL,33,San Diego Chargers,LAC,34,BAL,-6.5,46,67,0,33,34,-1,LAC,0,Away,34,33,1,-6.5,1
2014-12-07,2014,14,San Diego Chargers,LAC,14,New England Patriots,NE,23,NE,-4,54,37,0,23,14,9,LAC,0,Home,14,23,-9,-4,0
2014-12-14,2014,15,San Diego Chargers,LAC,10,Denver Broncos,DEN,22,DEN,-4,49.5,32,0,22,10,12,LAC,0,Home,10,22,-12,-4,0
2014-12-20,2014,16,San Francisco 49ers,SF,35,San Diego Chargers,LAC,38,SF,-2,40.5,73,0,35,38,-3,LAC,0,Away,38,35,3,-2,1
2014-12-28,2014,17,Kansas City Chiefs,KC,19,San Diego Chargers,LAC,7,KC,-3,42,26,0,19,7,12,LAC,0,Away,7,19,-12,-3,0
2015-09-13,2015,1,San Diego Chargers,LAC,33,Detroit Lions,DET,28,LAC,-3.5,45.5,61,0,33,28,5,LAC,1,Home,33,28,5,3.5,1
2015-09-20,2015,2,Cincinnati Bengals,CIN,24,San Diego Chargers,LAC,19,CIN,-3.5,48,43,0,24,19,5,LAC,0,Away,19,24,-5,-3.5,0
2015-09-27,2015,3,Minnesota Vikings,MIN,31,San Diego Chargers,LAC,14,MIN,-2,45.5,45,0,31,14,17,LAC,0,Away,14,31,-17,-2,0
2015-10-04,2015,4,San Diego Chargers,LAC,30,Cleveland Browns,CLE,27,LAC,-5,44.5,57,0,30,27,3,LAC,1,Home,30,27,3,5,0
2015-10-12,2015,5,San Diego Chargers,LAC,20,Pittsburgh Steelers,PIT,24,LAC,-4,45.5,44,0,20,24,-4,LAC,1,Home,20,24,-4,4,0
2015-10-18,2015,6,Green Bay Packers,GB,27,San Diego Chargers,LAC,20,GB,-10.5,50.5,47,0,27,20,7,LAC,0,Away,20,27,-7,-10.5,1
2015-10-25,2015,7,San Diego Chargers,LAC,29,Oakland Raiders,OAK,37,LAC,-3.5,48.5,66,0,29,37,-8,LAC,1,Home,29,37,-8,3.5,0
2015-11-01,2015,8,Baltimore Ravens,BAL,29,San Diego Chargers,LAC,26,BAL,-4.5,50.5,55,0,29,26,3,LAC,0,Away,26,29,-3,-4.5,1
2015-11-09,2015,9,San Diego Chargers,LAC,19,Chicago Bears,CHI,22,LAC,-3.5,49.5,41,0,19,22,-3,LAC,1,Home,19,22,-3,3.5,0
2015-11-22,2015,11,San Diego Chargers,LAC,3,Kansas City Chiefs,KC,33,KC,-3,45.5,36,0,33,3,30,LAC,0,Home,3,33,-30,-3,0
2015-11-29,2015,12,Jacksonville Jaguars,JAX,25,San Diego Chargers,LAC,31,JAX,-5,47,56,0,25,31,-6,LAC,0,Away,31,25,6,-5,1
2015-12-06,2015,13,San Diego Chargers,LAC,3,Denver Broncos,DEN,17,DEN,-6,45,20,0,17,3,14,LAC,0,Home,3,17,-14,-6,0
2015-12-13,2015,14,Kansas City Chiefs,KC,10,San Diego Chargers,LAC,3,KC,-12,41.5,13,0,10,3,7,LAC,0,Away,3,10,-7,-12,1
2015-12-20,2015,15,San Diego Chargers,LAC,30,Miami Dolphins,MIA,14,LAC,-1,47,44,0,30,14,16,LAC,1,Home,30,14,16,1,1
2015-12-24,2015,16,Oakland Raiders,OAK,23,San Diego Chargers,LAC,20,OAK,-4,45.5,43,0,23,20,3,LAC,0,Away,20,23,-3,-4,1
2016-01-03,2015,17,Denver Broncos,DEN,27,San Diego Chargers,LAC,20,DEN,-10,42,47,0,27,20,7,LAC,0,Away,20,27,-7,-10,1
2016-09-11,2016,1,Kansas City Chiefs,KC,33,San Diego Chargers,LAC,27,KC,-6.5,46,60,0,33,27,6,LAC,0,Away,27,33,-6,-6.5,1
2016-09-18,2016,2,San Diego Chargers,LAC,38,Jacksonville Jaguars,JAX,14,LAC,-3,47.5,52,0,38,14,24,LAC,1,Home,38,14,24,3,1
2016-09-25,2016,3,Indianapolis Colts,IND,26,San Diego Chargers,LAC,22,IND,-1.5,51.5,48,0,26,22,4,LAC,0,Away,22,26,-4,-1.5,0
2016-10-02,2016,4,San Diego Chargers,LAC,34,New Orleans Saints,NO,35,LAC,-3.5,54,69,0,34,35,-1,LAC,1,Home,34,35,-1,3.5,0
2016-10-09,2016,5,Oakland Raiders,OAK,34,San Diego Chargers,LAC,31,OAK,-3.5,50.5,65,0,34,31,3,LAC,0,Away,31,34,-3,-3.5,1
2016-10-13,2016,6,San Diego Chargers,LAC,21,Denver Broncos,DEN,13,DEN,-3,44,34,0,13,21,-8,LAC,0,Home,21,13,8,-3,1
2016-10-23,2016,7,Atlanta Falcons,ATL,30,San Diego Chargers,LAC,33,ATL,-4.5,52.5,63,0,30,33,-3,LAC,0,Away,33,30,3,-4.5,1
2016-10-30,2016,8,Denver Broncos,DEN,27,San Diego Chargers,LAC,19,DEN,-3.5,43,46,0,27,19,8,LAC,0,Away,19,27,-8,-3.5,0
2016-11-06,2016,9,San Diego Chargers,LAC,43,Tennessee Titans,TEN,35,LAC,-3.5,47.5,78,0,43,35,8,LAC,1,Home,43,35,8,3.5,1
2016-11-13,2016,10,San Diego Chargers,LAC,24,Miami Dolphins,MIA,31,LAC,-4.5,49,55,0,24,31,-7,LAC,1,Home,24,31,-7,4.5,0
2016-11-27,2016,12,Houston Texans,HOU,13,San Diego Chargers,LAC,21,LAC,-2.5,46,34,0,21,13,8,LAC,1,Away,21,13,8,2.5,1
2016-12-04,2016,13,San Diego Chargers,LAC,21,Tampa Bay Buccaneers,TB,28,LAC,-3.5,49,49,0,21,28,-7,LAC,1,Home,21,28,-7,3.5,0
2016-12-11,2016,14,Carolina Panthers,CAR,28,San Diego Chargers,LAC,16,CAR,-1,48.5,44,0,28,16,12,LAC,0,Away,16,28,-12,-1,0
2016-12-18,2016,15,San Diego Chargers,LAC,16,Oakland Raiders,OAK,19,OAK,-2.5,49.5,35,0,19,16,3,LAC,0,Home,16,19,-3,-2.5,0
2016-12-24,2016,16,Cleveland Browns,CLE,20,San Diego Chargers,LAC,17,LAC,-4.5,45,37,0,17,20,-3,LAC,1,Away,17,20,-3,4.5,0
2017-01-01,2016,17,San Diego Chargers,LAC,27,Kansas City Chiefs,KC,37,KC,-5.5,45,64,0,37,27,10,LAC,0,Home,27,37,-10,-5.5,0
2017-09-11,2017,1,Denver Broncos,DEN,24,Los Angeles Chargers,LAC,21,DEN,-3.5,43.5,45,0,24,21,3,LAC,0,Away,21,24,-3,-3.5,1
2017-09-17,2017,2,Los Angeles Chargers,LAC,17,Miami Dolphins,MIA,19,LAC,-4.5,45,36,0,17,19,-2,LAC,1,Home,17,19,-2,4.5,0
2017-09-24,2017,3,Los Angeles Chargers,LAC,10,Kansas City Chiefs,KC,24,KC,-3,47.5,34,0,24,10,14,LAC,0,Home,10,24,-14,-3,0
2017-10-01,2017,4,Los Angeles Chargers,LAC,24,Philadelphia Eagles,PHI,26,LAC,-1,47.5,50,0,24,26,-2,LAC,1,Home,24,26,-2,1,0
2017-10-08,2017,5,New York Giants,NYG,22,Los Angeles Chargers,LAC,27,NYG,-3.5,44.5,49,0,22,27,-5,LAC,0,Away,27,22,5,-3.5,1
2017-10-15,2017,6,Oakland Raiders,OAK,16,Los Angeles Chargers,LAC,17,OAK,-3,48.5,33,0,16,17,-1,LAC,0,Away,17,16,1,-3,1
2017-10-22,2017,7,Los Angeles Chargers,LAC,21,Denver Broncos,DEN,0,DEN,-1.5,41,21,0,0,21,-21,LAC,0,Home,21,0,21,-1.5,1
2017-10-29,2017,8,New England Patriots,NE,21,Los Angeles Chargers,LAC,13,NE,-7,48.5,34,0,21,13,8,LAC,0,Away,13,21,-8,-7,0
2017-11-12,2017,10,Jacksonville Jaguars,JAX,20,Los Angeles Chargers,LAC,17,JAX,-5,40.5,37,0,20,17,3,LAC,0,Away,17,20,-3,-5,1
2017-11-19,2017,11,Los Angeles Chargers,LAC,54,Buffalo Bills,BUF,24,LAC,-6.5,41,78,0,54,24,30,LAC,1,Home,54,24,30,6.5,1
2017-11-23,2017,12,Dallas Cowboys,DAL,6,Los Angeles Chargers,LAC,28,LAC,-1,48,34,0,28,6,22,LAC,1,Away,28,6,22,1,1
2017-12-03,2017,13,Los Angeles Chargers,LAC,19,Cleveland Browns,CLE,10,LAC,-13.5,43.5,29,0,19,10,9,LAC,1,Home,19,10,9,13.5,0
2017-12-10,2017,14,Los Angeles Chargers,LAC,30,Washington Redskins,WAS,13,LAC,-6,46.5,43,0,30,13,17,LAC,1,Home,30,13,17,6,1
2017-12-16,2017,15,Kansas City Chiefs,KC,30,Los Angeles Chargers,LAC,13,LAC,-1,47,43,0,13,30,-17,LAC,1,Away,13,30,-17,1,0
2017-12-24,2017,16,New York Jets,NYJ,7,Los Angeles Chargers,LAC,14,LAC,-7.5,42.5,21,0,14,7,7,LAC,1,Away,14,7,7,7.5,0
2017-12-31,2017,17,Los Angeles Chargers,LAC,30,Oakland Raiders,OAK,10,LAC,-7,43,40,0,30,10,20,LAC,1,Home,30,10,20,7,1
2018-09-09,2018,1,Los Angeles Chargers,LAC,28,Kansas City Chiefs,KC,38,LAC,-3.5,48,66,0,28,38,-10,LAC,1,Home,28,38,-10,3.5,0
2018-09-16,2018,2,Buffalo Bills,BUF,20,Los Angeles Chargers,LAC,31,LAC,-7.5,41.5,51,0,31,20,11,LAC,1,Away,31,20,11,7.5,1
2018-09-23,2018,3,Los Angeles Rams,LAR,35,Los Angeles Chargers,LAC,23,LAR,-7.5,49,58,0,35,23,12,LAC,0,Away,23,35,-12,-7.5,0
2018-09-30,2018,4,Los Angeles Chargers,LAC,29,San Francisco 49ers,SF,27,LAC,-10.5,46,56,0,29,27,2,LAC,1,Home,29,27,2,10.5,0
2018-10-07,2018,5,Los Angeles Chargers,LAC,26,Oakland Raiders,OAK,10,LAC,-5,52,36,0,26,10,16,LAC,1,Home,26,10,16,5,1
2018-10-14,2018,6,Cleveland Browns,CLE,14,Los Angeles Chargers,LAC,38,CLE,-1,47,52,0,14,38,-24,LAC,0,Away,38,14,24,-1,1
2018-11-04,2018,9,Seattle Seahawks,SEA,17,Los Angeles Chargers,LAC,25,SEA,-1,48,42,0,17,25,-8,LAC,0,Away,25,17,8,-1,1
2018-11-11,2018,10,Oakland Raiders,OAK,6,Los Angeles Chargers,LAC,20,LAC,-10.5,50,26,0,20,6,14,LAC,1,Away,20,6,14,10.5,1
2018-11-18,2018,11,Los Angeles Chargers,LAC,22,Denver Broncos,DEN,23,LAC,-7.5,46.5,45,0,22,23,-1,LAC,1,Home,22,23,-1,7.5,0
2018-11-25,2018,12,Los Angeles Chargers,LAC,45,Arizona Cardinals,ARI,10,LAC,-14,43,55,0,45,10,35,LAC,1,Home,45,10,35,14,1
2018-12-02,2018,13,Pittsburgh Steelers,PIT,30,Los Angeles Chargers,LAC,33,PIT,-3,52.5,63,0,30,33,-3,LAC,0,Away,33,30,3,-3,1
2018-12-09,2018,14,Los Angeles Chargers,LAC,26,Cincinnati Bengals,CIN,21,LAC,-17,48.5,47,0,26,21,5,LAC,1,Home,26,21,5,17,0
2018-12-13,2018,15,Kansas City Chiefs,KC,28,Los Angeles Chargers,LAC,29,KC,-3.5,54,57,0,28,29,-1,LAC,0,Away,29,28,1,-3.5,1
2018-12-22,2018,16,Los Angeles Chargers,LAC,10,Baltimore Ravens,BAL,22,LAC,-4,42.5,32,0,10,22,-12,LAC,1,Home,10,22,-12,4,0
2018-12-30,2018,17,Denver Broncos,DEN,9,Los Angeles Chargers,LAC,23,LAC,-7,43.5,32,0,23,9,14,LAC,1,Away,23,9,14,7,1
2019-09-08,2019,1,Los Angeles Chargers,LAC,30,Indianapolis Colts,IND,24,LAC,-6,44.5,54,0,30,24,6,LAC,1,Home,30,24,6,6,0
2019-09-15,2019,2,Detroit Lions,DET,13,Los Angeles Chargers,LAC,10,LAC,-1,46.5,23,0,10,13,-3,LAC,1,Away,10,13,-3,1,0
2019-09-22,2019,3,Los Angeles Chargers,LAC,20,Houston Texans,HOU,27,LAC,-3,49,47,0,20,27,-7,LAC,1,Home,20,27,-7,3,0
2019-09-29,2019,4,Miami Dolphins,MIA,10,Los Angeles Chargers,LAC,30,LAC,-15,43.5,40,0,30,10,20,LAC,1,Away,30,10,20,15,1
2019-10-06,2019,5,Los Angeles Chargers,LAC,13,Denver Broncos,DEN,20,LAC,-4.5,45.5,33,0,13,20,-7,LAC,1,Home,13,20,-7,4.5,0
2019-10-13,2019,6,Los Angeles Chargers,LAC,17,Pittsburgh Steelers,PIT,24,LAC,-6,42.5,41,0,17,24,-7,LAC,1,Home,17,24,-7,6,0
2019-10-20,2019,7,Tennessee Titans,TEN,23,Los Angeles Chargers,LAC,20,TEN,-2.5,42.5,43,0,23,20,3,LAC,0,Away,20,23,-3,-2.5,0
2019-10-27,2019,8,Chicago Bears,CHI,16,Los Angeles Chargers,LAC,17,CHI,-3.5,41,33,0,16,17,-1,LAC,0,Away,17,16,1,-3.5,1
2019-11-03,2019,9,Los Angeles Chargers,LAC,26,Green Bay Packers,GB,11,GB,-4,50,37,0,11,26,-15,LAC,0,Home,26,11,15,-4,1
2019-11-07,2019,10,Oakland Raiders,OAK,26,Los Angeles Chargers,LAC,24,LAC,-1,49,50,0,24,26,-2,LAC,1,Away,24,26,-2,1,0
2019-12-01,2019,13,Denver Broncos,DEN,23,Los Angeles Chargers,LAC,20,LAC,-4.5,38.5,43,0,20,23,-3,LAC,1,Away,20,23,-3,4.5,0
2019-12-08,2019,14,Jacksonville Jaguars,JAX,10,Los Angeles Chargers,LAC,45,LAC,-3,42,55,0,45,10,35,LAC,1,Away,45,10,35,3,1
2019-12-15,2019,15,Los Angeles Chargers,LAC,10,Minnesota Vikings,MIN,39,MIN,-1,45,49,0,39,10,29,LAC,0,Home,10,39,-29,-1,0
2019-12-22,2019,16,Los Angeles Chargers,LAC,17,Oakland Raiders,OAK,24,LAC,-7.5,45,41,0,17,24,-7,LAC,1,Home,17,24,-7,7.5,0
2019-12-29,2019,17,Kansas City Chiefs,KC,31,Los Angeles Chargers,LAC,21,KC,-9.5,46,52,0,31,21,10,LAC,0,Away,21,31,-10,-9.5,0
2000-09-03,2000,1,Atlanta Falcons,ATL,36,San Francisco 49ers,SF,28,ATL,-6.5,46.5,64,0,36,28,8,SF,0,Away,28,36,-8,-6.5,0
2000-09-10,2000,2,San Francisco 49ers,SF,22,Carolina Panthers,CAR,38,CAR,-3,48,60,0,38,22,16,SF,0,Home,22,38,-16,-3,0
2000-09-17,2000,3,St. Louis Rams,LAR,41,San Francisco 49ers,SF,24,LAR,-17,55.5,65,0,41,24,17,SF,0,Away,24,41,-17,-17,0
2000-09-24,2000,4,Dallas Cowboys,DAL,24,San Francisco 49ers,SF,41,DAL,-6.5,47,65,0,24,41,-17,SF,0,Away,41,24,17,-6.5,1
2000-10-01,2000,5,San Francisco 49ers,SF,27,Arizona Cardinals,ARI,20,SF,-3.5,47.5,47,0,27,20,7,SF,1,Home,27,20,7,3.5,1
2000-10-08,2000,6,San Francisco 49ers,SF,28,Oakland Raiders,OAK,34,OAK,-4.5,48.5,62,0,34,28,6,SF,0,Home,28,34,-6,-4.5,0
2000-10-15,2000,7,Green Bay Packers,GB,31,San Francisco 49ers,SF,28,GB,-4.5,49.5,59,0,31,28,3,SF,0,Away,28,31,-3,-4.5,1
2000-10-22,2000,8,Carolina Panthers,CAR,34,San Francisco 49ers,SF,16,CAR,-3,50,50,0,34,16,18,SF,0,Away,16,34,-18,-3,0
2000-10-29,2000,9,San Francisco 49ers,SF,24,St. Louis Rams,LAR,34,LAR,-7,63,58,0,34,24,10,SF,0,Home,24,34,-10,-7,0
2000-11-05,2000,10,New Orleans Saints,NO,31,San Francisco 49ers,SF,15,NO,-5.5,48,46,0,31,15,16,SF,0,Away,15,31,-16,-5.5,0
2000-11-12,2000,11,San Francisco 49ers,SF,21,Kansas City Chiefs,KC,7,KC,-3.5,52,28,0,7,21,-14,SF,0,Home,21,7,14,-3.5,1
2000-11-19,2000,12,San Francisco 49ers,SF,16,Atlanta Falcons,ATL,6,SF,-5.5,47.5,22,0,16,6,10,SF,1,Home,16,6,10,5.5,1
2000-12-03,2000,14,San Diego Chargers,LAC,17,San Francisco 49ers,SF,45,SF,-2.5,44,62,0,45,17,28,SF,1,Away,45,17,28,2.5,1
2000-12-10,2000,15,San Francisco 49ers,SF,27,New Orleans Saints,NO,31,SF,-3,47.5,58,0,27,31,-4,SF,1,Home,27,31,-4,3,0
2000-12-17,2000,16,San Francisco 49ers,SF,17,Chicago Bears,CHI,0,SF,-6,45.5,17,0,17,0,17,SF,1,Home,17,0,17,6,1
2000-12-23,2000,17,Denver Broncos,DEN,38,San Francisco 49ers,SF,9,DEN,-7,48.5,47,0,38,9,29,SF,0,Away,9,38,-29,-7,0
2001-09-09,2001,1,San Francisco 49ers,SF,16,Atlanta Falcons,ATL,13,SF,-3.5,46,29,0,16,13,3,SF,1,Home,16,13,3,3.5,0
2001-09-23,2001,2,San Francisco 49ers,SF,26,St. Louis Rams,LAR,30,LAR,-6,50,56,0,30,26,4,SF,0,Home,26,30,-4,-6,1
2001-10-01,2001,3,New York Jets,NYJ,17,San Francisco 49ers,SF,19,NYJ,-3,44.5,36,0,17,19,-2,SF,0,Away,19,17,2,-3,1
2001-10-07,2001,4,San Francisco 49ers,SF,24,Carolina Panthers,CAR,14,SF,-6.5,45,38,0,24,14,10,SF,1,Home,24,14,10,6.5,1
2001-10-14,2001,5,Atlanta Falcons,ATL,31,San Francisco 49ers,SF,37,SF,-3,43.5,68,0,37,31,6,SF,1,Away,37,31,6,3,1
2001-10-28,2001,7,Chicago Bears,CHI,37,San Francisco 49ers,SF,31,CHI,-2,39,68,0,37,31,6,SF,0,Away,31,37,-6,-2,0
2001-11-04,2001,8,San Francisco 49ers,SF,21,Detroit Lions,DET,13,SF,-8.5,47,34,0,21,13,8,SF,1,Home,21,13,8,8.5,0
2001-11-11,2001,9,San Francisco 49ers,SF,28,New Orleans Saints,NO,27,SF,-3,45,55,0,28,27,1,SF,1,Home,28,27,1,3,0
2001-11-18,2001,10,Carolina Panthers,CAR,22,San Francisco 49ers,SF,25,SF,-7,43,47,0,25,22,3,SF,1,Away,25,22,3,7,0
2001-11-25,2001,11,Indianapolis Colts,IND,21,San Francisco 49ers,SF,40,IND,-2.5,52.5,61,0,21,40,-19,SF,0,Away,40,21,19,-2.5,1
2001-12-02,2001,12,San Francisco 49ers,SF,35,Buffalo Bills,BUF,0,SF,-8.5,44.5,35,0,35,0,35,SF,1,Home,35,0,35,8.5,1
2001-12-09,2001,13,St. Louis Rams,LAR,27,San Francisco 49ers,SF,14,LAR,-7,55,41,0,27,14,13,SF,0,Away,14,27,-13,-7,0
2001-12-16,2001,14,San Francisco 49ers,SF,21,Miami Dolphins,MIA,0,SF,-3.5,43,21,0,21,0,21,SF,1,Home,21,0,21,3.5,1
2001-12-22,2001,15,San Francisco 49ers,SF,13,Philadelphia Eagles,PHI,3,SF,-3,40,16,0,13,3,10,SF,1,Home,13,3,10,3,1
2001-12-30,2001,16,Dallas Cowboys,DAL,27,San Francisco 49ers,SF,21,SF,-6.5,39.5,48,0,21,27,-6,SF,1,Away,21,27,-6,6.5,0
2002-01-06,2001,17,New Orleans Saints,NO,0,San Francisco 49ers,SF,38,SF,-2.5,46.5,38,0,38,0,38,SF,1,Away,38,0,38,2.5,1
2002-09-05,2002,1,New York Giants,NYG,13,San Francisco 49ers,SF,16,SF,-4,39,29,0,16,13,3,SF,1,Away,16,13,3,4,0
2002-09-15,2002,2,San Francisco 49ers,SF,14,Denver Broncos,DEN,24,SF,-3.5,44,38,0,14,24,-10,SF,1,Home,14,24,-10,3.5,0
2002-09-22,2002,3,San Francisco 49ers,SF,20,Washington Redskins,WAS,10,SF,-10,44,30,0,20,10,10,SF,1,Home,20,10,10,10,0
2002-10-06,2002,5,San Francisco 49ers,SF,37,St. Louis Rams,LAR,13,SF,-6,41.5,50,0,37,13,24,SF,1,Home,37,13,24,6,1
2002-10-14,2002,6,Seattle Seahawks,SEA,21,San Francisco 49ers,SF,28,SF,-3,43.5,49,0,28,21,7,SF,1,Away,28,21,7,3,1
2002-10-20,2002,7,New Orleans Saints,NO,35,San Francisco 49ers,SF,27,NO,-1.5,48.5,62,0,35,27,8,SF,0,Away,27,35,-8,-1.5,0
2002-10-27,2002,8,San Francisco 49ers,SF,38,Arizona Cardinals,ARI,28,SF,-8.5,40.5,66,0,38,28,10,SF,1,Home,38,28,10,8.5,1
2002-11-03,2002,9,Oakland Raiders,OAK,20,San Francisco 49ers,SF,23,OAK,-3,49.5,43,0,20,23,-3,SF,0,Away,23,20,3,-3,1
2002-11-10,2002,10,San Francisco 49ers,SF,17,Kansas City Chiefs,KC,13,SF,-5,49,30,0,17,13,4,SF,1,Home,17,13,4,5,0
2002-11-17,2002,11,San Diego Chargers,LAC,20,San Francisco 49ers,SF,17,SF,-2.5,43,37,0,17,20,-3,SF,1,Away,17,20,-3,2.5,0
2002-11-25,2002,12,San Francisco 49ers,SF,17,Philadelphia Eagles,PHI,38,SF,-7,37.5,55,0,17,38,-21,SF,1,Home,17,38,-21,7,0
2002-12-01,2002,13,San Francisco 49ers,SF,31,Seattle Seahawks,SEA,24,SF,-8.5,43.5,55,0,31,24,7,SF,1,Home,31,24,7,8.5,0
2002-12-08,2002,14,Dallas Cowboys,DAL,27,San Francisco 49ers,SF,31,SF,-4.5,40,58,0,31,27,4,SF,1,Away,31,27,4,4.5,0
2002-12-15,2002,15,San Francisco 49ers,SF,14,Green Bay Packers,GB,20,SF,-3,42.5,34,0,14,20,-6,SF,1,Home,14,20,-6,3,0
2002-12-21,2002,16,Arizona Cardinals,ARI,14,San Francisco 49ers,SF,17,SF,-3.5,41,31,0,17,14,3,SF,1,Away,17,14,3,3.5,0
2002-12-30,2002,17,St. Louis Rams,LAR,31,San Francisco 49ers,SF,20,LAR,-2,39.5,51,0,31,20,11,SF,0,Away,20,31,-11,-2,0
2003-09-07,2003,1,San Francisco 49ers,SF,49,Chicago Bears,CHI,7,SF,-6.5,40.5,56,0,49,7,42,SF,1,Home,49,7,42,6.5,1
2003-09-14,2003,2,St. Louis Rams,LAR,27,San Francisco 49ers,SF,24,LAR,-3,47.5,51,0,27,24,3,SF,0,Away,24,27,-3,-3,0
2003-09-21,2003,3,San Francisco 49ers,SF,12,Cleveland Browns,CLE,13,SF,-7,44.5,25,0,12,13,-1,SF,1,Home,12,13,-1,7,0
2003-09-28,2003,4,Minnesota Vikings,MIN,35,San Francisco 49ers,SF,7,PICK,0,43,42,0,7,35,-28,SF,0,Away,7,35,-28,0,0
2003-10-05,2003,5,San Francisco 49ers,SF,24,Detroit Lions,DET,17,SF,-7.5,42.5,41,0,24,17,7,SF,1,Home,24,17,7,7.5,0
2003-10-12,2003,6,Seattle Seahawks,SEA,20,San Francisco 49ers,SF,19,SEA,-3.5,44.5,39,0,20,19,1,SF,0,Away,19,20,-1,-3.5,1
2003-10-19,2003,7,San Francisco 49ers,SF,24,Tampa Bay Buccaneers,TB,7,TB,-5,39,31,0,7,24,-17,SF,0,Home,24,7,17,-5,1
2003-10-26,2003,8,Arizona Cardinals,ARI,16,San Francisco 49ers,SF,13,SF,-7,41,29,0,13,16,-3,SF,1,Away,13,16,-3,7,0
2003-11-02,2003,9,San Francisco 49ers,SF,30,St. Louis Rams,LAR,10,LAR,-5,44,40,0,10,30,-20,SF,0,Home,30,10,20,-5,1
2003-11-17,2003,11,San Francisco 49ers,SF,30,Pittsburgh Steelers,PIT,14,SF,-4,41.5,44,0,30,14,16,SF,1,Home,30,14,16,4,1
2003-11-23,2003,12,Green Bay Packers,GB,20,San Francisco 49ers,SF,10,GB,-3.5,40,30,0,20,10,10,SF,0,Away,10,20,-10,-3.5,0
2003-11-30,2003,13,Baltimore Ravens,BAL,44,San Francisco 49ers,SF,6,BAL,-3,37,50,0,44,6,38,SF,0,Away,6,44,-38,-3,0
2003-12-07,2003,14,San Francisco 49ers,SF,50,Arizona Cardinals,ARI,14,SF,-10.5,40.5,64,0,50,14,36,SF,1,Home,50,14,36,10.5,1
2003-12-14,2003,15,Cincinnati Bengals,CIN,41,San Francisco 49ers,SF,38,CIN,-3,42,79,0,41,38,3,SF,0,Away,38,41,-3,-3,0
2003-12-21,2003,16,Philadelphia Eagles,PHI,28,San Francisco 49ers,SF,31,PHI,-7,44,59,0,28,31,-3,SF,0,Away,31,28,3,-7,1
2003-12-27,2003,17,San Francisco 49ers,SF,17,Seattle Seahawks,SEA,24,SF,-2.5,46.5,41,0,17,24,-7,SF,1,Home,17,24,-7,2.5,0
2004-09-12,2004,1,San Francisco 49ers,SF,19,Atlanta Falcons,ATL,21,ATL,-3,44.5,40,0,21,19,2,SF,0,Home,19,21,-2,-3,1
2004-09-19,2004,2,New Orleans Saints,NO,30,San Francisco 49ers,SF,27,NO,-7.5,42,57,0,30,27,3,SF,0,Away,27,30,-3,-7.5,1
2004-09-26,2004,3,Seattle Seahawks,SEA,34,San Francisco 49ers,SF,0,SEA,-10,41.5,34,0,34,0,34,SF,0,Away,0,34,-34,-10,0
2004-10-03,2004,4,San Francisco 49ers,SF,14,St. Louis Rams,LAR,24,LAR,-4,44,38,0,24,14,10,SF,0,Home,14,24,-10,-4,0
2004-10-10,2004,5,San Francisco 49ers,SF,31,Arizona Cardinals,ARI,28,SF,-1,36.5,59,0,31,28,3,SF,1,Home,31,28,3,1,1
2004-10-17,2004,6,New York Jets,NYJ,22,San Francisco 49ers,SF,14,NYJ,-9.5,43,36,0,22,14,8,SF,0,Away,14,22,-8,-9.5,1
2004-10-31,2004,8,Chicago Bears,CHI,23,San Francisco 49ers,SF,13,CHI,-2,35.5,36,0,23,13,10,SF,0,Away,13,23,-10,-2,0
2004-11-07,2004,9,San Francisco 49ers,SF,27,Seattle Seahawks,SEA,42,SEA,-7,40.5,69,0,42,27,15,SF,0,Home,27,42,-15,-7,0
2004-11-14,2004,10,San Francisco 49ers,SF,27,Carolina Panthers,CAR,37,SF,-1.5,41.5,64,0,27,37,-10,SF,1,Home,27,37,-10,1.5,0
2004-11-21,2004,11,Tampa Bay Buccaneers,TB,35,San Francisco 49ers,SF,3,TB,-8,42,38,0,35,3,32,SF,0,Away,3,35,-32,-8,0
2004-11-28,2004,12,San Francisco 49ers,SF,17,Miami Dolphins,MIA,24,PICK,0,37.5,41,0,24,17,7,SF,0,Home,17,24,-7,0,0
2004-12-05,2004,13,St. Louis Rams,LAR,16,San Francisco 49ers,SF,6,LAR,-11,49,22,0,16,6,10,SF,0,Away,6,16,-10,-11,1
2004-12-12,2004,14,Arizona Cardinals,ARI,28,San Francisco 49ers,SF,31,ARI,-7,36,59,0,28,31,-3,SF,0,Away,31,28,3,-7,1
2004-12-18,2004,15,San Francisco 49ers,SF,16,Washington Redskins,WAS,26,WAS,-6.5,36.5,42,0,26,16,10,SF,0,Home,16,26,-10,-6.5,0
2004-12-26,2004,16,San Francisco 49ers,SF,7,Buffalo Bills,BUF,41,BUF,-10,41.5,48,0,41,7,34,SF,0,Home,7,41,-34,-10,0
2005-01-02,2004,17,New England Patriots,NE,21,San Francisco 49ers,SF,7,NE,-13,37,28,0,21,7,14,SF,0,Away,7,21,-14,-13,0
2005-09-11,2005,1,San Francisco 49ers,SF,28,St. Louis Rams,LAR,25,LAR,-4.5,46,53,0,25,28,-3,SF,0,Home,28,25,3,-4.5,1
2005-09-18,2005,2,Philadelphia Eagles,PHI,42,San Francisco 49ers,SF,3,PHI,-11.5,43,45,0,42,3,39,SF,0,Away,3,42,-39,-11.5,0
2005-09-25,2005,3,San Francisco 49ers,SF,31,Dallas Cowboys,DAL,34,DAL,-6.5,41,65,0,34,31,3,SF,0,Home,31,34,-3,-6.5,1
2005-10-09,2005,5,San Francisco 49ers,SF,3,Indianapolis Colts,IND,28,IND,-14,47,31,0,28,3,25,SF,0,Home,3,28,-25,-14,0
2005-10-23,2005,7,Washington Redskins,WAS,52,San Francisco 49ers,SF,17,WAS,-11.5,38,69,0,52,17,35,SF,0,Away,17,52,-35,-11.5,0
2005-10-30,2005,8,San Francisco 49ers,SF,15,Tampa Bay Buccaneers,TB,10,TB,-11.5,37,25,0,10,15,-5,SF,0,Home,15,10,5,-11.5,1
2005-11-06,2005,9,San Francisco 49ers,SF,6,New York Giants,NYG,24,NYG,-9.5,42,30,0,24,6,18,SF,0,Home,6,24,-18,-9.5,0
2005-11-13,2005,10,Chicago Bears,CHI,17,San Francisco 49ers,SF,9,CHI,-12,33,26,0,17,9,8,SF,0,Away,9,17,-8,-12,1
2005-11-20,2005,11,San Francisco 49ers,SF,25,Seattle Seahawks,SEA,27,SEA,-12,42.5,52,0,27,25,2,SF,0,Home,25,27,-2,-12,1
2005-11-27,2005,12,Tennessee Titans,TEN,33,San Francisco 49ers,SF,22,TEN,-7,42.5,55,0,33,22,11,SF,0,Away,22,33,-11,-7,0
2005-12-04,2005,13,San Francisco 49ers,SF,10,Arizona Cardinals,ARI,17,ARI,-3,43.5,27,0,17,10,7,SF,0,Home,10,17,-7,-3,0
2005-12-11,2005,14,Seattle Seahawks,SEA,41,San Francisco 49ers,SF,3,SEA,-15.5,45,44,0,41,3,38,SF,0,Away,3,41,-38,-15.5,0
2005-12-18,2005,15,Jacksonville Jaguars,JAX,10,San Francisco 49ers,SF,9,JAX,-14.5,39.5,19,0,10,9,1,SF,0,Away,9,10,-1,-14.5,1
2005-12-24,2005,16,St. Louis Rams,LAR,20,San Francisco 49ers,SF,24,LAR,-9,42,44,0,20,24,-4,SF,0,Away,24,20,4,-9,1
2006-01-01,2005,17,San Francisco 49ers,SF,20,Houston Texans,HOU,17,HOU,-1,37.5,37,0,17,20,-3,SF,0,Home,20,17,3,-1,1
2006-09-10,2006,1,Arizona Cardinals,ARI,34,San Francisco 49ers,SF,27,ARI,-9.5,44,61,0,34,27,7,SF,0,Away,27,34,-7,-9.5,1
2006-09-17,2006,2,San Francisco 49ers,SF,20,St. Louis Rams,LAR,13,LAR,-3,44.5,33,0,13,20,-7,SF,0,Home,20,13,7,-3,1
2006-09-24,2006,3,San Francisco 49ers,SF,24,Philadelphia Eagles,PHI,38,PHI,-6,42.5,62,0,38,24,14,SF,0,Home,24,38,-14,-6,0
2006-10-01,2006,4,Kansas City Chiefs,KC,41,San Francisco 49ers,SF,0,KC,-7,39.5,41,0,41,0,41,SF,0,Away,0,41,-41,-7,0
2006-10-08,2006,5,San Francisco 49ers,SF,34,Oakland Raiders,OAK,20,SF,-3.5,39.5,54,0,34,20,14,SF,1,Home,34,20,14,3.5,1
2006-10-15,2006,6,San Francisco 49ers,SF,19,San Diego Chargers,LAC,48,LAC,-10,42.5,67,0,48,19,29,SF,0,Home,19,48,-29,-10,0
2006-10-29,2006,8,Chicago Bears,CHI,41,San Francisco 49ers,SF,10,CHI,-16.5,42,51,0,41,10,31,SF,0,Away,10,41,-31,-16.5,0
2006-11-05,2006,9,San Francisco 49ers,SF,9,Minnesota Vikings,MIN,3,MIN,-4,43,12,0,3,9,-6,SF,0,Home,9,3,6,-4,1
2006-11-12,2006,10,Detroit Lions,DET,13,San Francisco 49ers,SF,19,DET,-6,46.5,32,0,13,19,-6,SF,0,Away,19,13,6,-6,1
2006-11-19,2006,11,San Francisco 49ers,SF,20,Seattle Seahawks,SEA,14,SEA,-3,43.5,34,0,14,20,-6,SF,0,Home,20,14,6,-3,1
2006-11-26,2006,12,St. Louis Rams,LAR,20,San Francisco 49ers,SF,17,LAR,-4.5,45,37,0,20,17,3,SF,0,Away,17,20,-3,-4.5,1
2006-12-03,2006,13,New Orleans Saints,NO,34,San Francisco 49ers,SF,10,NO,-7,45.5,44,0,34,10,24,SF,0,Away,10,34,-24,-7,0
2006-12-10,2006,14,San Francisco 49ers,SF,19,Green Bay Packers,GB,30,SF,-4,43.5,49,0,19,30,-11,SF,1,Home,19,30,-11,4,0
2006-12-14,2006,15,Seattle Seahawks,SEA,14,San Francisco 49ers,SF,24,SEA,-10,38,38,0,14,24,-10,SF,0,Away,24,14,10,-10,1
2006-12-24,2006,16,San Francisco 49ers,SF,20,Arizona Cardinals,ARI,26,SF,-4,45,46,0,20,26,-6,SF,1,Home,20,26,-6,4,0
2006-12-31,2006,17,Denver Broncos,DEN,23,San Francisco 49ers,SF,26,DEN,-10,39,49,0,23,26,-3,SF,0,Away,26,23,3,-10,1
2007-09-10,2007,1,San Francisco 49ers,SF,20,Arizona Cardinals,ARI,17,SF,-3,46.5,37,0,20,17,3,SF,1,Home,20,17,3,3,0
2007-09-16,2007,2,St. Louis Rams,LAR,16,San Francisco 49ers,SF,17,LAR,-3,44,33,0,16,17,-1,SF,0,Away,17,16,1,-3,1
2007-09-23,2007,3,Pittsburgh Steelers,PIT,37,San Francisco 49ers,SF,16,PIT,-9.5,38,53,0,37,16,21,SF,0,Away,16,37,-21,-9.5,0
2007-09-30,2007,4,San Francisco 49ers,SF,3,Seattle Seahawks,SEA,23,SEA,-1,40.5,26,0,23,3,20,SF,0,Home,3,23,-20,-1,0
2007-10-07,2007,5,San Francisco 49ers,SF,7,Baltimore Ravens,BAL,9,BAL,-3,34.5,16,0,9,7,2,SF,0,Home,7,9,-2,-3,1
2007-10-21,2007,7,New York Giants,NYG,33,San Francisco 49ers,SF,15,NYG,-9.5,39,48,0,33,15,18,SF,0,Away,15,33,-18,-9.5,0
2007-10-28,2007,8,San Francisco 49ers,SF,10,New Orleans Saints,NO,31,NO,-1.5,40,41,0,31,10,21,SF,0,Home,10,31,-21,-1.5,0
2007-11-04,2007,9,Atlanta Falcons,ATL,20,San Francisco 49ers,SF,16,ATL,-3.5,37,36,0,20,16,4,SF,0,Away,16,20,-4,-3.5,0
2007-11-12,2007,10,Seattle Seahawks,SEA,24,San Francisco 49ers,SF,0,SEA,-9,37.5,24,0,24,0,24,SF,0,Away,0,24,-24,-9,0
2007-11-18,2007,11,San Francisco 49ers,SF,9,St. Louis Rams,LAR,13,LAR,-3,39.5,22,0,13,9,4,SF,0,Home,9,13,-4,-3,0
2007-11-25,2007,12,Arizona Cardinals,ARI,31,San Francisco 49ers,SF,37,ARI,-10.5,38,68,0,31,37,-6,SF,0,Away,37,31,6,-10.5,1
2007-12-02,2007,13,Carolina Panthers,CAR,31,San Francisco 49ers,SF,14,CAR,-3,35,45,0,31,14,17,SF,0,Away,14,31,-17,-3,0
2007-12-09,2007,14,San Francisco 49ers,SF,7,Minnesota Vikings,MIN,27,MIN,-8.5,39.5,34,0,27,7,20,SF,0,Home,7,27,-20,-8.5,0
2007-12-15,2007,15,San Francisco 49ers,SF,20,Cincinnati Bengals,CIN,13,CIN,-8.5,43,33,0,13,20,-7,SF,0,Home,20,13,7,-8.5,1
2007-12-23,2007,16,San Francisco 49ers,SF,21,Tampa Bay Buccaneers,TB,19,TB,-7,37,40,0,19,21,-2,SF,0,Home,21,19,2,-7,1
2007-12-30,2007,17,Cleveland Browns,CLE,20,San Francisco 49ers,SF,7,CLE,-11.5,41,27,0,20,7,13,SF,0,Away,7,20,-13,-11.5,0
2008-09-07,2008,1,San Francisco 49ers,SF,13,Arizona Cardinals,ARI,23,ARI,-2.5,42,36,0,23,13,10,SF,0,Home,13,23,-10,-2.5,0
2008-09-14,2008,2,Seattle Seahawks,SEA,30,San Francisco 49ers,SF,33,SEA,-6.5,38,63,0,30,33,-3,SF,0,Away,33,30,3,-6.5,1
2008-09-21,2008,3,San Francisco 49ers,SF,31,Detroit Lions,DET,13,SF,-5,47,44,0,31,13,18,SF,1,Home,31,13,18,5,1
2008-09-28,2008,4,New Orleans Saints,NO,31,San Francisco 49ers,SF,17,NO,-4,48.5,48,0,31,17,14,SF,0,Away,17,31,-14,-4,0
2008-10-05,2008,5,San Francisco 49ers,SF,21,New England Patriots,NE,30,NE,-3,41,51,0,30,21,9,SF,0,Home,21,30,-9,-3,0
2008-10-12,2008,6,San Francisco 49ers,SF,26,Philadelphia Eagles,PHI,40,PHI,-5,41.5,66,0,40,26,14,SF,0,Home,26,40,-14,-5,0
2008-10-19,2008,7,New York Giants,NYG,29,San Francisco 49ers,SF,17,NYG,-10,47,46,0,29,17,12,SF,0,Away,17,29,-12,-10,0
2008-10-26,2008,8,San Francisco 49ers,SF,13,Seattle Seahawks,SEA,34,SF,-5.5,41.5,47,0,13,34,-21,SF,1,Home,13,34,-21,5.5,0
2008-11-10,2008,10,Arizona Cardinals,ARI,29,San Francisco 49ers,SF,24,ARI,-9.5,47.5,53,0,29,24,5,SF,0,Away,24,29,-5,-9.5,1
2008-11-16,2008,11,San Francisco 49ers,SF,35,St. Louis Rams,LAR,16,SF,-7,43.5,51,0,35,16,19,SF,1,Home,35,16,19,7,1
2008-11-23,2008,12,Dallas Cowboys,DAL,35,San Francisco 49ers,SF,22,DAL,-9.5,45.5,57,0,35,22,13,SF,0,Away,22,35,-13,-9.5,0
2008-11-30,2008,13,Buffalo Bills,BUF,3,San Francisco 49ers,SF,10,BUF,-6.5,43,13,0,3,10,-7,SF,0,Away,10,3,7,-6.5,1
2008-12-07,2008,14,San Francisco 49ers,SF,24,New York Jets,NYJ,14,NYJ,-5,45.5,38,0,14,24,-10,SF,0,Home,24,14,10,-5,1
2008-12-14,2008,15,Miami Dolphins,MIA,14,San Francisco 49ers,SF,9,MIA,-5.5,41,23,0,14,9,5,SF,0,Away,9,14,-5,-5.5,1
2008-12-21,2008,16,St. Louis Rams,LAR,16,San Francisco 49ers,SF,17,SF,-3.5,42,33,0,17,16,1,SF,1,Away,17,16,1,3.5,0
2008-12-28,2008,17,San Francisco 49ers,SF,27,Washington Redskins,WAS,24,SF,-3,37,51,0,27,24,3,SF,1,Home,27,24,3,3,0
2009-09-13,2009,1,Arizona Cardinals,ARI,16,San Francisco 49ers,SF,20,ARI,-4.5,45,36,0,16,20,-4,SF,0,Away,20,16,4,-4.5,1
2009-09-20,2009,2,San Francisco 49ers,SF,23,Seattle Seahawks,SEA,10,SF,-1,38.5,33,0,23,10,13,SF,1,Home,23,10,13,1,1
2009-09-27,2009,3,Minnesota Vikings,MIN,27,San Francisco 49ers,SF,24,MIN,-7,39.5,51,0,27,24,3,SF,0,Away,24,27,-3,-7,1
2009-10-04,2009,4,San Francisco 49ers,SF,35,St. Louis Rams,LAR,0,SF,-9.5,36.5,35,0,35,0,35,SF,1,Home,35,0,35,9.5,1
2009-10-11,2009,5,San Francisco 49ers,SF,10,Atlanta Falcons,ATL,45,SF,-1,39.5,55,0,10,45,-35,SF,1,Home,10,45,-35,1,0
2009-10-25,2009,7,Houston Texans,HOU,24,San Francisco 49ers,SF,21,HOU,-3,44.5,45,0,24,21,3,SF,0,Away,21,24,-3,-3,0
2009-11-01,2009,8,Indianapolis Colts,IND,18,San Francisco 49ers,SF,14,IND,-13.5,44.5,32,0,18,14,4,SF,0,Away,14,18,-4,-13.5,1
2009-11-08,2009,9,San Francisco 49ers,SF,27,Tennessee Titans,TEN,34,SF,-4,40.5,61,0,27,34,-7,SF,1,Home,27,34,-7,4,0
2009-11-12,2009,10,San Francisco 49ers,SF,10,Chicago Bears,CHI,6,SF,-3,43.5,16,0,10,6,4,SF,1,Home,10,6,4,3,1
2009-11-22,2009,11,Green Bay Packers,GB,30,San Francisco 49ers,SF,24,GB,-6,42,54,0,30,24,6,SF,0,Away,24,30,-6,-6,0
2009-11-29,2009,12,San Francisco 49ers,SF,20,Jacksonville Jaguars,JAX,3,SF,-3,42.5,23,0,20,3,17,SF,1,Home,20,3,17,3,1
2009-12-06,2009,13,Seattle Seahawks,SEA,20,San Francisco 49ers,SF,17,SF,-1,41.5,37,0,17,20,-3,SF,1,Away,17,20,-3,1,0
2009-12-14,2009,14,San Francisco 49ers,SF,24,Arizona Cardinals,ARI,9,ARI,-4,45,33,0,9,24,-15,SF,0,Home,24,9,15,-4,1
2009-12-20,2009,15,Philadelphia Eagles,PHI,27,San Francisco 49ers,SF,13,PHI,-7.5,41,40,0,27,13,14,SF,0,Away,13,27,-14,-7.5,0
2009-12-27,2009,16,San Francisco 49ers,SF,20,Detroit Lions,DET,6,SF,-14,41,26,0,20,6,14,SF,1,Home,20,6,14,14,0
2010-01-03,2009,17,St. Louis Rams,LAR,6,San Francisco 49ers,SF,28,SF,-7,39.5,34,0,28,6,22,SF,1,Away,28,6,22,7,1
2010-09-12,2010,1,Seattle Seahawks,SEA,31,San Francisco 49ers,SF,6,SF,-3,37,37,0,6,31,-25,SF,1,Away,6,31,-25,3,0
2010-09-20,2010,2,San Francisco 49ers,SF,22,New Orleans Saints,NO,25,NO,-5,43.5,47,0,25,22,3,SF,0,Home,22,25,-3,-5,1
2010-09-26,2010,3,Kansas City Chiefs,KC,31,San Francisco 49ers,SF,10,SF,-3,38,41,0,10,31,-21,SF,1,Away,10,31,-21,3,0
2010-10-03,2010,4,Atlanta Falcons,ATL,16,San Francisco 49ers,SF,14,ATL,-7,42.5,30,0,16,14,2,SF,0,Away,14,16,-2,-7,1
2010-10-10,2010,5,San Francisco 49ers,SF,24,Philadelphia Eagles,PHI,27,SF,-3,38.5,51,0,24,27,-3,SF,1,Home,24,27,-3,3,0
2010-10-17,2010,6,San Francisco 49ers,SF,17,Oakland Raiders,OAK,9,SF,-7,41,26,0,17,9,8,SF,1,Home,17,9,8,7,1
2010-10-24,2010,7,Carolina Panthers,CAR,23,San Francisco 49ers,SF,20,SF,-2.5,35.5,43,0,20,23,-3,SF,1,Away,20,23,-3,2.5,0
2010-11-14,2010,10,San Francisco 49ers,SF,23,St. Louis Rams,LAR,20,SF,-4.5,39,43,0,23,20,3,SF,1,Home,23,20,3,4.5,0
2010-11-21,2010,11,San Francisco 49ers,SF,0,Tampa Bay Buccaneers,TB,21,SF,-3.5,41.5,21,0,0,21,-21,SF,1,Home,0,21,-21,3.5,0
2010-11-29,2010,12,Arizona Cardinals,ARI,6,San Francisco 49ers,SF,27,SF,-2,42,33,0,27,6,21,SF,1,Away,27,6,21,2,1
2010-12-05,2010,13,Green Bay Packers,GB,34,San Francisco 49ers,SF,16,GB,-9,41,50,0,34,16,18,SF,0,Away,16,34,-18,-9,0
2010-12-12,2010,14,San Francisco 49ers,SF,40,Seattle Seahawks,SEA,21,SF,-5,43,61,0,40,21,19,SF,1,Home,40,21,19,5,1
2010-12-16,2010,15,San Diego Chargers,LAC,34,San Francisco 49ers,SF,7,LAC,-10.5,45,41,0,34,7,27,SF,0,Away,7,34,-27,-10.5,0
2010-12-26,2010,16,St. Louis Rams,LAR,25,San Francisco 49ers,SF,17,LAR,-2.5,40,42,0,25,17,8,SF,0,Away,17,25,-8,-2.5,0
2011-01-02,2010,17,San Francisco 49ers,SF,38,Arizona Cardinals,ARI,7,SF,-6,39,45,0,38,7,31,SF,1,Home,38,7,31,6,1
2011-09-11,2011,1,San Francisco 49ers,SF,33,Seattle Seahawks,SEA,17,SF,-6,38,50,0,33,17,16,SF,1,Home,33,17,16,6,1
2011-09-18,2011,2,San Francisco 49ers,SF,24,Dallas Cowboys,DAL,27,DAL,-3,41.5,51,0,27,24,3,SF,0,Home,24,27,-3,-3,0
2011-09-25,2011,3,Cincinnati Bengals,CIN,8,San Francisco 49ers,SF,13,CIN,-1,38.5,21,0,8,13,-5,SF,0,Away,13,8,5,-1,1
2011-10-02,2011,4,Philadelphia Eagles,PHI,23,San Francisco 49ers,SF,24,PHI,-10,43.5,47,0,23,24,-1,SF,0,Away,24,23,1,-10,1
2011-10-09,2011,5,San Francisco 49ers,SF,48,Tampa Bay Buccaneers,TB,3,SF,-3,41.5,51,0,48,3,45,SF,1,Home,48,3,45,3,1
2011-10-16,2011,6,Detroit Lions,DET,19,San Francisco 49ers,SF,25,DET,-5,45,44,0,19,25,-6,SF,0,Away,25,19,6,-5,1
2011-10-30,2011,8,San Francisco 49ers,SF,20,Cleveland Browns,CLE,10,SF,-9.5,38.5,30,0,20,10,10,SF,1,Home,20,10,10,9.5,1
2011-11-06,2011,9,Washington Redskins,WAS,11,San Francisco 49ers,SF,19,SF,-4.5,37.5,30,0,19,11,8,SF,1,Away,19,11,8,4.5,1
2011-11-13,2011,10,San Francisco 49ers,SF,27,New York Giants,NYG,20,SF,-4,42.5,47,0,27,20,7,SF,1,Home,27,20,7,4,1
2011-11-20,2011,11,San Francisco 49ers,SF,23,Arizona Cardinals,ARI,7,SF,-10,40.5,30,0,23,7,16,SF,1,Home,23,7,16,10,1
2011-11-24,2011,12,Baltimore Ravens,BAL,16,San Francisco 49ers,SF,6,BAL,-3.5,40.5,22,0,16,6,10,SF,0,Away,6,16,-10,-3.5,0
2011-12-04,2011,13,San Francisco 49ers,SF,26,St. Louis Rams,LAR,0,SF,-14.5,38.5,26,0,26,0,26,SF,1,Home,26,0,26,14.5,1
2011-12-11,2011,14,Arizona Cardinals,ARI,21,San Francisco 49ers,SF,19,SF,-3.5,40,40,0,19,21,-2,SF,1,Away,19,21,-2,3.5,0
2011-12-19,2011,15,San Francisco 49ers,SF,20,Pittsburgh Steelers,PIT,3,SF,-3,37,23,0,20,3,17,SF,1,Home,20,3,17,3,1
2011-12-24,2011,16,Seattle Seahawks,SEA,17,San Francisco 49ers,SF,19,SF,-2.5,37,36,0,19,17,2,SF,1,Away,19,17,2,2.5,0
2012-01-01,2011,17,St. Louis Rams,LAR,27,San Francisco 49ers,SF,34,SF,-12.5,34.5,61,0,34,27,7,SF,1,Away,34,27,7,12.5,0
2012-09-09,2012,1,Green Bay Packers,GB,22,San Francisco 49ers,SF,30,GB,-5.5,46.5,52,0,22,30,-8,SF,0,Away,30,22,8,-5.5,1
2012-09-16,2012,2,San Francisco 49ers,SF,27,Detroit Lions,DET,19,SF,-7,46,46,0,27,19,8,SF,1,Home,27,19,8,7,1
2012-09-23,2012,3,Minnesota Vikings,MIN,24,San Francisco 49ers,SF,13,SF,-7,42.5,37,0,13,24,-11,SF,1,Away,13,24,-11,7,0
2012-09-30,2012,4,New York Jets,NYJ,0,San Francisco 49ers,SF,34,SF,-4,41,34,0,34,0,34,SF,1,Away,34,0,34,4,1
2012-10-07,2012,5,San Francisco 49ers,SF,45,Buffalo Bills,BUF,3,SF,-10,45,48,0,45,3,42,SF,1,Home,45,3,42,10,1
2012-10-14,2012,6,San Francisco 49ers,SF,3,New York Giants,NYG,26,SF,-7,46.5,29,0,3,26,-23,SF,1,Home,3,26,-23,7,0
2012-10-18,2012,7,San Francisco 49ers,SF,13,Seattle Seahawks,SEA,6,SF,-7.5,37.5,19,0,13,6,7,SF,1,Home,13,6,7,7.5,0
2012-10-29,2012,8,Arizona Cardinals,ARI,3,San Francisco 49ers,SF,24,SF,-7,38.5,27,0,24,3,21,SF,1,Away,24,3,21,7,1
2012-11-11,2012,10,San Francisco 49ers,SF,24,St. Louis Rams,LAR,24,SF,-13,38,48,0,24,24,0,SF,1,Home,24,24,0,13,0
2012-11-19,2012,11,San Francisco 49ers,SF,32,Chicago Bears,CHI,7,SF,-5,35,39,0,32,7,25,SF,1,Home,32,7,25,5,1
2012-11-25,2012,12,New Orleans Saints,NO,21,San Francisco 49ers,SF,31,SF,-1.5,50,52,0,31,21,10,SF,1,Away,31,21,10,1.5,1
2012-12-02,2012,13,St. Louis Rams,LAR,16,San Francisco 49ers,SF,13,SF,-8,41,29,0,13,16,-3,SF,1,Away,13,16,-3,8,0
2012-12-09,2012,14,San Francisco 49ers,SF,27,Miami Dolphins,MIA,13,SF,-10.5,38.5,40,0,27,13,14,SF,1,Home,27,13,14,10.5,1
2012-12-16,2012,15,New England Patriots,NE,34,San Francisco 49ers,SF,41,NE,-5,47.5,75,0,34,41,-7,SF,0,Away,41,34,7,-5,1
2012-12-23,2012,16,Seattle Seahawks,SEA,42,San Francisco 49ers,SF,13,SEA,-2,40.5,55,0,42,13,29,SF,0,Away,13,42,-29,-2,0
2012-12-30,2012,17,San Francisco 49ers,SF,27,Arizona Cardinals,ARI,13,SF,-16.5,39.5,40,0,27,13,14,SF,1,Home,27,13,14,16.5,0
2013-09-08,2013,1,San Francisco 49ers,SF,34,Green Bay Packers,GB,28,SF,-5,48.5,62,0,34,28,6,SF,1,Home,34,28,6,5,1
2013-09-15,2013,2,Seattle Seahawks,SEA,29,San Francisco 49ers,SF,3,SEA,-2.5,44.5,32,0,29,3,26,SF,0,Away,3,29,-26,-2.5,0
2013-09-22,2013,3,San Francisco 49ers,SF,7,Indianapolis Colts,IND,27,SF,-10,47,34,0,7,27,-20,SF,1,Home,7,27,-20,10,0
2013-09-26,2013,4,St. Louis Rams,LAR,11,San Francisco 49ers,SF,35,SF,-4,43.5,46,0,35,11,24,SF,1,Away,35,11,24,4,1
2013-10-06,2013,5,San Francisco 49ers,SF,34,Houston Texans,HOU,3,SF,-4.5,44,37,0,34,3,31,SF,1,Home,34,3,31,4.5,1
2013-10-13,2013,6,San Francisco 49ers,SF,32,Arizona Cardinals,ARI,20,SF,-10.5,41,52,0,32,20,12,SF,1,Home,32,20,12,10.5,1
2013-10-20,2013,7,Tennessee Titans,TEN,17,San Francisco 49ers,SF,31,SF,-3,40.5,48,0,31,17,14,SF,1,Away,31,17,14,3,1
2013-11-10,2013,10,San Francisco 49ers,SF,9,Carolina Panthers,CAR,10,SF,-5.5,42.5,19,0,9,10,-1,SF,1,Home,9,10,-1,5.5,0
2013-11-17,2013,11,New Orleans Saints,NO,23,San Francisco 49ers,SF,20,NO,-3.5,49.5,43,0,23,20,3,SF,0,Away,20,23,-3,-3.5,1
2013-11-25,2013,12,Washington Redskins,WAS,6,San Francisco 49ers,SF,27,SF,-5,47,33,0,27,6,21,SF,1,Away,27,6,21,5,1
2013-12-01,2013,13,San Francisco 49ers,SF,23,St. Louis Rams,LAR,13,SF,-7.5,40,36,0,23,13,10,SF,1,Home,23,13,10,7.5,1
2013-12-08,2013,14,San Francisco 49ers,SF,19,Seattle Seahawks,SEA,17,SF,-2,41,36,0,19,17,2,SF,1,Home,19,17,2,2,0
2013-12-15,2013,15,Tampa Bay Buccaneers,TB,14,San Francisco 49ers,SF,33,SF,-4.5,41,47,0,33,14,19,SF,1,Away,33,14,19,4.5,1
2013-12-23,2013,16,San Francisco 49ers,SF,34,Atlanta Falcons,ATL,24,SF,-14.5,46,58,0,34,24,10,SF,1,Home,34,24,10,14.5,0
2013-12-29,2013,17,Arizona Cardinals,ARI,20,San Francisco 49ers,SF,23,ARI,-3,41,43,0,20,23,-3,SF,0,Away,23,20,3,-3,1
2014-09-07,2014,1,Dallas Cowboys,DAL,17,San Francisco 49ers,SF,28,SF,-3.5,51,45,0,28,17,11,SF,1,Away,28,17,11,3.5,1
2014-09-14,2014,2,San Francisco 49ers,SF,20,Chicago Bears,CHI,28,SF,-7,47.5,48,0,20,28,-8,SF,1,Home,20,28,-8,7,0
2014-09-21,2014,3,Arizona Cardinals,ARI,23,San Francisco 49ers,SF,14,SF,-3,41,37,0,14,23,-9,SF,1,Away,14,23,-9,3,0
2014-09-28,2014,4,San Francisco 49ers,SF,26,Philadelphia Eagles,PHI,21,SF,-3.5,49.5,47,0,26,21,5,SF,1,Home,26,21,5,3.5,1
2014-10-05,2014,5,San Francisco 49ers,SF,22,Kansas City Chiefs,KC,17,SF,-4,43.5,39,0,22,17,5,SF,1,Home,22,17,5,4,1
2014-10-13,2014,6,St. Louis Rams,LAR,17,San Francisco 49ers,SF,31,SF,-3.5,44.5,48,0,31,17,14,SF,1,Away,31,17,14,3.5,1
2014-10-19,2014,7,Denver Broncos,DEN,42,San Francisco 49ers,SF,17,DEN,-7,48.5,59,0,42,17,25,SF,0,Away,17,42,-25,-7,0
2014-11-02,2014,9,San Francisco 49ers,SF,10,St. Louis Rams,LAR,13,SF,-10.5,44,23,0,10,13,-3,SF,1,Home,10,13,-3,10.5,0
2014-11-09,2014,10,New Orleans Saints,NO,24,San Francisco 49ers,SF,27,NO,-6,49.5,51,0,24,27,-3,SF,0,Away,27,24,3,-6,1
2014-11-16,2014,11,New York Giants,NYG,10,San Francisco 49ers,SF,16,SF,-4,45,26,0,16,10,6,SF,1,Away,16,10,6,4,1
2014-11-23,2014,12,San Francisco 49ers,SF,17,Washington Redskins,WAS,13,SF,-9,44,30,0,17,13,4,SF,1,Home,17,13,4,9,0
2014-11-27,2014,13,San Francisco 49ers,SF,3,Seattle Seahawks,SEA,19,SF,-1,40.5,22,0,3,19,-16,SF,1,Home,3,19,-16,1,0
2014-12-07,2014,14,Oakland Raiders,OAK,24,San Francisco 49ers,SF,13,SF,-8,40.5,37,0,13,24,-11,SF,1,Away,13,24,-11,8,0
2014-12-14,2014,15,Seattle Seahawks,SEA,17,San Francisco 49ers,SF,7,SEA,-10,38.5,24,0,17,7,10,SF,0,Away,7,17,-10,-10,0
2014-12-20,2014,16,San Francisco 49ers,SF,35,San Diego Chargers,LAC,38,SF,-2,40.5,73,0,35,38,-3,SF,1,Home,35,38,-3,2,0
2014-12-28,2014,17,San Francisco 49ers,SF,20,Arizona Cardinals,ARI,17,SF,-6,37.5,37,0,20,17,3,SF,1,Home,20,17,3,6,0
2015-09-14,2015,1,San Francisco 49ers,SF,20,Minnesota Vikings,MIN,3,MIN,-2.5,42.5,23,0,3,20,-17,SF,0,Home,20,3,17,-2.5,1
2015-09-20,2015,2,Pittsburgh Steelers,PIT,43,San Francisco 49ers,SF,18,PIT,-6,46,61,0,43,18,25,SF,0,Away,18,43,-25,-6,0
2015-09-27,2015,3,Arizona Cardinals,ARI,47,San Francisco 49ers,SF,7,ARI,-7,45,54,0,47,7,40,SF,0,Away,7,47,-40,-7,0
2015-10-04,2015,4,San Francisco 49ers,SF,3,Green Bay Packers,GB,17,GB,-7.5,48,20,0,17,3,14,SF,0,Home,3,17,-14,-7.5,0
2015-10-11,2015,5,New York Giants,NYG,30,San Francisco 49ers,SF,27,NYG,-7.5,44,57,0,30,27,3,SF,0,Away,27,30,-3,-7.5,1
2015-10-18,2015,6,San Francisco 49ers,SF,25,Baltimore Ravens,BAL,20,BAL,-2.5,43.5,45,0,20,25,-5,SF,0,Home,25,20,5,-2.5,1
2015-10-22,2015,7,San Francisco 49ers,SF,3,Seattle Seahawks,SEA,20,SEA,-6.5,42,23,0,20,3,17,SF,0,Home,3,20,-17,-6.5,0
2015-11-01,2015,8,St. Louis Rams,LAR,27,San Francisco 49ers,SF,6,LAR,-8,41,33,0,27,6,21,SF,0,Away,6,27,-21,-8,0
2015-11-08,2015,9,San Francisco 49ers,SF,17,Atlanta Falcons,ATL,16,ATL,-8.5,43.5,33,0,16,17,-1,SF,0,Home,17,16,1,-8.5,1
2015-11-22,2015,11,Seattle Seahawks,SEA,29,San Francisco 49ers,SF,13,SEA,-14,40,42,0,29,13,16,SF,0,Away,13,29,-16,-14,0
2015-11-29,2015,12,San Francisco 49ers,SF,13,Arizona Cardinals,ARI,19,ARI,-8.5,45,32,0,19,13,6,SF,0,Home,13,19,-6,-8.5,1
2015-12-06,2015,13,Chicago Bears,CHI,20,San Francisco 49ers,SF,26,CHI,-6.5,43,46,0,20,26,-6,SF,0,Away,26,20,6,-6.5,1
2015-12-13,2015,14,Cleveland Browns,CLE,24,San Francisco 49ers,SF,10,CLE,-2.5,43,34,0,24,10,14,SF,0,Away,10,24,-14,-2.5,0
2015-12-20,2015,15,San Francisco 49ers,SF,14,Cincinnati Bengals,CIN,24,CIN,-6.5,41,38,0,24,14,10,SF,0,Home,14,24,-10,-6.5,0
2015-12-27,2015,16,Detroit Lions,DET,32,San Francisco 49ers,SF,17,DET,-9,42.5,49,0,32,17,15,SF,0,Away,17,32,-15,-9,0
2016-01-03,2015,17,San Francisco 49ers,SF,19,St. Louis Rams,LAR,16,LAR,-3,38.5,35,0,16,19,-3,SF,0,Home,19,16,3,-3,1
2016-09-12,2016,1,San Francisco 49ers,SF,28,Los Angeles Rams,LAR,0,LAR,-2.5,43.5,28,0,0,28,-28,SF,0,Home,28,0,28,-2.5,1
2016-09-18,2016,2,Carolina Panthers,CAR,46,San Francisco 49ers,SF,27,CAR,-12.5,44,73,0,46,27,19,SF,0,Away,27,46,-19,-12.5,0
2016-09-25,2016,3,Seattle Seahawks,SEA,37,San Francisco 49ers,SF,18,SEA,-10.5,41.5,55,0,37,18,19,SF,0,Away,18,37,-19,-10.5,0
2016-10-02,2016,4,San Francisco 49ers,SF,17,Dallas Cowboys,DAL,24,DAL,-1,44,41,0,24,17,7,SF,0,Home,17,24,-7,-1,0
2016-10-06,2016,5,San Francisco 49ers,SF,21,Arizona Cardinals,ARI,33,ARI,-3.5,42.5,54,0,33,21,12,SF,0,Home,21,33,-12,-3.5,0
2016-10-16,2016,6,Buffalo Bills,BUF,45,San Francisco 49ers,SF,16,BUF,-7.5,44,61,0,45,16,29,SF,0,Away,16,45,-29,-7.5,0
2016-10-23,2016,7,San Francisco 49ers,SF,17,Tampa Bay Buccaneers,TB,34,SF,-1,45,51,0,17,34,-17,SF,1,Home,17,34,-17,1,0
2016-11-06,2016,9,San Francisco 49ers,SF,23,New Orleans Saints,NO,41,NO,-5,53,64,0,41,23,18,SF,0,Home,23,41,-18,-5,0
2016-11-13,2016,10,Arizona Cardinals,ARI,23,San Francisco 49ers,SF,20,ARI,-14,47,43,0,23,20,3,SF,0,Away,20,23,-3,-14,1
2016-11-20,2016,11,San Francisco 49ers,SF,17,New England Patriots,NE,30,NE,-11.5,51.5,47,0,30,17,13,SF,0,Home,17,30,-13,-11.5,0
2016-11-27,2016,12,Miami Dolphins,MIA,31,San Francisco 49ers,SF,24,MIA,-7,45,55,0,31,24,7,SF,0,Away,24,31,-7,-7,0
2016-12-04,2016,13,Chicago Bears,CHI,26,San Francisco 49ers,SF,6,SF,-1,44,32,0,6,26,-20,SF,1,Away,6,26,-20,1,0
2016-12-11,2016,14,San Francisco 49ers,SF,17,New York Jets,NYJ,23,SF,-3,43,40,0,17,23,-6,SF,1,Home,17,23,-6,3,0
2016-12-18,2016,15,Atlanta Falcons,ATL,41,San Francisco 49ers,SF,13,ATL,-13.5,51.5,54,0,41,13,28,SF,0,Away,13,41,-28,-13.5,0
2016-12-24,2016,16,Los Angeles Rams,LAR,21,San Francisco 49ers,SF,22,LAR,-6,39.5,43,0,21,22,-1,SF,0,Away,22,21,1,-6,1
2017-01-01,2016,17,San Francisco 49ers,SF,23,Seattle Seahawks,SEA,25,SEA,-11.5,45,48,0,25,23,2,SF,0,Home,23,25,-2,-11.5,1
2017-09-10,2017,1,San Francisco 49ers,SF,3,Carolina Panthers,CAR,23,CAR,-5.5,48,26,0,23,3,20,SF,0,Home,3,23,-20,-5.5,0
2017-09-17,2017,2,Seattle Seahawks,SEA,12,San Francisco 49ers,SF,9,SEA,-13.5,42.5,21,0,12,9,3,SF,0,Away,9,12,-3,-13.5,1
2017-09-21,2017,3,San Francisco 49ers,SF,39,Los Angeles Rams,LAR,41,LAR,-2,40.5,80,0,41,39,2,SF,0,Home,39,41,-2,-2,0
2017-10-01,2017,4,Arizona Cardinals,ARI,18,San Francisco 49ers,SF,15,ARI,-6.5,44.5,33,0,18,15,3,SF,0,Away,15,18,-3,-6.5,1
2017-10-08,2017,5,Indianapolis Colts,IND,26,San Francisco 49ers,SF,23,IND,-1.5,44,49,0,26,23,3,SF,0,Away,23,26,-3,-1.5,0
2017-10-15,2017,6,Washington Redskins,WAS,26,San Francisco 49ers,SF,24,WAS,-12,46,50,0,26,24,2,SF,0,Away,24,26,-2,-12,1
2017-10-22,2017,7,San Francisco 49ers,SF,10,Dallas Cowboys,DAL,40,DAL,-6.5,48.5,50,0,40,10,30,SF,0,Home,10,40,-30,-6.5,0
2017-10-29,2017,8,Philadelphia Eagles,PHI,33,San Francisco 49ers,SF,10,PHI,-13,46,43,0,33,10,23,SF,0,Away,10,33,-23,-13,0
2017-11-05,2017,9,San Francisco 49ers,SF,10,Arizona Cardinals,ARI,20,ARI,-2,39,30,0,20,10,10,SF,0,Home,10,20,-10,-2,0
2017-11-12,2017,10,San Francisco 49ers,SF,31,New York Giants,NYG,21,NYG,-3,41.5,52,0,21,31,-10,SF,0,Home,31,21,10,-3,1
2017-11-26,2017,12,San Francisco 49ers,SF,13,Seattle Seahawks,SEA,24,SEA,-7,43,37,0,24,13,11,SF,0,Home,13,24,-11,-7,0
2017-12-03,2017,13,Chicago Bears,CHI,14,San Francisco 49ers,SF,15,CHI,-3,41,29,0,14,15,-1,SF,0,Away,15,14,1,-3,1
2017-12-10,2017,14,Houston Texans,HOU,16,San Francisco 49ers,SF,26,HOU,-1,45.5,42,0,16,26,-10,SF,0,Away,26,16,10,-1,1
2017-12-17,2017,15,San Francisco 49ers,SF,25,Tennessee Titans,TEN,23,SF,-2.5,44.5,48,0,25,23,2,SF,1,Home,25,23,2,2.5,0
2017-12-24,2017,16,San Francisco 49ers,SF,44,Jacksonville Jaguars,JAX,33,JAX,-4,43,77,0,33,44,-11,SF,0,Home,44,33,11,-4,1
2017-12-31,2017,17,Los Angeles Rams,LAR,13,San Francisco 49ers,SF,34,SF,-6,44.5,47,0,34,13,21,SF,1,Away,34,13,21,6,1
2018-09-09,2018,1,Minnesota Vikings,MIN,24,San Francisco 49ers,SF,16,MIN,-6,46.5,40,0,24,16,8,SF,0,Away,16,24,-8,-6,0
2018-09-16,2018,2,San Francisco 49ers,SF,30,Detroit Lions,DET,27,SF,-6,48.5,57,0,30,27,3,SF,1,Home,30,27,3,6,0
2018-09-23,2018,3,Kansas City Chiefs,KC,38,San Francisco 49ers,SF,27,KC,-5.5,53,65,0,38,27,11,SF,0,Away,27,38,-11,-5.5,0
2018-09-30,2018,4,Los Angeles Chargers,LAC,29,San Francisco 49ers,SF,27,LAC,-10.5,46,56,0,29,27,2,SF,0,Away,27,29,-2,-10.5,1
2018-10-07,2018,5,San Francisco 49ers,SF,18,Arizona Cardinals,ARI,28,SF,-3,40.5,46,0,18,28,-10,SF,1,Home,18,28,-10,3,0
2018-10-15,2018,6,Green Bay Packers,GB,33,San Francisco 49ers,SF,30,GB,-9,46.5,63,0,33,30,3,SF,0,Away,30,33,-3,-9,1
2018-10-21,2018,7,San Francisco 49ers,SF,10,Los Angeles Rams,LAR,39,LAR,-8,52,49,0,39,10,29,SF,0,Home,10,39,-29,-8,0
2018-10-28,2018,8,Arizona Cardinals,ARI,18,San Francisco 49ers,SF,15,ARI,-2.5,40,33,0,18,15,3,SF,0,Away,15,18,-3,-2.5,0
2018-11-01,2018,9,San Francisco 49ers,SF,34,Oakland Raiders,OAK,3,OAK,-1.5,44,37,0,3,34,-31,SF,0,Home,34,3,31,-1.5,1
2018-11-12,2018,10,San Francisco 49ers,SF,23,New York Giants,NYG,27,SF,-3,45,50,0,23,27,-4,SF,1,Home,23,27,-4,3,0
2018-11-25,2018,12,Tampa Bay Buccaneers,TB,27,San Francisco 49ers,SF,9,TB,-1.5,54.5,36,0,27,9,18,SF,0,Away,9,27,-18,-1.5,0
2018-12-02,2018,13,Seattle Seahawks,SEA,43,San Francisco 49ers,SF,16,SEA,-10,45.5,59,0,43,16,27,SF,0,Away,16,43,-27,-10,0
2018-12-09,2018,14,San Francisco 49ers,SF,20,Denver Broncos,DEN,14,DEN,-3,45.5,34,0,14,20,-6,SF,0,Home,20,14,6,-3,1
2018-12-16,2018,15,San Francisco 49ers,SF,26,Seattle Seahawks,SEA,23,SEA,-3.5,44,49,0,23,26,-3,SF,0,Home,26,23,3,-3.5,1
2018-12-23,2018,16,San Francisco 49ers,SF,9,Chicago Bears,CHI,14,CHI,-4,44,23,0,14,9,5,SF,0,Home,9,14,-5,-4,0
2018-12-30,2018,17,Los Angeles Rams,LAR,48,San Francisco 49ers,SF,32,LAR,-10.5,49.5,80,0,48,32,16,SF,0,Away,32,48,-16,-10.5,0
2019-09-08,2019,1,Tampa Bay Buccaneers,TB,17,San Francisco 49ers,SF,31,TB,-1,51,48,0,17,31,-14,SF,0,Away,31,17,14,-1,1
2019-09-15,2019,2,Cincinnati Bengals,CIN,17,San Francisco 49ers,SF,41,CIN,-1,46,58,0,17,41,-24,SF,0,Away,41,17,24,-1,1
2019-09-22,2019,3,San Francisco 49ers,SF,24,Pittsburgh Steelers,PIT,20,SF,-6,44.5,44,0,24,20,4,SF,1,Home,24,20,4,6,0
2019-10-07,2019,5,San Francisco 49ers,SF,31,Cleveland Browns,CLE,3,SF,-4.5,48,34,0,31,3,28,SF,1,Home,31,3,28,4.5,1
2019-10-13,2019,6,Los Angeles Rams,LAR,7,San Francisco 49ers,SF,20,LAR,-3,50,27,0,7,20,-13,SF,0,Away,20,7,13,-3,1
2019-10-20,2019,7,Washington Redskins,WAS,0,San Francisco 49ers,SF,9,SF,-10,39,9,0,9,0,9,SF,1,Away,9,0,9,10,0
2019-10-27,2019,8,San Francisco 49ers,SF,51,Carolina Panthers,CAR,13,SF,-4,40.5,64,0,51,13,38,SF,1,Home,51,13,38,4,1
2019-10-31,2019,9,Arizona Cardinals,ARI,25,San Francisco 49ers,SF,28,SF,-10,43,53,0,28,25,3,SF,1,Away,28,25,3,10,0
2019-11-11,2019,10,San Francisco 49ers,SF,24,Seattle Seahawks,SEA,27,SF,-6.5,46.5,51,0,24,27,-3,SF,1,Home,24,27,-3,6.5,0
2019-11-17,2019,11,San Francisco 49ers,SF,36,Arizona Cardinals,ARI,26,SF,-10,44,62,0,36,26,10,SF,1,Home,36,26,10,10,0
2019-11-24,2019,12,San Francisco 49ers,SF,37,Green Bay Packers,GB,8,SF,-3,48,45,0,37,8,29,SF,1,Home,37,8,29,3,1
2019-12-01,2019,13,Baltimore Ravens,BAL,20,San Francisco 49ers,SF,17,BAL,-5.5,45,37,0,20,17,3,SF,0,Away,17,20,-3,-5.5,1
2019-12-08,2019,14,New Orleans Saints,NO,46,San Francisco 49ers,SF,48,NO,-1.5,45,94,0,46,48,-2,SF,0,Away,48,46,2,-1.5,1
2019-12-15,2019,15,San Francisco 49ers,SF,22,Atlanta Falcons,ATL,29,SF,-10,49.5,51,0,22,29,-7,SF,1,Home,22,29,-7,10,0
2019-12-21,2019,16,San Francisco 49ers,SF,34,Los Angeles Rams,LAR,31,SF,-7,45.5,65,0,34,31,3,SF,1,Home,34,31,3,7,0
2019-12-29,2019,17,Seattle Seahawks,SEA,21,San Francisco 49ers,SF,26,SF,-3.5,47,47,0,26,21,5,SF,1,Away,26,21,5,3.5,1
2000-09-03,2000,1,Miami Dolphins,MIA,23,Seattle Seahawks,SEA,0,MIA,-2,36,23,0,23,0,23,SEA,0,Away,0,23,-23,-2,0
2000-09-10,2000,2,Seattle Seahawks,SEA,34,St. Louis Rams,LAR,37,LAR,-7.5,46,71,0,37,34,3,SEA,0,Home,34,37,-3,-7.5,1
2000-09-17,2000,3,Seattle Seahawks,SEA,20,New Orleans Saints,NO,10,SEA,-6,40,30,0,20,10,10,SEA,1,Home,20,10,10,6,1
2000-09-24,2000,4,San Diego Chargers,LAC,12,Seattle Seahawks,SEA,20,SEA,-2.5,36,32,0,20,12,8,SEA,1,Away,20,12,8,2.5,1
2000-10-02,2000,5,Kansas City Chiefs,KC,24,Seattle Seahawks,SEA,17,KC,-4,38.5,41,0,24,17,7,SEA,0,Away,17,24,-7,-4,0
2000-10-08,2000,6,Carolina Panthers,CAR,26,Seattle Seahawks,SEA,3,CAR,-3.5,43,29,0,26,3,23,SEA,0,Away,3,26,-23,-3.5,0
2000-10-15,2000,7,Seattle Seahawks,SEA,24,Indianapolis Colts,IND,37,IND,-5.5,44,61,0,37,24,13,SEA,0,Home,24,37,-13,-5.5,0
2000-10-22,2000,8,Oakland Raiders,OAK,31,Seattle Seahawks,SEA,3,OAK,-7.5,44,34,0,31,3,28,SEA,0,Away,3,31,-28,-7.5,0
2000-10-29,2000,9,Seattle Seahawks,SEA,19,Kansas City Chiefs,KC,24,KC,-4,43,43,0,24,19,5,SEA,0,Home,19,24,-5,-4,0
2000-11-05,2000,10,Seattle Seahawks,SEA,17,San Diego Chargers,LAC,15,SEA,-4.5,39.5,32,0,17,15,2,SEA,1,Home,17,15,2,4.5,0
2000-11-12,2000,11,Jacksonville Jaguars,JAX,21,Seattle Seahawks,SEA,28,JAX,-7.5,40.5,49,0,21,28,-7,SEA,0,Away,28,21,7,-7.5,1
2000-11-26,2000,13,Seattle Seahawks,SEA,31,Denver Broncos,DEN,38,DEN,-3,45.5,69,0,38,31,7,SEA,0,Home,31,38,-7,-3,0
2000-12-03,2000,14,Atlanta Falcons,ATL,10,Seattle Seahawks,SEA,30,PICK,0,42,40,0,30,10,20,SEA,0,Away,30,10,20,0,1
2000-12-10,2000,15,Denver Broncos,DEN,31,Seattle Seahawks,SEA,24,DEN,-10,48,55,0,31,24,7,SEA,0,Away,24,31,-7,-10,1
2000-12-16,2000,16,Seattle Seahawks,SEA,27,Oakland Raiders,OAK,24,OAK,-6,47.5,51,0,24,27,-3,SEA,0,Home,27,24,3,-6,1
2000-12-23,2000,17,Seattle Seahawks,SEA,23,Buffalo Bills,BUF,42,SEA,-3,42.5,65,0,23,42,-19,SEA,1,Home,23,42,-19,3,0
2001-09-09,2001,1,Cleveland Browns,CLE,6,Seattle Seahawks,SEA,9,SEA,-4,38.5,15,0,9,6,3,SEA,1,Away,9,6,3,4,0
2001-09-23,2001,2,Seattle Seahawks,SEA,3,Philadelphia Eagles,PHI,27,PHI,-2.5,37,30,0,27,3,24,SEA,0,Home,3,27,-24,-2.5,0
2001-09-30,2001,3,Oakland Raiders,OAK,38,Seattle Seahawks,SEA,14,OAK,-10.5,39,52,0,38,14,24,SEA,0,Away,14,38,-24,-10.5,0
2001-10-07,2001,4,Seattle Seahawks,SEA,24,Jacksonville Jaguars,JAX,15,JAX,-3.5,35,39,0,15,24,-9,SEA,0,Home,24,15,9,-3.5,1
2001-10-14,2001,5,Seattle Seahawks,SEA,34,Denver Broncos,DEN,21,DEN,-6,44,55,0,21,34,-13,SEA,0,Home,34,21,13,-6,1
2001-10-28,2001,7,Seattle Seahawks,SEA,20,Miami Dolphins,MIA,24,MIA,-2.5,36.5,44,0,24,20,4,SEA,0,Home,20,24,-4,-2.5,0
2001-11-04,2001,8,Washington Redskins,WAS,27,Seattle Seahawks,SEA,14,SEA,-2.5,37,41,0,14,27,-13,SEA,1,Away,14,27,-13,2.5,0
2001-11-11,2001,9,Seattle Seahawks,SEA,34,Oakland Raiders,OAK,27,OAK,-6,43.5,61,0,27,34,-7,SEA,0,Home,34,27,7,-6,1
2001-11-18,2001,10,Buffalo Bills,BUF,20,Seattle Seahawks,SEA,23,SEA,-3.5,39,43,0,23,20,3,SEA,1,Away,23,20,3,3.5,0
2001-11-25,2001,11,Kansas City Chiefs,KC,19,Seattle Seahawks,SEA,7,KC,-1.5,41,26,0,19,7,12,SEA,0,Away,7,19,-12,-1.5,0
2001-12-02,2001,12,Seattle Seahawks,SEA,13,San Diego Chargers,LAC,10,SEA,-3,43,23,0,13,10,3,SEA,1,Home,13,10,3,3,0
2001-12-09,2001,13,Denver Broncos,DEN,20,Seattle Seahawks,SEA,7,DEN,-6,41,27,0,20,7,13,SEA,0,Away,7,20,-13,-6,0
2001-12-16,2001,14,Seattle Seahawks,SEA,29,Dallas Cowboys,DAL,3,SEA,-5.5,36.5,32,0,29,3,26,SEA,1,Home,29,3,26,5.5,1
2001-12-23,2001,15,New York Giants,NYG,27,Seattle Seahawks,SEA,24,NYG,-3,34,51,0,27,24,3,SEA,0,Away,24,27,-3,-3,0
2001-12-30,2001,16,San Diego Chargers,LAC,22,Seattle Seahawks,SEA,25,LAC,-1.5,39,47,0,22,25,-3,SEA,0,Away,25,22,3,-1.5,1
2002-01-06,2001,17,Seattle Seahawks,SEA,21,Kansas City Chiefs,KC,18,SEA,-3.5,40,39,0,21,18,3,SEA,1,Home,21,18,3,3.5,0
2002-09-08,2002,1,Oakland Raiders,OAK,31,Seattle Seahawks,SEA,17,OAK,-7.5,40,48,0,31,17,14,SEA,0,Away,17,31,-14,-7.5,0
2002-09-15,2002,2,Seattle Seahawks,SEA,13,Arizona Cardinals,ARI,24,SEA,-4,40.5,37,0,13,24,-11,SEA,1,Home,13,24,-11,4,0
2002-09-22,2002,3,New York Giants,NYG,9,Seattle Seahawks,SEA,6,NYG,-5.5,39,15,0,9,6,3,SEA,0,Away,6,9,-3,-5.5,1
2002-09-29,2002,4,Seattle Seahawks,SEA,48,Minnesota Vikings,MIN,23,SEA,-3,44,71,0,48,23,25,SEA,1,Home,48,23,25,3,1
2002-10-14,2002,6,Seattle Seahawks,SEA,21,San Francisco 49ers,SF,28,SF,-3,43.5,49,0,28,21,7,SEA,0,Home,21,28,-7,-3,0
2002-10-20,2002,7,St. Louis Rams,LAR,37,Seattle Seahawks,SEA,20,LAR,-6.5,44.5,57,0,37,20,17,SEA,0,Away,20,37,-17,-6.5,0
2002-10-27,2002,8,Dallas Cowboys,DAL,14,Seattle Seahawks,SEA,17,DAL,-2,37,31,0,14,17,-3,SEA,0,Away,17,14,3,-2,1
2002-11-03,2002,9,Seattle Seahawks,SEA,3,Washington Redskins,WAS,14,SEA,-2,41.5,17,0,3,14,-11,SEA,1,Home,3,14,-11,2,0
2002-11-10,2002,10,Arizona Cardinals,ARI,6,Seattle Seahawks,SEA,27,ARI,-3,37,33,0,6,27,-21,SEA,0,Away,27,6,21,-3,1
2002-11-17,2002,11,Seattle Seahawks,SEA,9,Denver Broncos,DEN,31,DEN,-5.5,42.5,40,0,31,9,22,SEA,0,Home,9,31,-22,-5.5,0
2002-11-24,2002,12,Seattle Seahawks,SEA,39,Kansas City Chiefs,KC,32,KC,-3.5,44,71,0,32,39,-7,SEA,0,Home,39,32,7,-3.5,1
2002-12-01,2002,13,San Francisco 49ers,SF,31,Seattle Seahawks,SEA,24,SF,-8.5,43.5,55,0,31,24,7,SEA,0,Away,24,31,-7,-8.5,1
2002-12-08,2002,14,Seattle Seahawks,SEA,20,Philadelphia Eagles,PHI,27,PHI,-3,37.5,47,0,27,20,7,SEA,0,Home,20,27,-7,-3,0
2002-12-15,2002,15,Atlanta Falcons,ATL,24,Seattle Seahawks,SEA,30,ATL,-9.5,46,54,0,24,30,-6,SEA,0,Away,30,24,6,-9.5,1
2002-12-22,2002,16,Seattle Seahawks,SEA,30,St. Louis Rams,LAR,10,SEA,-2.5,48,40,0,30,10,20,SEA,1,Home,30,10,20,2.5,1
2002-12-29,2002,17,San Diego Chargers,LAC,28,Seattle Seahawks,SEA,31,LAC,-3,42.5,59,0,28,31,-3,SEA,0,Away,31,28,3,-3,1
2003-09-07,2003,1,Seattle Seahawks,SEA,27,New Orleans Saints,NO,10,SEA,-3,48.5,37,0,27,10,17,SEA,1,Home,27,10,17,3,1
2003-09-14,2003,2,Arizona Cardinals,ARI,0,Seattle Seahawks,SEA,38,SEA,-5,44.5,38,0,38,0,38,SEA,1,Away,38,0,38,5,1
2003-09-21,2003,3,Seattle Seahawks,SEA,24,St. Louis Rams,LAR,23,SEA,-3,47,47,0,24,23,1,SEA,1,Home,24,23,1,3,0
2003-10-05,2003,5,Green Bay Packers,GB,35,Seattle Seahawks,SEA,13,GB,-1,45,48,0,35,13,22,SEA,0,Away,13,35,-22,-1,0
2003-10-12,2003,6,Seattle Seahawks,SEA,20,San Francisco 49ers,SF,19,SEA,-3.5,44.5,39,0,20,19,1,SEA,1,Home,20,19,1,3.5,0
2003-10-19,2003,7,Seattle Seahawks,SEA,24,Chicago Bears,CHI,17,SEA,-11,41.5,41,0,24,17,7,SEA,1,Home,24,17,7,11,0
2003-10-26,2003,8,Cincinnati Bengals,CIN,27,Seattle Seahawks,SEA,24,SEA,-3,41.5,51,0,24,27,-3,SEA,1,Away,24,27,-3,3,0
2003-11-02,2003,9,Seattle Seahawks,SEA,23,Pittsburgh Steelers,PIT,16,SEA,-5,44,39,0,23,16,7,SEA,1,Home,23,16,7,5,1
2003-11-09,2003,10,Washington Redskins,WAS,27,Seattle Seahawks,SEA,20,SEA,-3,41,47,0,20,27,-7,SEA,1,Away,20,27,-7,3,0
2003-11-16,2003,11,Seattle Seahawks,SEA,35,Detroit Lions,DET,14,SEA,-11,39.5,49,0,35,14,21,SEA,1,Home,35,14,21,11,1
2003-11-23,2003,12,Baltimore Ravens,BAL,44,Seattle Seahawks,SEA,41,BAL,-3,36,85,0,44,41,3,SEA,0,Away,41,44,-3,-3,0
2003-11-30,2003,13,Seattle Seahawks,SEA,34,Cleveland Browns,CLE,7,SEA,-6.5,42,41,0,34,7,27,SEA,1,Home,34,7,27,6.5,1
2003-12-07,2003,14,Minnesota Vikings,MIN,34,Seattle Seahawks,SEA,7,SEA,-1,52.5,41,0,7,34,-27,SEA,1,Away,7,34,-27,1,0
2003-12-14,2003,15,St. Louis Rams,LAR,27,Seattle Seahawks,SEA,22,LAR,-7,52,49,0,27,22,5,SEA,0,Away,22,27,-5,-7,1
2003-12-21,2003,16,Seattle Seahawks,SEA,28,Arizona Cardinals,ARI,10,SEA,-15.5,44.5,38,0,28,10,18,SEA,1,Home,28,10,18,15.5,1
2003-12-27,2003,17,San Francisco 49ers,SF,17,Seattle Seahawks,SEA,24,SF,-2.5,46.5,41,0,17,24,-7,SEA,0,Away,24,17,7,-2.5,1
2004-09-12,2004,1,New Orleans Saints,NO,7,Seattle Seahawks,SEA,21,SEA,-2.5,45,28,0,21,7,14,SEA,1,Away,21,7,14,2.5,1
2004-09-19,2004,2,Tampa Bay Buccaneers,TB,6,Seattle Seahawks,SEA,10,SEA,-3,37,16,0,10,6,4,SEA,1,Away,10,6,4,3,1
2004-09-26,2004,3,Seattle Seahawks,SEA,34,San Francisco 49ers,SF,0,SEA,-10,41.5,34,0,34,0,34,SEA,1,Home,34,0,34,10,1
2004-10-10,2004,5,Seattle Seahawks,SEA,27,St. Louis Rams,LAR,33,SEA,-8,44,60,0,27,33,-6,SEA,1,Home,27,33,-6,8,0
2004-10-17,2004,6,New England Patriots,NE,30,Seattle Seahawks,SEA,20,NE,-3.5,42,50,0,30,20,10,SEA,0,Away,20,30,-10,-3.5,0
2004-10-24,2004,7,Arizona Cardinals,ARI,25,Seattle Seahawks,SEA,17,SEA,-6.5,40,42,0,17,25,-8,SEA,1,Away,17,25,-8,6.5,0
2004-10-31,2004,8,Seattle Seahawks,SEA,23,Carolina Panthers,CAR,17,SEA,-8,39,40,0,23,17,6,SEA,1,Home,23,17,6,8,0
2004-11-07,2004,9,San Francisco 49ers,SF,27,Seattle Seahawks,SEA,42,SEA,-7,40.5,69,0,42,27,15,SEA,1,Away,42,27,15,7,1
2004-11-14,2004,10,St. Louis Rams,LAR,23,Seattle Seahawks,SEA,12,SEA,-2.5,50.5,35,0,12,23,-11,SEA,1,Away,12,23,-11,2.5,0
2004-11-21,2004,11,Seattle Seahawks,SEA,24,Miami Dolphins,MIA,17,SEA,-9.5,37,41,0,24,17,7,SEA,1,Home,24,17,7,9.5,0
2004-11-28,2004,12,Seattle Seahawks,SEA,9,Buffalo Bills,BUF,38,SEA,-4,38,47,0,9,38,-29,SEA,1,Home,9,38,-29,4,0
2004-12-06,2004,13,Seattle Seahawks,SEA,39,Dallas Cowboys,DAL,43,SEA,-7,42,82,0,39,43,-4,SEA,1,Home,39,43,-4,7,0
2004-12-12,2004,14,Minnesota Vikings,MIN,23,Seattle Seahawks,SEA,27,MIN,-6.5,54,50,0,23,27,-4,SEA,0,Away,27,23,4,-6.5,1
2004-12-19,2004,15,New York Jets,NYJ,37,Seattle Seahawks,SEA,14,NYJ,-6.5,41.5,51,0,37,14,23,SEA,0,Away,14,37,-23,-6.5,0
2004-12-26,2004,16,Seattle Seahawks,SEA,24,Arizona Cardinals,ARI,21,SEA,-7,44,45,0,24,21,3,SEA,1,Home,24,21,3,7,0
2005-01-02,2004,17,Seattle Seahawks,SEA,28,Atlanta Falcons,ATL,26,SEA,-5.5,41,54,0,28,26,2,SEA,1,Home,28,26,2,5.5,0
2005-09-11,2005,1,Jacksonville Jaguars,JAX,26,Seattle Seahawks,SEA,14,JAX,-3,40,40,0,26,14,12,SEA,0,Away,14,26,-12,-3,0
2005-09-18,2005,2,Seattle Seahawks,SEA,21,Atlanta Falcons,ATL,18,SEA,-1,41.5,39,0,21,18,3,SEA,1,Home,21,18,3,1,1
2005-09-25,2005,3,Seattle Seahawks,SEA,37,Arizona Cardinals,ARI,12,SEA,-6.5,42,49,0,37,12,25,SEA,1,Home,37,12,25,6.5,1
2005-10-02,2005,4,Washington Redskins,WAS,20,Seattle Seahawks,SEA,17,WAS,-2,37,37,0,20,17,3,SEA,0,Away,17,20,-3,-2,0
2005-10-09,2005,5,St. Louis Rams,LAR,31,Seattle Seahawks,SEA,37,LAR,-3,48,68,0,31,37,-6,SEA,0,Away,37,31,6,-3,1
2005-10-16,2005,6,Seattle Seahawks,SEA,42,Houston Texans,HOU,10,SEA,-8.5,45.5,52,0,42,10,32,SEA,1,Home,42,10,32,8.5,1
2005-10-23,2005,7,Seattle Seahawks,SEA,13,Dallas Cowboys,DAL,10,SEA,-3,45.5,23,0,13,10,3,SEA,1,Home,13,10,3,3,0
2005-11-06,2005,9,Arizona Cardinals,ARI,19,Seattle Seahawks,SEA,33,SEA,-4.5,44,52,0,33,19,14,SEA,1,Away,33,19,14,4.5,1
2005-11-13,2005,10,Seattle Seahawks,SEA,31,St. Louis Rams,LAR,16,SEA,-7,48.5,47,0,31,16,15,SEA,1,Home,31,16,15,7,1
2005-11-20,2005,11,San Francisco 49ers,SF,25,Seattle Seahawks,SEA,27,SEA,-12,42.5,52,0,27,25,2,SEA,1,Away,27,25,2,12,0
2005-11-27,2005,12,Seattle Seahawks,SEA,24,New York Giants,NYG,21,SEA,-5.5,47.5,45,0,24,21,3,SEA,1,Home,24,21,3,5.5,0
2005-12-05,2005,13,Philadelphia Eagles,PHI,0,Seattle Seahawks,SEA,42,SEA,-3,44,42,0,42,0,42,SEA,1,Away,42,0,42,3,1
2005-12-11,2005,14,Seattle Seahawks,SEA,41,San Francisco 49ers,SF,3,SEA,-15.5,45,44,0,41,3,38,SEA,1,Home,41,3,38,15.5,1
2005-12-18,2005,15,Tennessee Titans,TEN,24,Seattle Seahawks,SEA,28,SEA,-7.5,45,52,0,28,24,4,SEA,1,Away,28,24,4,7.5,0
2005-12-24,2005,16,Seattle Seahawks,SEA,28,Indianapolis Colts,IND,13,SEA,-7,47,41,0,28,13,15,SEA,1,Home,28,13,15,7,1
2006-01-01,2005,17,Green Bay Packers,GB,23,Seattle Seahawks,SEA,17,GB,-3,40.5,40,0,23,17,6,SEA,0,Away,17,23,-6,-3,0
2006-09-10,2006,1,Detroit Lions,DET,6,Seattle Seahawks,SEA,9,SEA,-6,44,15,0,9,6,3,SEA,1,Away,9,6,3,6,0
2006-09-17,2006,2,Seattle Seahawks,SEA,21,Arizona Cardinals,ARI,10,SEA,-7,48,31,0,21,10,11,SEA,1,Home,21,10,11,7,1
2006-09-24,2006,3,Seattle Seahawks,SEA,42,New York Giants,NYG,30,SEA,-4,43,72,0,42,30,12,SEA,1,Home,42,30,12,4,1
2006-10-01,2006,4,Chicago Bears,CHI,37,Seattle Seahawks,SEA,6,CHI,-3.5,37,43,0,37,6,31,SEA,0,Away,6,37,-31,-3.5,0
2006-10-15,2006,6,St. Louis Rams,LAR,28,Seattle Seahawks,SEA,30,SEA,-3,45,58,0,30,28,2,SEA,1,Away,30,28,2,3,0
2006-10-22,2006,7,Seattle Seahawks,SEA,13,Minnesota Vikings,MIN,31,SEA,-7,40.5,44,0,13,31,-18,SEA,1,Home,13,31,-18,7,0
2006-10-29,2006,8,Kansas City Chiefs,KC,35,Seattle Seahawks,SEA,28,KC,-5,37,63,0,35,28,7,SEA,0,Away,28,35,-7,-5,0
2006-11-06,2006,9,Seattle Seahawks,SEA,16,Oakland Raiders,OAK,0,SEA,-7.5,36,16,0,16,0,16,SEA,1,Home,16,0,16,7.5,1
2006-11-12,2006,10,Seattle Seahawks,SEA,24,St. Louis Rams,LAR,22,SEA,-3,43.5,46,0,24,22,2,SEA,1,Home,24,22,2,3,0
2006-11-19,2006,11,San Francisco 49ers,SF,20,Seattle Seahawks,SEA,14,SEA,-3,43.5,34,0,14,20,-6,SEA,1,Away,14,20,-6,3,0
2006-11-27,2006,12,Seattle Seahawks,SEA,34,Green Bay Packers,GB,24,SEA,-10,42.5,58,0,34,24,10,SEA,1,Home,34,24,10,10,0
2006-12-03,2006,13,Denver Broncos,DEN,20,Seattle Seahawks,SEA,23,DEN,-4,40.5,43,0,20,23,-3,SEA,0,Away,23,20,3,-4,1
2006-12-10,2006,14,Arizona Cardinals,ARI,27,Seattle Seahawks,SEA,21,SEA,-3.5,45,48,0,21,27,-6,SEA,1,Away,21,27,-6,3.5,0
2006-12-14,2006,15,Seattle Seahawks,SEA,14,San Francisco 49ers,SF,24,SEA,-10,38,38,0,14,24,-10,SEA,1,Home,14,24,-10,10,0
2006-12-24,2006,16,Seattle Seahawks,SEA,17,San Diego Chargers,LAC,20,LAC,-4.5,45,37,0,20,17,3,SEA,0,Home,17,20,-3,-4.5,1
2006-12-31,2006,17,Tampa Bay Buccaneers,TB,7,Seattle Seahawks,SEA,23,TB,-3,38,30,0,7,23,-16,SEA,0,Away,23,7,16,-3,1
2007-09-09,2007,1,Seattle Seahawks,SEA,20,Tampa Bay Buccaneers,TB,6,SEA,-6,41,26,0,20,6,14,SEA,1,Home,20,6,14,6,1
2007-09-16,2007,2,Arizona Cardinals,ARI,23,Seattle Seahawks,SEA,20,SEA,-2.5,42.5,43,0,20,23,-3,SEA,1,Away,20,23,-3,2.5,0
2007-09-23,2007,3,Seattle Seahawks,SEA,24,Cincinnati Bengals,CIN,21,SEA,-3,49.5,45,0,24,21,3,SEA,1,Home,24,21,3,3,0
2007-09-30,2007,4,San Francisco 49ers,SF,3,Seattle Seahawks,SEA,23,SEA,-1,40.5,26,0,23,3,20,SEA,1,Away,23,3,20,1,1
2007-10-07,2007,5,Pittsburgh Steelers,PIT,21,Seattle Seahawks,SEA,0,PIT,-5,41.5,21,0,21,0,21,SEA,0,Away,0,21,-21,-5,0
2007-10-14,2007,6,Seattle Seahawks,SEA,17,New Orleans Saints,NO,28,SEA,-6.5,43,45,0,17,28,-11,SEA,1,Home,17,28,-11,6.5,0
2007-10-21,2007,7,Seattle Seahawks,SEA,33,St. Louis Rams,LAR,6,SEA,-7.5,39.5,39,0,33,6,27,SEA,1,Home,33,6,27,7.5,1
2007-11-04,2007,9,Cleveland Browns,CLE,33,Seattle Seahawks,SEA,30,CLE,-1.5,47,63,0,33,30,3,SEA,0,Away,30,33,-3,-1.5,0
2007-11-12,2007,10,Seattle Seahawks,SEA,24,San Francisco 49ers,SF,0,SEA,-9,37.5,24,0,24,0,24,SEA,1,Home,24,0,24,9,1
2007-11-18,2007,11,Seattle Seahawks,SEA,30,Chicago Bears,CHI,23,SEA,-5.5,37.5,53,0,30,23,7,SEA,1,Home,30,23,7,5.5,1
2007-11-25,2007,12,St. Louis Rams,LAR,19,Seattle Seahawks,SEA,24,SEA,-3,46,43,0,24,19,5,SEA,1,Away,24,19,5,3,1
2007-12-02,2007,13,Philadelphia Eagles,PHI,24,Seattle Seahawks,SEA,28,PHI,-3,39,52,0,24,28,-4,SEA,0,Away,28,24,4,-3,1
2007-12-09,2007,14,Seattle Seahawks,SEA,42,Arizona Cardinals,ARI,21,SEA,-7.5,44.5,63,0,42,21,21,SEA,1,Home,42,21,21,7.5,1
2007-12-16,2007,15,Carolina Panthers,CAR,13,Seattle Seahawks,SEA,10,SEA,-8,37,23,0,10,13,-3,SEA,1,Away,10,13,-3,8,0
2007-12-23,2007,16,Seattle Seahawks,SEA,27,Baltimore Ravens,BAL,6,SEA,-13.5,39,33,0,27,6,21,SEA,1,Home,27,6,21,13.5,1
2007-12-30,2007,17,Atlanta Falcons,ATL,44,Seattle Seahawks,SEA,41,SEA,-2,38.5,85,0,41,44,-3,SEA,1,Away,41,44,-3,2,0
2008-09-07,2008,1,Buffalo Bills,BUF,34,Seattle Seahawks,SEA,10,BUF,-1,38.5,44,0,34,10,24,SEA,0,Away,10,34,-24,-1,0
2008-09-14,2008,2,Seattle Seahawks,SEA,30,San Francisco 49ers,SF,33,SEA,-6.5,38,63,0,30,33,-3,SEA,1,Home,30,33,-3,6.5,0
2008-09-21,2008,3,Seattle Seahawks,SEA,37,St. Louis Rams,LAR,13,SEA,-8,44.5,50,0,37,13,24,SEA,1,Home,37,13,24,8,1
2008-10-05,2008,5,New York Giants,NYG,44,Seattle Seahawks,SEA,6,NYG,-6.5,43.5,50,0,44,6,38,SEA,0,Away,6,44,-38,-6.5,0
2008-10-12,2008,6,Seattle Seahawks,SEA,17,Green Bay Packers,GB,27,SEA,-1,44.5,44,0,17,27,-10,SEA,1,Home,17,27,-10,1,0
2008-10-19,2008,7,Tampa Bay Buccaneers,TB,20,Seattle Seahawks,SEA,10,TB,-11.5,40.5,30,0,20,10,10,SEA,0,Away,10,20,-10,-11.5,1
2008-10-26,2008,8,San Francisco 49ers,SF,13,Seattle Seahawks,SEA,34,SF,-5.5,41.5,47,0,13,34,-21,SEA,0,Away,34,13,21,-5.5,1
2008-11-02,2008,9,Seattle Seahawks,SEA,7,Philadelphia Eagles,PHI,26,PHI,-6.5,43,33,0,26,7,19,SEA,0,Home,7,26,-19,-6.5,0
2008-11-09,2008,10,Miami Dolphins,MIA,21,Seattle Seahawks,SEA,19,MIA,-7.5,42,40,0,21,19,2,SEA,0,Away,19,21,-2,-7.5,1
2008-11-16,2008,11,Seattle Seahawks,SEA,20,Arizona Cardinals,ARI,26,ARI,-3,48,46,0,26,20,6,SEA,0,Home,20,26,-6,-3,0
2008-11-23,2008,12,Seattle Seahawks,SEA,17,Washington Redskins,WAS,20,WAS,-3,40,37,0,20,17,3,SEA,0,Home,17,20,-3,-3,0
2008-11-27,2008,13,Dallas Cowboys,DAL,34,Seattle Seahawks,SEA,9,DAL,-12,46.5,43,0,34,9,25,SEA,0,Away,9,34,-25,-12,0
2008-12-07,2008,14,Seattle Seahawks,SEA,21,New England Patriots,NE,24,NE,-7.5,43,45,0,24,21,3,SEA,0,Home,21,24,-3,-7.5,1
2008-12-14,2008,15,St. Louis Rams,LAR,20,Seattle Seahawks,SEA,23,SEA,-2.5,42,43,0,23,20,3,SEA,1,Away,23,20,3,2.5,1
2008-12-21,2008,16,Seattle Seahawks,SEA,13,New York Jets,NYJ,3,NYJ,-3.5,41,16,0,3,13,-10,SEA,0,Home,13,3,10,-3.5,1
2008-12-28,2008,17,Arizona Cardinals,ARI,34,Seattle Seahawks,SEA,21,ARI,-7,47,55,0,34,21,13,SEA,0,Away,21,34,-13,-7,0
2009-09-13,2009,1,Seattle Seahawks,SEA,28,St. Louis Rams,LAR,0,SEA,-7,41,28,0,28,0,28,SEA,1,Home,28,0,28,7,1
2009-09-20,2009,2,San Francisco 49ers,SF,23,Seattle Seahawks,SEA,10,SF,-1,38.5,33,0,23,10,13,SEA,0,Away,10,23,-13,-1,0
2009-09-27,2009,3,Seattle Seahawks,SEA,19,Chicago Bears,CHI,25,CHI,-2.5,37.5,44,0,25,19,6,SEA,0,Home,19,25,-6,-2.5,0
2009-10-04,2009,4,Indianapolis Colts,IND,34,Seattle Seahawks,SEA,17,IND,-10.5,43.5,51,0,34,17,17,SEA,0,Away,17,34,-17,-10.5,0
2009-10-11,2009,5,Seattle Seahawks,SEA,41,Jacksonville Jaguars,JAX,0,SEA,-2,44.5,41,0,41,0,41,SEA,1,Home,41,0,41,2,1
2009-10-18,2009,6,Seattle Seahawks,SEA,3,Arizona Cardinals,ARI,27,SEA,-3,46,30,0,3,27,-24,SEA,1,Home,3,27,-24,3,0
2009-11-01,2009,8,Dallas Cowboys,DAL,38,Seattle Seahawks,SEA,17,DAL,-9.5,46,55,0,38,17,21,SEA,0,Away,17,38,-21,-9.5,0
2009-11-08,2009,9,Seattle Seahawks,SEA,32,Detroit Lions,DET,20,SEA,-10,42,52,0,32,20,12,SEA,1,Home,32,20,12,10,1
2009-11-15,2009,10,Arizona Cardinals,ARI,31,Seattle Seahawks,SEA,20,ARI,-8.5,46.5,51,0,31,20,11,SEA,0,Away,20,31,-11,-8.5,0
2009-11-22,2009,11,Minnesota Vikings,MIN,35,Seattle Seahawks,SEA,9,MIN,-11,47,44,0,35,9,26,SEA,0,Away,9,35,-26,-11,0
2009-11-29,2009,12,St. Louis Rams,LAR,17,Seattle Seahawks,SEA,27,SEA,-3.5,42.5,44,0,27,17,10,SEA,1,Away,27,17,10,3.5,1
2009-12-06,2009,13,Seattle Seahawks,SEA,20,San Francisco 49ers,SF,17,SF,-1,41.5,37,0,17,20,-3,SEA,0,Home,20,17,3,-1,1
2009-12-13,2009,14,Houston Texans,HOU,34,Seattle Seahawks,SEA,7,HOU,-7,45,41,0,34,7,27,SEA,0,Away,7,34,-27,-7,0
2009-12-20,2009,15,Seattle Seahawks,SEA,7,Tampa Bay Buccaneers,TB,24,SEA,-6.5,39,31,0,7,24,-17,SEA,1,Home,7,24,-17,6.5,0
2009-12-27,2009,16,Green Bay Packers,GB,48,Seattle Seahawks,SEA,10,GB,-13.5,43.5,58,0,48,10,38,SEA,0,Away,10,48,-38,-13.5,0
2010-01-03,2009,17,Seattle Seahawks,SEA,13,Tennessee Titans,TEN,17,TEN,-6,45,30,0,17,13,4,SEA,0,Home,13,17,-4,-6,1
2010-09-12,2010,1,Seattle Seahawks,SEA,31,San Francisco 49ers,SF,6,SF,-3,37,37,0,6,31,-25,SEA,0,Home,31,6,25,-3,1
2010-09-19,2010,2,Denver Broncos,DEN,31,Seattle Seahawks,SEA,14,DEN,-3.5,41,45,0,31,14,17,SEA,0,Away,14,31,-17,-3.5,0
2010-09-26,2010,3,Seattle Seahawks,SEA,27,San Diego Chargers,LAC,20,LAC,-4,44,47,0,20,27,-7,SEA,0,Home,27,20,7,-4,1
2010-10-03,2010,4,St. Louis Rams,LAR,20,Seattle Seahawks,SEA,3,SEA,-2,40,23,0,3,20,-17,SEA,1,Away,3,20,-17,2,0
2010-10-17,2010,6,Chicago Bears,CHI,20,Seattle Seahawks,SEA,23,CHI,-6,38,43,0,20,23,-3,SEA,0,Away,23,20,3,-6,1
2010-10-24,2010,7,Seattle Seahawks,SEA,22,Arizona Cardinals,ARI,10,SEA,-6.5,40.5,32,0,22,10,12,SEA,1,Home,22,10,12,6.5,1
2010-10-31,2010,8,Oakland Raiders,OAK,33,Seattle Seahawks,SEA,3,OAK,-2,40.5,36,0,33,3,30,SEA,0,Away,3,33,-30,-2,0
2010-11-07,2010,9,Seattle Seahawks,SEA,7,New York Giants,NYG,41,NYG,-7.5,40.5,48,0,41,7,34,SEA,0,Home,7,41,-34,-7.5,0
2010-11-14,2010,10,Arizona Cardinals,ARI,18,Seattle Seahawks,SEA,36,ARI,-4,41.5,54,0,18,36,-18,SEA,0,Away,36,18,18,-4,1
2010-11-21,2010,11,New Orleans Saints,NO,34,Seattle Seahawks,SEA,19,NO,-11,45,53,0,34,19,15,SEA,0,Away,19,34,-15,-11,0
2010-11-28,2010,12,Seattle Seahawks,SEA,24,Kansas City Chiefs,KC,42,KC,-2,45,66,0,42,24,18,SEA,0,Home,24,42,-18,-2,0
2010-12-05,2010,13,Seattle Seahawks,SEA,31,Carolina Panthers,CAR,14,SEA,-5,40,45,0,31,14,17,SEA,1,Home,31,14,17,5,1
2010-12-12,2010,14,San Francisco 49ers,SF,40,Seattle Seahawks,SEA,21,SF,-5,43,61,0,40,21,19,SEA,0,Away,21,40,-19,-5,0
2010-12-19,2010,15,Seattle Seahawks,SEA,18,Atlanta Falcons,ATL,34,ATL,-6,46.5,52,0,34,18,16,SEA,0,Home,18,34,-16,-6,0
2010-12-26,2010,16,Tampa Bay Buccaneers,TB,38,Seattle Seahawks,SEA,15,TB,-6,43.5,53,0,38,15,23,SEA,0,Away,15,38,-23,-6,0
2011-01-02,2010,17,Seattle Seahawks,SEA,16,St. Louis Rams,LAR,6,LAR,-3,41.5,22,0,6,16,-10,SEA,0,Home,16,6,10,-3,1
2011-09-11,2011,1,San Francisco 49ers,SF,33,Seattle Seahawks,SEA,17,SF,-6,38,50,0,33,17,16,SEA,0,Away,17,33,-16,-6,0
2011-09-18,2011,2,Pittsburgh Steelers,PIT,24,Seattle Seahawks,SEA,0,PIT,-14,40,24,0,24,0,24,SEA,0,Away,0,24,-24,-14,0
2011-09-25,2011,3,Seattle Seahawks,SEA,13,Arizona Cardinals,ARI,10,ARI,-3,43,23,0,10,13,-3,SEA,0,Home,13,10,3,-3,1
2011-10-02,2011,4,Seattle Seahawks,SEA,28,Atlanta Falcons,ATL,30,ATL,-6,39,58,0,30,28,2,SEA,0,Home,28,30,-2,-6,1
2011-10-09,2011,5,New York Giants,NYG,25,Seattle Seahawks,SEA,36,NYG,-10,43.5,61,0,25,36,-11,SEA,0,Away,36,25,11,-10,1
2011-10-23,2011,7,Cleveland Browns,CLE,6,Seattle Seahawks,SEA,3,CLE,-3,41,9,0,6,3,3,SEA,0,Away,3,6,-3,-3,0
2011-10-30,2011,8,Seattle Seahawks,SEA,12,Cincinnati Bengals,CIN,34,CIN,-1.5,37.5,46,0,34,12,22,SEA,0,Home,12,34,-22,-1.5,0
2011-11-06,2011,9,Dallas Cowboys,DAL,23,Seattle Seahawks,SEA,13,DAL,-11,45,36,0,23,13,10,SEA,0,Away,13,23,-10,-11,1
2011-11-13,2011,10,Seattle Seahawks,SEA,22,Baltimore Ravens,BAL,17,BAL,-7,39,39,0,17,22,-5,SEA,0,Home,22,17,5,-7,1
2011-11-20,2011,11,St. Louis Rams,LAR,7,Seattle Seahawks,SEA,24,LAR,-3,40,31,0,7,24,-17,SEA,0,Away,24,7,17,-3,1
2011-11-27,2011,12,Seattle Seahawks,SEA,17,Washington Redskins,WAS,23,SEA,-3,37.5,40,0,17,23,-6,SEA,1,Home,17,23,-6,3,0
2011-12-01,2011,13,Seattle Seahawks,SEA,31,Philadelphia Eagles,PHI,14,PHI,-3,43.5,45,0,14,31,-17,SEA,0,Home,31,14,17,-3,1
2011-12-12,2011,14,Seattle Seahawks,SEA,30,St. Louis Rams,LAR,13,SEA,-9.5,37,43,0,30,13,17,SEA,1,Home,30,13,17,9.5,1
2011-12-18,2011,15,Chicago Bears,CHI,14,Seattle Seahawks,SEA,38,CHI,-3.5,35,52,0,14,38,-24,SEA,0,Away,38,14,24,-3.5,1
2011-12-24,2011,16,Seattle Seahawks,SEA,17,San Francisco 49ers,SF,19,SF,-2.5,37,36,0,19,17,2,SEA,0,Home,17,19,-2,-2.5,1
2012-01-01,2011,17,Arizona Cardinals,ARI,23,Seattle Seahawks,SEA,20,ARI,-2.5,40.5,43,0,23,20,3,SEA,0,Away,20,23,-3,-2.5,0
2012-09-09,2012,1,Arizona Cardinals,ARI,20,Seattle Seahawks,SEA,16,SEA,-3,41,36,0,16,20,-4,SEA,1,Away,16,20,-4,3,0
2012-09-16,2012,2,Seattle Seahawks,SEA,27,Dallas Cowboys,DAL,7,DAL,-3,43,34,0,7,27,-20,SEA,0,Home,27,7,20,-3,1
2012-09-24,2012,3,Seattle Seahawks,SEA,14,Green Bay Packers,GB,12,GB,-3.5,45.5,26,0,12,14,-2,SEA,0,Home,14,12,2,-3.5,1
2012-09-30,2012,4,St. Louis Rams,LAR,19,Seattle Seahawks,SEA,13,SEA,-2.5,39,32,0,13,19,-6,SEA,1,Away,13,19,-6,2.5,0
2012-10-07,2012,5,Carolina Panthers,CAR,12,Seattle Seahawks,SEA,16,CAR,-2,42,28,0,12,16,-4,SEA,0,Away,16,12,4,-2,1
2012-10-14,2012,6,Seattle Seahawks,SEA,24,New England Patriots,NE,23,NE,-4,42.5,47,0,23,24,-1,SEA,0,Home,24,23,1,-4,1
2012-10-18,2012,7,San Francisco 49ers,SF,13,Seattle Seahawks,SEA,6,SF,-7.5,37.5,19,0,13,6,7,SEA,0,Away,6,13,-7,-7.5,1
2012-10-28,2012,8,Detroit Lions,DET,28,Seattle Seahawks,SEA,24,DET,-3,42.5,52,0,28,24,4,SEA,0,Away,24,28,-4,-3,0
2012-11-04,2012,9,Seattle Seahawks,SEA,30,Minnesota Vikings,MIN,20,SEA,-4,38.5,50,0,30,20,10,SEA,1,Home,30,20,10,4,1
2012-11-11,2012,10,Seattle Seahawks,SEA,28,New York Jets,NYJ,7,SEA,-5.5,38.5,35,0,28,7,21,SEA,1,Home,28,7,21,5.5,1
2012-11-25,2012,12,Miami Dolphins,MIA,24,Seattle Seahawks,SEA,21,SEA,-3,38,45,0,21,24,-3,SEA,1,Away,21,24,-3,3,0
2012-12-02,2012,13,Chicago Bears,CHI,17,Seattle Seahawks,SEA,23,CHI,-3.5,37,40,0,17,23,-6,SEA,0,Away,23,17,6,-3.5,1
2012-12-09,2012,14,Seattle Seahawks,SEA,58,Arizona Cardinals,ARI,0,SEA,-10,36,58,0,58,0,58,SEA,1,Home,58,0,58,10,1
2012-12-23,2012,16,Seattle Seahawks,SEA,42,San Francisco 49ers,SF,13,SEA,-2,40.5,55,0,42,13,29,SEA,1,Home,42,13,29,2,1
2012-12-30,2012,17,Seattle Seahawks,SEA,20,St. Louis Rams,LAR,13,SEA,-12,42.5,33,0,20,13,7,SEA,1,Home,20,13,7,12,0
2013-09-08,2013,1,Carolina Panthers,CAR,7,Seattle Seahawks,SEA,12,SEA,-3.5,45,19,0,12,7,5,SEA,1,Away,12,7,5,3.5,1
2013-09-15,2013,2,Seattle Seahawks,SEA,29,San Francisco 49ers,SF,3,SEA,-2.5,44.5,32,0,29,3,26,SEA,1,Home,29,3,26,2.5,1
2013-09-22,2013,3,Seattle Seahawks,SEA,45,Jacksonville Jaguars,JAX,17,SEA,-20,39.5,62,0,45,17,28,SEA,1,Home,45,17,28,20,1
2013-09-29,2013,4,Houston Texans,HOU,20,Seattle Seahawks,SEA,23,SEA,-2,41,43,0,23,20,3,SEA,1,Away,23,20,3,2,1
2013-10-06,2013,5,Indianapolis Colts,IND,34,Seattle Seahawks,SEA,28,SEA,-3,44,62,0,28,34,-6,SEA,1,Away,28,34,-6,3,0
2013-10-13,2013,6,Seattle Seahawks,SEA,20,Tennessee Titans,TEN,13,SEA,-11.5,41.5,33,0,20,13,7,SEA,1,Home,20,13,7,11.5,0
2013-10-17,2013,7,Arizona Cardinals,ARI,22,Seattle Seahawks,SEA,34,SEA,-4.5,41.5,56,0,34,22,12,SEA,1,Away,34,22,12,4.5,1
2013-10-28,2013,8,St. Louis Rams,LAR,9,Seattle Seahawks,SEA,14,SEA,-13,43.5,23,0,14,9,5,SEA,1,Away,14,9,5,13,0
2013-11-03,2013,9,Seattle Seahawks,SEA,27,Tampa Bay Buccaneers,TB,24,SEA,-14.5,40.5,51,0,27,24,3,SEA,1,Home,27,24,3,14.5,0
2013-11-10,2013,10,Atlanta Falcons,ATL,10,Seattle Seahawks,SEA,33,SEA,-3,47,43,0,33,10,23,SEA,1,Away,33,10,23,3,1
2013-11-17,2013,11,Seattle Seahawks,SEA,41,Minnesota Vikings,MIN,20,SEA,-13,45,61,0,41,20,21,SEA,1,Home,41,20,21,13,1
2013-12-02,2013,13,Seattle Seahawks,SEA,34,New Orleans Saints,NO,7,SEA,-5,47.5,41,0,34,7,27,SEA,1,Home,34,7,27,5,1
2013-12-08,2013,14,San Francisco 49ers,SF,19,Seattle Seahawks,SEA,17,SF,-2,41,36,0,19,17,2,SEA,0,Away,17,19,-2,-2,0
2013-12-15,2013,15,New York Giants,NYG,0,Seattle Seahawks,SEA,23,SEA,-9.5,43,23,0,23,0,23,SEA,1,Away,23,0,23,9.5,1
2013-12-22,2013,16,Seattle Seahawks,SEA,10,Arizona Cardinals,ARI,17,SEA,-9,43,27,0,10,17,-7,SEA,1,Home,10,17,-7,9,0
2013-12-29,2013,17,Seattle Seahawks,SEA,27,St. Louis Rams,LAR,9,SEA,-12.5,41,36,0,27,9,18,SEA,1,Home,27,9,18,12.5,1
2014-09-04,2014,1,Seattle Seahawks,SEA,36,Green Bay Packers,GB,16,SEA,-4.5,46.5,52,0,36,16,20,SEA,1,Home,36,16,20,4.5,1
2014-09-14,2014,2,San Diego Chargers,LAC,30,Seattle Seahawks,SEA,21,SEA,-4.5,45,51,0,21,30,-9,SEA,1,Away,21,30,-9,4.5,0
2014-09-21,2014,3,Seattle Seahawks,SEA,26,Denver Broncos,DEN,20,SEA,-4,48,46,0,26,20,6,SEA,1,Home,26,20,6,4,1
2014-10-06,2014,5,Washington Redskins,WAS,17,Seattle Seahawks,SEA,27,SEA,-7,46,44,0,27,17,10,SEA,1,Away,27,17,10,7,1
2014-10-12,2014,6,Seattle Seahawks,SEA,23,Dallas Cowboys,DAL,30,SEA,-10,47,53,0,23,30,-7,SEA,1,Home,23,30,-7,10,0
2014-10-19,2014,7,St. Louis Rams,LAR,28,Seattle Seahawks,SEA,26,SEA,-7,43.5,54,0,26,28,-2,SEA,1,Away,26,28,-2,7,0
2014-10-26,2014,8,Carolina Panthers,CAR,9,Seattle Seahawks,SEA,13,SEA,-6,45,22,0,13,9,4,SEA,1,Away,13,9,4,6,0
2014-11-02,2014,9,Seattle Seahawks,SEA,30,Oakland Raiders,OAK,24,SEA,-13.5,44,54,0,30,24,6,SEA,1,Home,30,24,6,13.5,0
2014-11-09,2014,10,Seattle Seahawks,SEA,38,New York Giants,NYG,17,SEA,-9,45,55,0,38,17,21,SEA,1,Home,38,17,21,9,1
2014-11-16,2014,11,Kansas City Chiefs,KC,24,Seattle Seahawks,SEA,20,SEA,-1,43.5,44,0,20,24,-4,SEA,1,Away,20,24,-4,1,0
2014-11-23,2014,12,Seattle Seahawks,SEA,19,Arizona Cardinals,ARI,3,SEA,-7.5,41.5,22,0,19,3,16,SEA,1,Home,19,3,16,7.5,1
2014-11-27,2014,13,San Francisco 49ers,SF,3,Seattle Seahawks,SEA,19,SF,-1,40.5,22,0,3,19,-16,SEA,0,Away,19,3,16,-1,1
2014-12-07,2014,14,Philadelphia Eagles,PHI,14,Seattle Seahawks,SEA,24,SEA,-1.5,48,38,0,24,14,10,SEA,1,Away,24,14,10,1.5,1
2014-12-14,2014,15,Seattle Seahawks,SEA,17,San Francisco 49ers,SF,7,SEA,-10,38.5,24,0,17,7,10,SEA,1,Home,17,7,10,10,0
2014-12-21,2014,16,Arizona Cardinals,ARI,6,Seattle Seahawks,SEA,35,SEA,-9.5,36.5,41,0,35,6,29,SEA,1,Away,35,6,29,9.5,1
2014-12-28,2014,17,Seattle Seahawks,SEA,20,St. Louis Rams,LAR,6,SEA,-11,41.5,26,0,20,6,14,SEA,1,Home,20,6,14,11,1
2015-09-13,2015,1,St. Louis Rams,LAR,34,Seattle Seahawks,SEA,31,SEA,-3.5,41,65,0,31,34,-3,SEA,1,Away,31,34,-3,3.5,0
2015-09-20,2015,2,Green Bay Packers,GB,27,Seattle Seahawks,SEA,17,GB,-3,49.5,44,0,27,17,10,SEA,0,Away,17,27,-10,-3,0
2015-09-27,2015,3,Seattle Seahawks,SEA,26,Chicago Bears,CHI,0,SEA,-16.5,43.5,26,0,26,0,26,SEA,1,Home,26,0,26,16.5,1
2015-10-05,2015,4,Seattle Seahawks,SEA,13,Detroit Lions,DET,10,SEA,-10,43,23,0,13,10,3,SEA,1,Home,13,10,3,10,0
2015-10-11,2015,5,Cincinnati Bengals,CIN,27,Seattle Seahawks,SEA,24,CIN,-3,44.5,51,0,27,24,3,SEA,0,Away,24,27,-3,-3,0
2015-10-18,2015,6,Seattle Seahawks,SEA,23,Carolina Panthers,CAR,27,SEA,-7,41,50,0,23,27,-4,SEA,1,Home,23,27,-4,7,0
2015-10-22,2015,7,San Francisco 49ers,SF,3,Seattle Seahawks,SEA,20,SEA,-6.5,42,23,0,20,3,17,SEA,1,Away,20,3,17,6.5,1
2015-11-01,2015,8,Dallas Cowboys,DAL,12,Seattle Seahawks,SEA,13,SEA,-5,41.5,25,0,13,12,1,SEA,1,Away,13,12,1,5,0
2015-11-15,2015,10,Seattle Seahawks,SEA,32,Arizona Cardinals,ARI,39,SEA,-3,43.5,71,0,32,39,-7,SEA,1,Home,32,39,-7,3,0
2015-11-22,2015,11,Seattle Seahawks,SEA,29,San Francisco 49ers,SF,13,SEA,-14,40,42,0,29,13,16,SEA,1,Home,29,13,16,14,1
2015-11-29,2015,12,Seattle Seahawks,SEA,39,Pittsburgh Steelers,PIT,30,SEA,-3,46.5,69,0,39,30,9,SEA,1,Home,39,30,9,3,1
2015-12-06,2015,13,Minnesota Vikings,MIN,7,Seattle Seahawks,SEA,38,SEA,-2.5,43,45,0,38,7,31,SEA,1,Away,38,7,31,2.5,1
2015-12-13,2015,14,Baltimore Ravens,BAL,6,Seattle Seahawks,SEA,35,SEA,-10.5,42,41,0,35,6,29,SEA,1,Away,35,6,29,10.5,1
2015-12-20,2015,15,Seattle Seahawks,SEA,30,Cleveland Browns,CLE,13,SEA,-14.5,45.5,43,0,30,13,17,SEA,1,Home,30,13,17,14.5,1
2015-12-27,2015,16,Seattle Seahawks,SEA,17,St. Louis Rams,LAR,23,SEA,-11,42,40,0,17,23,-6,SEA,1,Home,17,23,-6,11,0
2016-01-03,2015,17,Arizona Cardinals,ARI,6,Seattle Seahawks,SEA,36,ARI,-6,47,42,0,6,36,-30,SEA,0,Away,36,6,30,-6,1
2016-09-11,2016,1,Seattle Seahawks,SEA,12,Miami Dolphins,MIA,10,SEA,-10.5,44,22,0,12,10,2,SEA,1,Home,12,10,2,10.5,0
2016-09-18,2016,2,Los Angeles Rams,LAR,9,Seattle Seahawks,SEA,3,SEA,-5.5,38,12,0,3,9,-6,SEA,1,Away,3,9,-6,5.5,0
2016-09-25,2016,3,Seattle Seahawks,SEA,37,San Francisco 49ers,SF,18,SEA,-10.5,41.5,55,0,37,18,19,SEA,1,Home,37,18,19,10.5,1
2016-10-02,2016,4,New York Jets,NYJ,17,Seattle Seahawks,SEA,27,SEA,-1,40,44,0,27,17,10,SEA,1,Away,27,17,10,1,1
2016-10-16,2016,6,Seattle Seahawks,SEA,26,Atlanta Falcons,ATL,24,SEA,-7,45.5,50,0,26,24,2,SEA,1,Home,26,24,2,7,0
2016-10-23,2016,7,Arizona Cardinals,ARI,6,Seattle Seahawks,SEA,6,ARI,-2.5,43,12,0,6,6,0,SEA,0,Away,6,6,0,-2.5,1
2016-10-30,2016,8,New Orleans Saints,NO,25,Seattle Seahawks,SEA,20,SEA,-1,50,45,0,20,25,-5,SEA,1,Away,20,25,-5,1,0
2016-11-07,2016,9,Seattle Seahawks,SEA,31,Buffalo Bills,BUF,25,SEA,-5.5,43.5,56,0,31,25,6,SEA,1,Home,31,25,6,5.5,1
2016-11-13,2016,10,New England Patriots,NE,24,Seattle Seahawks,SEA,31,NE,-7.5,49.5,55,0,24,31,-7,SEA,0,Away,31,24,7,-7.5,1
2016-11-20,2016,11,Seattle Seahawks,SEA,26,Philadelphia Eagles,PHI,15,SEA,-6.5,43,41,0,26,15,11,SEA,1,Home,26,15,11,6.5,1
2016-11-27,2016,12,Tampa Bay Buccaneers,TB,14,Seattle Seahawks,SEA,5,SEA,-5.5,46,19,0,5,14,-9,SEA,1,Away,5,14,-9,5.5,0
2016-12-04,2016,13,Seattle Seahawks,SEA,40,Carolina Panthers,CAR,7,SEA,-8.5,44,47,0,40,7,33,SEA,1,Home,40,7,33,8.5,1
2016-12-11,2016,14,Green Bay Packers,GB,38,Seattle Seahawks,SEA,10,SEA,-3,47,48,0,10,38,-28,SEA,1,Away,10,38,-28,3,0
2016-12-15,2016,15,Seattle Seahawks,SEA,24,Los Angeles Rams,LAR,3,SEA,-15,39.5,27,0,24,3,21,SEA,1,Home,24,3,21,15,1
2016-12-24,2016,16,Seattle Seahawks,SEA,31,Arizona Cardinals,ARI,34,SEA,-9,43.5,65,0,31,34,-3,SEA,1,Home,31,34,-3,9,0
2017-01-01,2016,17,San Francisco 49ers,SF,23,Seattle Seahawks,SEA,25,SEA,-11.5,45,48,0,25,23,2,SEA,1,Away,25,23,2,11.5,0
2017-09-10,2017,1,Green Bay Packers,GB,17,Seattle Seahawks,SEA,9,GB,-3,50.5,26,0,17,9,8,SEA,0,Away,9,17,-8,-3,0
2017-09-17,2017,2,Seattle Seahawks,SEA,12,San Francisco 49ers,SF,9,SEA,-13.5,42.5,21,0,12,9,3,SEA,1,Home,12,9,3,13.5,0
2017-09-24,2017,3,Tennessee Titans,TEN,33,Seattle Seahawks,SEA,27,TEN,-3,42,60,0,33,27,6,SEA,0,Away,27,33,-6,-3,0
2017-10-01,2017,4,Seattle Seahawks,SEA,46,Indianapolis Colts,IND,17,SEA,-13,41.5,63,0,46,17,29,SEA,1,Home,46,17,29,13,1
2017-10-08,2017,5,Los Angeles Rams,LAR,10,Seattle Seahawks,SEA,16,LAR,-1,47.5,26,0,10,16,-6,SEA,0,Away,16,10,6,-1,1
2017-10-22,2017,7,New York Giants,NYG,7,Seattle Seahawks,SEA,24,SEA,-3.5,39,31,0,24,7,17,SEA,1,Away,24,7,17,3.5,1
2017-10-29,2017,8,Seattle Seahawks,SEA,41,Houston Texans,HOU,38,SEA,-5.5,46,79,0,41,38,3,SEA,1,Home,41,38,3,5.5,0
2017-11-05,2017,9,Seattle Seahawks,SEA,14,Washington Redskins,WAS,17,SEA,-8,44.5,31,0,14,17,-3,SEA,1,Home,14,17,-3,8,0
2017-11-09,2017,10,Arizona Cardinals,ARI,16,Seattle Seahawks,SEA,22,SEA,-6,40,38,0,22,16,6,SEA,1,Away,22,16,6,6,0
2017-11-20,2017,11,Seattle Seahawks,SEA,31,Atlanta Falcons,ATL,34,SEA,-2,45.5,65,0,31,34,-3,SEA,1,Home,31,34,-3,2,0
2017-11-26,2017,12,San Francisco 49ers,SF,13,Seattle Seahawks,SEA,24,SEA,-7,43,37,0,24,13,11,SEA,1,Away,24,13,11,7,1
2017-12-03,2017,13,Seattle Seahawks,SEA,24,Philadelphia Eagles,PHI,10,PHI,-5.5,47.5,34,0,10,24,-14,SEA,0,Home,24,10,14,-5.5,1
2017-12-10,2017,14,Jacksonville Jaguars,JAX,30,Seattle Seahawks,SEA,24,JAX,-3,40,54,0,30,24,6,SEA,0,Away,24,30,-6,-3,0
2017-12-17,2017,15,Seattle Seahawks,SEA,7,Los Angeles Rams,LAR,42,LAR,-1,47.5,49,0,42,7,35,SEA,0,Home,7,42,-35,-1,0
2017-12-24,2017,16,Dallas Cowboys,DAL,12,Seattle Seahawks,SEA,21,DAL,-4.5,47,33,0,12,21,-9,SEA,0,Away,21,12,9,-4.5,1
2017-12-31,2017,17,Seattle Seahawks,SEA,24,Arizona Cardinals,ARI,26,SEA,-8,38,50,0,24,26,-2,SEA,1,Home,24,26,-2,8,0
2018-09-09,2018,1,Denver Broncos,DEN,27,Seattle Seahawks,SEA,24,DEN,-3,42.5,51,0,27,24,3,SEA,0,Away,24,27,-3,-3,0
2018-09-17,2018,2,Chicago Bears,CHI,24,Seattle Seahawks,SEA,17,CHI,-4.5,42.5,41,0,24,17,7,SEA,0,Away,17,24,-7,-4.5,0
2018-09-23,2018,3,Seattle Seahawks,SEA,24,Dallas Cowboys,DAL,13,SEA,-1,40,37,0,24,13,11,SEA,1,Home,24,13,11,1,1
2018-09-30,2018,4,Arizona Cardinals,ARI,17,Seattle Seahawks,SEA,20,SEA,-3.5,40,37,0,20,17,3,SEA,1,Away,20,17,3,3.5,0
2018-10-07,2018,5,Seattle Seahawks,SEA,31,Los Angeles Rams,LAR,33,LAR,-7.5,50.5,64,0,33,31,2,SEA,0,Home,31,33,-2,-7.5,1
2018-10-28,2018,8,Detroit Lions,DET,14,Seattle Seahawks,SEA,28,DET,-3,48,42,0,14,28,-14,SEA,0,Away,28,14,14,-3,1
2018-11-04,2018,9,Seattle Seahawks,SEA,17,Los Angeles Chargers,LAC,25,SEA,-1,48,42,0,17,25,-8,SEA,1,Home,17,25,-8,1,0
2018-11-11,2018,10,Los Angeles Rams,LAR,36,Seattle Seahawks,SEA,31,LAR,-10,51,67,0,36,31,5,SEA,0,Away,31,36,-5,-10,1
2018-11-15,2018,11,Seattle Seahawks,SEA,27,Green Bay Packers,GB,24,SEA,-3,49,51,0,27,24,3,SEA,1,Home,27,24,3,3,0
2018-11-25,2018,12,Carolina Panthers,CAR,27,Seattle Seahawks,SEA,30,CAR,-3,46.5,57,0,27,30,-3,SEA,0,Away,30,27,3,-3,1
2018-12-02,2018,13,Seattle Seahawks,SEA,43,San Francisco 49ers,SF,16,SEA,-10,45.5,59,0,43,16,27,SEA,1,Home,43,16,27,10,1
2018-12-10,2018,14,Seattle Seahawks,SEA,21,Minnesota Vikings,MIN,7,SEA,-3,45.5,28,0,21,7,14,SEA,1,Home,21,7,14,3,1
2018-12-16,2018,15,San Francisco 49ers,SF,26,Seattle Seahawks,SEA,23,SEA,-3.5,44,49,0,23,26,-3,SEA,1,Away,23,26,-3,3.5,0
2018-12-23,2018,16,Seattle Seahawks,SEA,38,Kansas City Chiefs,KC,31,KC,-1,54.5,69,0,31,38,-7,SEA,0,Home,38,31,7,-1,1
2018-12-30,2018,17,Seattle Seahawks,SEA,27,Arizona Cardinals,ARI,24,SEA,-14,39.5,51,0,27,24,3,SEA,1,Home,27,24,3,14,0
2019-09-08,2019,1,Seattle Seahawks,SEA,21,Cincinnati Bengals,CIN,20,SEA,-9,44,41,0,21,20,1,SEA,1,Home,21,20,1,9,0
2019-09-15,2019,2,Pittsburgh Steelers,PIT,26,Seattle Seahawks,SEA,28,PIT,-4,47,54,0,26,28,-2,SEA,0,Away,28,26,2,-4,1
2019-09-22,2019,3,Seattle Seahawks,SEA,27,New Orleans Saints,NO,33,SEA,-5,44,60,0,27,33,-6,SEA,1,Home,27,33,-6,5,0
2019-09-29,2019,4,Arizona Cardinals,ARI,10,Seattle Seahawks,SEA,27,SEA,-5.5,48.5,37,0,27,10,17,SEA,1,Away,27,10,17,5.5,1
2019-10-03,2019,5,Seattle Seahawks,SEA,30,Los Angeles Rams,LAR,29,SEA,-1.5,48.5,59,0,30,29,1,SEA,1,Home,30,29,1,1.5,0
2019-10-13,2019,6,Cleveland Browns,CLE,28,Seattle Seahawks,SEA,32,CLE,-1,45.5,60,0,28,32,-4,SEA,0,Away,32,28,4,-1,1
2019-10-20,2019,7,Seattle Seahawks,SEA,16,Baltimore Ravens,BAL,30,SEA,-3,48.5,46,0,16,30,-14,SEA,1,Home,16,30,-14,3,0
2019-10-27,2019,8,Atlanta Falcons,ATL,20,Seattle Seahawks,SEA,27,SEA,-7.5,48.5,47,0,27,20,7,SEA,1,Away,27,20,7,7.5,0
2019-11-03,2019,9,Seattle Seahawks,SEA,40,Tampa Bay Buccaneers,TB,34,SEA,-4,51,74,0,40,34,6,SEA,1,Home,40,34,6,4,1
2019-11-11,2019,10,San Francisco 49ers,SF,24,Seattle Seahawks,SEA,27,SF,-6.5,46.5,51,0,24,27,-3,SEA,0,Away,27,24,3,-6.5,1
2019-11-24,2019,12,Philadelphia Eagles,PHI,9,Seattle Seahawks,SEA,17,SEA,-2,45.5,26,0,17,9,8,SEA,1,Away,17,9,8,2,1
2019-12-02,2019,13,Seattle Seahawks,SEA,37,Minnesota Vikings,MIN,30,SEA,-2.5,48.5,67,0,37,30,7,SEA,1,Home,37,30,7,2.5,1
2019-12-08,2019,14,Los Angeles Rams,LAR,28,Seattle Seahawks,SEA,12,LAR,-1,47.5,40,0,28,12,16,SEA,0,Away,12,28,-16,-1,0
2019-12-15,2019,15,Carolina Panthers,CAR,24,Seattle Seahawks,SEA,30,SEA,-6,48.5,54,0,30,24,6,SEA,1,Away,30,24,6,6,0
2019-12-22,2019,16,Seattle Seahawks,SEA,13,Arizona Cardinals,ARI,27,SEA,-8,51,40,0,13,27,-14,SEA,1,Home,13,27,-14,8,0
2019-12-29,2019,17,Seattle Seahawks,SEA,21,San Francisco 49ers,SF,26,SF,-3.5,47,47,0,26,21,5,SEA,0,Home,21,26,-5,-3.5,0
2000-09-03,2000,1,New England Patriots,NE,16,Tampa Bay Buccaneers,TB,21,TB,-3,36,37,0,21,16,5,TB,1,Away,21,16,5,3,1
2000-09-10,2000,2,Tampa Bay Buccaneers,TB,41,Chicago Bears,CHI,0,TB,-7,36.5,41,0,41,0,41,TB,1,Home,41,0,41,7,1
2000-09-17,2000,3,Detroit Lions,DET,10,Tampa Bay Buccaneers,TB,31,TB,-3,34.5,41,0,31,10,21,TB,1,Away,31,10,21,3,1
2000-09-24,2000,4,Tampa Bay Buccaneers,TB,17,New York Jets,NYJ,21,TB,-7,36,38,0,17,21,-4,TB,1,Home,17,21,-4,7,0
2000-10-01,2000,5,Washington Redskins,WAS,20,Tampa Bay Buccaneers,TB,17,WAS,-1.5,36,37,0,20,17,3,TB,0,Away,17,20,-3,-1.5,0
2000-10-09,2000,6,Minnesota Vikings,MIN,30,Tampa Bay Buccaneers,TB,23,MIN,-1,39,53,0,30,23,7,TB,0,Away,23,30,-7,-1,0
2000-10-19,2000,8,Tampa Bay Buccaneers,TB,14,Detroit Lions,DET,28,TB,-8,37.5,42,0,14,28,-14,TB,1,Home,14,28,-14,8,0
2000-10-29,2000,9,Tampa Bay Buccaneers,TB,41,Minnesota Vikings,MIN,13,TB,-3,41,54,0,41,13,28,TB,1,Home,41,13,28,3,1
2000-11-05,2000,10,Atlanta Falcons,ATL,14,Tampa Bay Buccaneers,TB,27,TB,-7,40,41,0,27,14,13,TB,1,Away,27,14,13,7,1
2000-11-12,2000,11,Tampa Bay Buccaneers,TB,20,Green Bay Packers,GB,15,TB,-9,42,35,0,20,15,5,TB,1,Home,20,15,5,9,0
2000-11-19,2000,12,Chicago Bears,CHI,13,Tampa Bay Buccaneers,TB,10,TB,-8,36,23,0,10,13,-3,TB,1,Away,10,13,-3,8,0
2000-11-26,2000,13,Tampa Bay Buccaneers,TB,31,Buffalo Bills,BUF,17,TB,-4,37,48,0,31,17,14,TB,1,Home,31,17,14,4,1
2000-12-03,2000,14,Tampa Bay Buccaneers,TB,27,Dallas Cowboys,DAL,7,TB,-10,37,34,0,27,7,20,TB,1,Home,27,7,20,10,1
2000-12-10,2000,15,Miami Dolphins,MIA,13,Tampa Bay Buccaneers,TB,16,MIA,-2.5,34.5,29,0,13,16,-3,TB,0,Away,16,13,3,-2.5,1
2000-12-18,2000,16,Tampa Bay Buccaneers,TB,38,St. Louis Rams,LAR,35,LAR,-1,49,73,0,35,38,-3,TB,0,Home,38,35,3,-1,1
2000-12-24,2000,17,Green Bay Packers,GB,17,Tampa Bay Buccaneers,TB,14,GB,-2.5,38,31,0,17,14,3,TB,0,Away,14,17,-3,-2.5,0
2001-09-09,2001,1,Dallas Cowboys,DAL,6,Tampa Bay Buccaneers,TB,10,TB,-9,34,16,0,10,6,4,TB,1,Away,10,6,4,9,0
2001-09-30,2001,3,Minnesota Vikings,MIN,20,Tampa Bay Buccaneers,TB,16,TB,-2.5,39,36,0,16,20,-4,TB,1,Away,16,20,-4,2.5,0
2001-10-07,2001,4,Tampa Bay Buccaneers,TB,14,Green Bay Packers,GB,10,TB,-3,36.5,24,0,14,10,4,TB,1,Home,14,10,4,3,1
2001-10-14,2001,5,Tennessee Titans,TEN,31,Tampa Bay Buccaneers,TB,28,TEN,-3,33,59,0,31,28,3,TB,0,Away,28,31,-3,-3,0
2001-10-21,2001,6,Tampa Bay Buccaneers,TB,10,Pittsburgh Steelers,PIT,17,TB,-5,33.5,27,0,10,17,-7,TB,1,Home,10,17,-7,5,0
2001-10-28,2001,7,Tampa Bay Buccaneers,TB,41,Minnesota Vikings,MIN,14,TB,-3,38.5,55,0,41,14,27,TB,1,Home,41,14,27,3,1
2001-11-04,2001,8,Green Bay Packers,GB,21,Tampa Bay Buccaneers,TB,20,GB,-5,37,41,0,21,20,1,TB,0,Away,20,21,-1,-5,1
2001-11-11,2001,9,Detroit Lions,DET,17,Tampa Bay Buccaneers,TB,20,TB,-5,40,37,0,20,17,3,TB,1,Away,20,17,3,5,0
2001-11-18,2001,10,Tampa Bay Buccaneers,TB,24,Chicago Bears,CHI,27,TB,-5,35,51,0,24,27,-3,TB,1,Home,24,27,-3,5,0
2001-11-26,2001,11,St. Louis Rams,LAR,17,Tampa Bay Buccaneers,TB,24,LAR,-9.5,46,41,0,17,24,-7,TB,0,Away,24,17,7,-9.5,1
2001-12-02,2001,12,Cincinnati Bengals,CIN,13,Tampa Bay Buccaneers,TB,16,TB,-5,35,29,0,16,13,3,TB,1,Away,16,13,3,5,0
2001-12-09,2001,13,Tampa Bay Buccaneers,TB,15,Detroit Lions,DET,12,TB,-8,36.5,27,0,15,12,3,TB,1,Home,15,12,3,8,0
2001-12-16,2001,14,Chicago Bears,CHI,27,Tampa Bay Buccaneers,TB,3,CHI,-2.5,33,30,0,27,3,24,TB,0,Away,3,27,-24,-2.5,0
2001-12-23,2001,15,Tampa Bay Buccaneers,TB,48,New Orleans Saints,NO,21,TB,-2.5,38,69,0,48,21,27,TB,1,Home,48,21,27,2.5,1
2001-12-29,2001,16,Tampa Bay Buccaneers,TB,22,Baltimore Ravens,BAL,10,TB,-1.5,34,32,0,22,10,12,TB,1,Home,22,10,12,1.5,1
2002-01-06,2001,17,Tampa Bay Buccaneers,TB,13,Philadelphia Eagles,PHI,17,TB,-3,33,30,0,13,17,-4,TB,1,Home,13,17,-4,3,0
2002-09-08,2002,1,Tampa Bay Buccaneers,TB,20,New Orleans Saints,NO,26,TB,-6,37.5,46,0,20,26,-6,TB,1,Home,20,26,-6,6,0
2002-09-15,2002,2,Baltimore Ravens,BAL,0,Tampa Bay Buccaneers,TB,25,TB,-4.5,32,25,0,25,0,25,TB,1,Away,25,0,25,4.5,1
2002-09-23,2002,3,Tampa Bay Buccaneers,TB,26,St. Louis Rams,LAR,14,LAR,-1.5,44,40,0,14,26,-12,TB,0,Home,26,14,12,-1.5,1
2002-09-29,2002,4,Cincinnati Bengals,CIN,7,Tampa Bay Buccaneers,TB,35,TB,-6.5,33.5,42,0,35,7,28,TB,1,Away,35,7,28,6.5,1
2002-10-06,2002,5,Atlanta Falcons,ATL,6,Tampa Bay Buccaneers,TB,20,ATL,-2.5,38.5,26,0,6,20,-14,TB,0,Away,20,6,14,-2.5,1
2002-10-13,2002,6,Tampa Bay Buccaneers,TB,17,Cleveland Browns,CLE,3,TB,-7.5,36.5,20,0,17,3,14,TB,1,Home,17,3,14,7.5,1
2002-10-20,2002,7,Philadelphia Eagles,PHI,20,Tampa Bay Buccaneers,TB,10,PHI,-3,37,30,0,20,10,10,TB,0,Away,10,20,-10,-3,0
2002-10-27,2002,8,Carolina Panthers,CAR,9,Tampa Bay Buccaneers,TB,12,TB,-8,31.5,21,0,12,9,3,TB,1,Away,12,9,3,8,0
2002-11-03,2002,9,Tampa Bay Buccaneers,TB,38,Minnesota Vikings,MIN,24,TB,-7.5,37,62,0,38,24,14,TB,1,Home,38,24,14,7.5,1
2002-11-17,2002,11,Tampa Bay Buccaneers,TB,23,Carolina Panthers,CAR,10,TB,-8,34.5,33,0,23,10,13,TB,1,Home,23,10,13,8,1
2002-11-24,2002,12,Tampa Bay Buccaneers,TB,21,Green Bay Packers,GB,7,TB,-3,38.5,28,0,21,7,14,TB,1,Home,21,7,14,3,1
2002-12-01,2002,13,New Orleans Saints,NO,23,Tampa Bay Buccaneers,TB,20,TB,-1.5,40,43,0,20,23,-3,TB,1,Away,20,23,-3,1.5,0
2002-12-08,2002,14,Tampa Bay Buccaneers,TB,34,Atlanta Falcons,ATL,10,TB,-3.5,37,44,0,34,10,24,TB,1,Home,34,10,24,3.5,1
2002-12-15,2002,15,Detroit Lions,DET,20,Tampa Bay Buccaneers,TB,23,TB,-9.5,37,43,0,23,20,3,TB,1,Away,23,20,3,9.5,0
2002-12-23,2002,16,Tampa Bay Buccaneers,TB,7,Pittsburgh Steelers,PIT,17,TB,-4.5,38,24,0,7,17,-10,TB,1,Home,7,17,-10,4.5,0
2002-12-29,2002,17,Chicago Bears,CHI,0,Tampa Bay Buccaneers,TB,15,TB,-7,32,15,0,15,0,15,TB,1,Away,15,0,15,7,1
2003-09-08,2003,1,Philadelphia Eagles,PHI,0,Tampa Bay Buccaneers,TB,17,PHI,-3,36,17,0,0,17,-17,TB,0,Away,17,0,17,-3,1
2003-09-14,2003,2,Tampa Bay Buccaneers,TB,9,Carolina Panthers,CAR,12,TB,-9,34.5,21,0,9,12,-3,TB,1,Home,9,12,-3,9,0
2003-09-21,2003,3,Atlanta Falcons,ATL,10,Tampa Bay Buccaneers,TB,31,TB,-6.5,35.5,41,0,31,10,21,TB,1,Away,31,10,21,6.5,1
2003-10-06,2003,5,Tampa Bay Buccaneers,TB,35,Indianapolis Colts,IND,38,TB,-4.5,37.5,73,0,35,38,-3,TB,1,Home,35,38,-3,4.5,0
2003-10-12,2003,6,Washington Redskins,WAS,13,Tampa Bay Buccaneers,TB,35,TB,-3.5,37,48,0,35,13,22,TB,1,Away,35,13,22,3.5,1
2003-10-19,2003,7,San Francisco 49ers,SF,24,Tampa Bay Buccaneers,TB,7,TB,-5,39,31,0,7,24,-17,TB,1,Away,7,24,-17,5,0
2003-10-26,2003,8,Tampa Bay Buccaneers,TB,16,Dallas Cowboys,DAL,0,TB,-6,37,16,0,16,0,16,TB,1,Home,16,0,16,6,1
2003-11-02,2003,9,Tampa Bay Buccaneers,TB,14,New Orleans Saints,NO,17,TB,-8,39,31,0,14,17,-3,TB,1,Home,14,17,-3,8,0
2003-11-09,2003,10,Carolina Panthers,CAR,27,Tampa Bay Buccaneers,TB,24,TB,-3.5,34.5,51,0,24,27,-3,TB,1,Away,24,27,-3,3.5,0
2003-11-16,2003,11,Tampa Bay Buccaneers,TB,13,Green Bay Packers,GB,20,TB,-3.5,41,33,0,13,20,-7,TB,1,Home,13,20,-7,3.5,0
2003-11-24,2003,12,Tampa Bay Buccaneers,TB,19,New York Giants,NYG,13,TB,-6,38,32,0,19,13,6,TB,1,Home,19,13,6,6,0
2003-11-30,2003,13,Jacksonville Jaguars,JAX,17,Tampa Bay Buccaneers,TB,10,TB,-3,37,27,0,10,17,-7,TB,1,Away,10,17,-7,3,0
2003-12-07,2003,14,New Orleans Saints,NO,7,Tampa Bay Buccaneers,TB,14,NO,-3,40.5,21,0,7,14,-7,TB,0,Away,14,7,7,-3,1
2003-12-14,2003,15,Tampa Bay Buccaneers,TB,16,Houston Texans,HOU,3,TB,-11.5,36,19,0,16,3,13,TB,1,Home,16,3,13,11.5,1
2003-12-20,2003,16,Tampa Bay Buccaneers,TB,28,Atlanta Falcons,ATL,30,TB,-6.5,38.5,58,0,28,30,-2,TB,1,Home,28,30,-2,6.5,0
2003-12-28,2003,17,Tennessee Titans,TEN,33,Tampa Bay Buccaneers,TB,13,TEN,-4,39,46,0,33,13,20,TB,0,Away,13,33,-20,-4,0
2004-09-12,2004,1,Washington Redskins,WAS,16,Tampa Bay Buccaneers,TB,10,WAS,-2.5,38.5,26,0,16,10,6,TB,0,Away,10,16,-6,-2.5,0
2004-09-19,2004,2,Tampa Bay Buccaneers,TB,6,Seattle Seahawks,SEA,10,SEA,-3,37,16,0,10,6,4,TB,0,Home,6,10,-4,-3,0
2004-09-26,2004,3,Oakland Raiders,OAK,30,Tampa Bay Buccaneers,TB,20,OAK,-3,35.5,50,0,30,20,10,TB,0,Away,20,30,-10,-3,0
2004-10-03,2004,4,Tampa Bay Buccaneers,TB,13,Denver Broncos,DEN,16,DEN,-3,35,29,0,16,13,3,TB,0,Home,13,16,-3,-3,0
2004-10-10,2004,5,New Orleans Saints,NO,17,Tampa Bay Buccaneers,TB,20,NO,-3,38.5,37,0,17,20,-3,TB,0,Away,20,17,3,-3,1
2004-10-18,2004,6,St. Louis Rams,LAR,28,Tampa Bay Buccaneers,TB,21,LAR,-6.5,42.5,49,0,28,21,7,TB,0,Away,21,28,-7,-6.5,0
2004-10-24,2004,7,Tampa Bay Buccaneers,TB,19,Chicago Bears,CHI,7,TB,-7,32,26,0,19,7,12,TB,1,Home,19,7,12,7,1
2004-11-07,2004,9,Tampa Bay Buccaneers,TB,34,Kansas City Chiefs,KC,31,KC,-3,45.5,65,0,31,34,-3,TB,0,Home,34,31,3,-3,1
2004-11-14,2004,10,Atlanta Falcons,ATL,24,Tampa Bay Buccaneers,TB,14,ATL,-3.5,41,38,0,24,14,10,TB,0,Away,14,24,-10,-3.5,0
2004-11-21,2004,11,Tampa Bay Buccaneers,TB,35,San Francisco 49ers,SF,3,TB,-8,42,38,0,35,3,32,TB,1,Home,35,3,32,8,1
2004-11-28,2004,12,Carolina Panthers,CAR,21,Tampa Bay Buccaneers,TB,14,TB,-3,39,35,0,14,21,-7,TB,1,Away,14,21,-7,3,0
2004-12-05,2004,13,Tampa Bay Buccaneers,TB,27,Atlanta Falcons,ATL,0,TB,-2,39.5,27,0,27,0,27,TB,1,Home,27,0,27,2,1
2004-12-12,2004,14,San Diego Chargers,LAC,31,Tampa Bay Buccaneers,TB,24,LAC,-4,42.5,55,0,31,24,7,TB,0,Away,24,31,-7,-4,0
2004-12-19,2004,15,Tampa Bay Buccaneers,TB,17,New Orleans Saints,NO,21,TB,-7.5,43.5,38,0,17,21,-4,TB,1,Home,17,21,-4,7.5,0
2004-12-26,2004,16,Tampa Bay Buccaneers,TB,20,Carolina Panthers,CAR,37,TB,-1.5,39,57,0,20,37,-17,TB,1,Home,20,37,-17,1.5,0
2005-01-02,2004,17,Arizona Cardinals,ARI,12,Tampa Bay Buccaneers,TB,7,ARI,-4,38.5,19,0,12,7,5,TB,0,Away,7,12,-5,-4,0
2005-09-11,2005,1,Minnesota Vikings,MIN,13,Tampa Bay Buccaneers,TB,24,MIN,-6,43.5,37,0,13,24,-11,TB,0,Away,24,13,11,-6,1
2005-09-18,2005,2,Tampa Bay Buccaneers,TB,19,Buffalo Bills,BUF,3,TB,-2.5,35,22,0,19,3,16,TB,1,Home,19,3,16,2.5,1
2005-09-25,2005,3,Green Bay Packers,GB,16,Tampa Bay Buccaneers,TB,17,TB,-3,38,33,0,17,16,1,TB,1,Away,17,16,1,3,0
2005-10-02,2005,4,Tampa Bay Buccaneers,TB,17,Detroit Lions,DET,13,TB,-6.5,35,30,0,17,13,4,TB,1,Home,17,13,4,6.5,0
2005-10-09,2005,5,New York Jets,NYJ,14,Tampa Bay Buccaneers,TB,12,TB,-3.5,32,26,0,12,14,-2,TB,1,Away,12,14,-2,3.5,0
2005-10-16,2005,6,Tampa Bay Buccaneers,TB,27,Miami Dolphins,MIA,13,TB,-4.5,33,40,0,27,13,14,TB,1,Home,27,13,14,4.5,1
2005-10-30,2005,8,San Francisco 49ers,SF,15,Tampa Bay Buccaneers,TB,10,TB,-11.5,37,25,0,10,15,-5,TB,1,Away,10,15,-5,11.5,0
2005-11-06,2005,9,Tampa Bay Buccaneers,TB,14,Carolina Panthers,CAR,34,PICK,0,36.5,48,0,34,14,20,TB,0,Home,14,34,-20,0,0
2005-11-13,2005,10,Tampa Bay Buccaneers,TB,36,Washington Redskins,WAS,35,WAS,-1,34,71,0,35,36,-1,TB,0,Home,36,35,1,-1,1
2005-11-20,2005,11,Atlanta Falcons,ATL,27,Tampa Bay Buccaneers,TB,30,ATL,-6,38,57,0,27,30,-3,TB,0,Away,30,27,3,-6,1
2005-11-27,2005,12,Tampa Bay Buccaneers,TB,10,Chicago Bears,CHI,13,TB,-3,33,23,0,10,13,-3,TB,1,Home,10,13,-3,3,0
2005-12-04,2005,13,New Orleans Saints,NO,3,Tampa Bay Buccaneers,TB,10,TB,-3.5,39,13,0,10,3,7,TB,1,Away,10,3,7,3.5,1
2005-12-11,2005,14,Carolina Panthers,CAR,10,Tampa Bay Buccaneers,TB,20,CAR,-5.5,37,30,0,10,20,-10,TB,0,Away,20,10,10,-5.5,1
2005-12-17,2005,15,New England Patriots,NE,28,Tampa Bay Buccaneers,TB,0,NE,-4.5,36,28,0,28,0,28,TB,0,Away,0,28,-28,-4.5,0
2005-12-24,2005,16,Tampa Bay Buccaneers,TB,27,Atlanta Falcons,ATL,24,TB,-3,37.5,51,0,27,24,3,TB,1,Home,27,24,3,3,0
2006-01-01,2005,17,Tampa Bay Buccaneers,TB,27,New Orleans Saints,NO,13,TB,-13,37.5,40,0,27,13,14,TB,1,Home,27,13,14,13,1
2006-09-10,2006,1,Tampa Bay Buccaneers,TB,0,Baltimore Ravens,BAL,27,TB,-3,33,27,0,0,27,-27,TB,1,Home,0,27,-27,3,0
2006-09-17,2006,2,Atlanta Falcons,ATL,14,Tampa Bay Buccaneers,TB,3,ATL,-4.5,36,17,0,14,3,11,TB,0,Away,3,14,-11,-4.5,0
2006-09-24,2006,3,Tampa Bay Buccaneers,TB,24,Carolina Panthers,CAR,26,CAR,-3,33.5,50,0,26,24,2,TB,0,Home,24,26,-2,-3,1
2006-10-08,2006,5,New Orleans Saints,NO,24,Tampa Bay Buccaneers,TB,21,NO,-7,35,45,0,24,21,3,TB,0,Away,21,24,-3,-7,1
2006-10-15,2006,6,Tampa Bay Buccaneers,TB,14,Cincinnati Bengals,CIN,13,CIN,-5,44.5,27,0,13,14,-1,TB,0,Home,14,13,1,-5,1
2006-10-22,2006,7,Tampa Bay Buccaneers,TB,23,Philadelphia Eagles,PHI,21,PHI,-6,43,44,0,21,23,-2,TB,0,Home,23,21,2,-6,1
2006-10-29,2006,8,New York Giants,NYG,17,Tampa Bay Buccaneers,TB,3,NYG,-9.5,36,20,0,17,3,14,TB,0,Away,3,17,-14,-9.5,0
2006-11-05,2006,9,Tampa Bay Buccaneers,TB,14,New Orleans Saints,NO,31,TB,-1.5,37,45,0,14,31,-17,TB,1,Home,14,31,-17,1.5,0
2006-11-13,2006,10,Carolina Panthers,CAR,24,Tampa Bay Buccaneers,TB,10,CAR,-10,37,34,0,24,10,14,TB,0,Away,10,24,-14,-10,0
2006-11-19,2006,11,Tampa Bay Buccaneers,TB,20,Washington Redskins,WAS,17,TB,-3,34,37,0,20,17,3,TB,1,Home,20,17,3,3,0
2006-11-23,2006,12,Dallas Cowboys,DAL,38,Tampa Bay Buccaneers,TB,10,DAL,-11,39,48,0,38,10,28,TB,0,Away,10,38,-28,-11,0
2006-12-03,2006,13,Pittsburgh Steelers,PIT,20,Tampa Bay Buccaneers,TB,3,PIT,-7,41,23,0,20,3,17,TB,0,Away,3,20,-17,-7,0
2006-12-10,2006,14,Tampa Bay Buccaneers,TB,6,Atlanta Falcons,ATL,17,ATL,-3,38,23,0,17,6,11,TB,0,Home,6,17,-11,-3,0
2006-12-17,2006,15,Chicago Bears,CHI,34,Tampa Bay Buccaneers,TB,31,CHI,-13.5,35,65,0,34,31,3,TB,0,Away,31,34,-3,-13.5,1
2006-12-24,2006,16,Cleveland Browns,CLE,7,Tampa Bay Buccaneers,TB,22,CLE,-3,37.5,29,0,7,22,-15,TB,0,Away,22,7,15,-3,1
2006-12-31,2006,17,Tampa Bay Buccaneers,TB,7,Seattle Seahawks,SEA,23,TB,-3,38,30,0,7,23,-16,TB,1,Home,7,23,-16,3,0
2007-09-09,2007,1,Seattle Seahawks,SEA,20,Tampa Bay Buccaneers,TB,6,SEA,-6,41,26,0,20,6,14,TB,0,Away,6,20,-14,-6,0
2007-09-16,2007,2,Tampa Bay Buccaneers,TB,31,New Orleans Saints,NO,14,NO,-4,41.5,45,0,14,31,-17,TB,0,Home,31,14,17,-4,1
2007-09-23,2007,3,Tampa Bay Buccaneers,TB,24,St. Louis Rams,LAR,3,TB,-3.5,38.5,27,0,24,3,21,TB,1,Home,24,3,21,3.5,1
2007-09-30,2007,4,Carolina Panthers,CAR,7,Tampa Bay Buccaneers,TB,20,CAR,-3,39.5,27,0,7,20,-13,TB,0,Away,20,7,13,-3,1
2007-10-07,2007,5,Indianapolis Colts,IND,33,Tampa Bay Buccaneers,TB,14,IND,-9,45,47,0,33,14,19,TB,0,Away,14,33,-19,-9,0
2007-10-14,2007,6,Tampa Bay Buccaneers,TB,13,Tennessee Titans,TEN,10,TB,-2.5,37,23,0,13,10,3,TB,1,Home,13,10,3,2.5,1
2007-10-21,2007,7,Detroit Lions,DET,23,Tampa Bay Buccaneers,TB,16,DET,-2.5,44,39,0,23,16,7,TB,0,Away,16,23,-7,-2.5,0
2007-10-28,2007,8,Tampa Bay Buccaneers,TB,23,Jacksonville Jaguars,JAX,24,TB,-3.5,32,47,0,23,24,-1,TB,1,Home,23,24,-1,3.5,0
2007-11-04,2007,9,Tampa Bay Buccaneers,TB,17,Arizona Cardinals,ARI,10,TB,-3.5,39,27,0,17,10,7,TB,1,Home,17,10,7,3.5,1
2007-11-18,2007,11,Atlanta Falcons,ATL,7,Tampa Bay Buccaneers,TB,31,TB,-3,35.5,38,0,31,7,24,TB,1,Away,31,7,24,3,1
2007-11-25,2007,12,Tampa Bay Buccaneers,TB,19,Washington Redskins,WAS,13,TB,-3,38.5,32,0,19,13,6,TB,1,Home,19,13,6,3,1
2007-12-02,2007,13,New Orleans Saints,NO,23,Tampa Bay Buccaneers,TB,27,NO,-3,42,50,0,23,27,-4,TB,0,Away,27,23,4,-3,1
2007-12-09,2007,14,Houston Texans,HOU,28,Tampa Bay Buccaneers,TB,14,TB,-2.5,40,42,0,14,28,-14,TB,1,Away,14,28,-14,2.5,0
2007-12-16,2007,15,Tampa Bay Buccaneers,TB,37,Atlanta Falcons,ATL,3,TB,-12.5,37.5,40,0,37,3,34,TB,1,Home,37,3,34,12.5,1
2007-12-23,2007,16,San Francisco 49ers,SF,21,Tampa Bay Buccaneers,TB,19,TB,-7,37,40,0,19,21,-2,TB,1,Away,19,21,-2,7,0
2007-12-30,2007,17,Tampa Bay Buccaneers,TB,23,Carolina Panthers,CAR,31,CAR,-2.5,36,54,0,31,23,8,TB,0,Home,23,31,-8,-2.5,0
2008-09-07,2008,1,New Orleans Saints,NO,24,Tampa Bay Buccaneers,TB,20,NO,-3,42.5,44,0,24,20,4,TB,0,Away,20,24,-4,-3,0
2008-09-14,2008,2,Tampa Bay Buccaneers,TB,24,Atlanta Falcons,ATL,9,TB,-7,37.5,33,0,24,9,15,TB,1,Home,24,9,15,7,1
2008-09-21,2008,3,Chicago Bears,CHI,24,Tampa Bay Buccaneers,TB,27,CHI,-3,35,51,0,24,27,-3,TB,0,Away,27,24,3,-3,1
2008-09-28,2008,4,Tampa Bay Buccaneers,TB,30,Green Bay Packers,GB,21,TB,-2,43,51,0,30,21,9,TB,1,Home,30,21,9,2,1
2008-10-05,2008,5,Denver Broncos,DEN,16,Tampa Bay Buccaneers,TB,13,DEN,-4,47,29,0,16,13,3,TB,0,Away,13,16,-3,-4,1
2008-10-12,2008,6,Tampa Bay Buccaneers,TB,27,Carolina Panthers,CAR,3,TB,-1,36.5,30,0,27,3,24,TB,1,Home,27,3,24,1,1
2008-10-19,2008,7,Tampa Bay Buccaneers,TB,20,Seattle Seahawks,SEA,10,TB,-11.5,40.5,30,0,20,10,10,TB,1,Home,20,10,10,11.5,0
2008-10-26,2008,8,Dallas Cowboys,DAL,13,Tampa Bay Buccaneers,TB,9,DAL,-1.5,40.5,22,0,13,9,4,TB,0,Away,9,13,-4,-1.5,0
2008-11-02,2008,9,Kansas City Chiefs,KC,27,Tampa Bay Buccaneers,TB,30,TB,-9.5,36.5,57,0,30,27,3,TB,1,Away,30,27,3,9.5,0
2008-11-16,2008,11,Tampa Bay Buccaneers,TB,19,Minnesota Vikings,MIN,13,TB,-5.5,38.5,32,0,19,13,6,TB,1,Home,19,13,6,5.5,1
2008-11-23,2008,12,Detroit Lions,DET,20,Tampa Bay Buccaneers,TB,38,TB,-8,42.5,58,0,38,20,18,TB,1,Away,38,20,18,8,1
2008-11-30,2008,13,Tampa Bay Buccaneers,TB,23,New Orleans Saints,NO,20,TB,-3.5,43.5,43,0,23,20,3,TB,1,Home,23,20,3,3.5,0
2008-12-08,2008,14,Carolina Panthers,CAR,38,Tampa Bay Buccaneers,TB,23,CAR,-3,38.5,61,0,38,23,15,TB,0,Away,23,38,-15,-3,0
2008-12-14,2008,15,Atlanta Falcons,ATL,13,Tampa Bay Buccaneers,TB,10,ATL,-4.5,43.5,23,0,13,10,3,TB,0,Away,10,13,-3,-4.5,1
2008-12-21,2008,16,Tampa Bay Buccaneers,TB,24,San Diego Chargers,LAC,41,TB,-4.5,42.5,65,0,24,41,-17,TB,1,Home,24,41,-17,4.5,0
2008-12-28,2008,17,Tampa Bay Buccaneers,TB,24,Oakland Raiders,OAK,31,TB,-10.5,39.5,55,0,24,31,-7,TB,1,Home,24,31,-7,10.5,0
2009-09-13,2009,1,Tampa Bay Buccaneers,TB,21,Dallas Cowboys,DAL,34,DAL,-5,40,55,0,34,21,13,TB,0,Home,21,34,-13,-5,0
2009-09-20,2009,2,Buffalo Bills,BUF,33,Tampa Bay Buccaneers,TB,20,BUF,-4,42,53,0,33,20,13,TB,0,Away,20,33,-13,-4,0
2009-09-27,2009,3,Tampa Bay Buccaneers,TB,0,New York Giants,NYG,24,NYG,-6.5,46,24,0,24,0,24,TB,0,Home,0,24,-24,-6.5,0
2009-10-04,2009,4,Washington Redskins,WAS,16,Tampa Bay Buccaneers,TB,13,WAS,-9,35.5,29,0,16,13,3,TB,0,Away,13,16,-3,-9,1
2009-10-11,2009,5,Philadelphia Eagles,PHI,33,Tampa Bay Buccaneers,TB,14,PHI,-15.5,42,47,0,33,14,19,TB,0,Away,14,33,-19,-15.5,0
2009-10-18,2009,6,Tampa Bay Buccaneers,TB,21,Carolina Panthers,CAR,28,CAR,-3,40.5,49,0,28,21,7,TB,0,Home,21,28,-7,-3,0
2009-11-08,2009,9,Tampa Bay Buccaneers,TB,38,Green Bay Packers,GB,28,GB,-9.5,43.5,66,0,28,38,-10,TB,0,Home,38,28,10,-9.5,1
2009-11-15,2009,10,Miami Dolphins,MIA,25,Tampa Bay Buccaneers,TB,23,MIA,-10,43.5,48,0,25,23,2,TB,0,Away,23,25,-2,-10,1
2009-11-22,2009,11,Tampa Bay Buccaneers,TB,7,New Orleans Saints,NO,38,NO,-10.5,51,45,0,38,7,31,TB,0,Home,7,38,-31,-10.5,0
2009-11-29,2009,12,Atlanta Falcons,ATL,20,Tampa Bay Buccaneers,TB,17,ATL,-12.5,46,37,0,20,17,3,TB,0,Away,17,20,-3,-12.5,1
2009-12-06,2009,13,Carolina Panthers,CAR,16,Tampa Bay Buccaneers,TB,6,CAR,-3.5,40,22,0,16,6,10,TB,0,Away,6,16,-10,-3.5,0
2009-12-13,2009,14,Tampa Bay Buccaneers,TB,3,New York Jets,NYJ,26,NYJ,-3.5,36.5,29,0,26,3,23,TB,0,Home,3,26,-23,-3.5,0
2009-12-20,2009,15,Seattle Seahawks,SEA,7,Tampa Bay Buccaneers,TB,24,SEA,-6.5,39,31,0,7,24,-17,TB,0,Away,24,7,17,-6.5,1
2009-12-27,2009,16,New Orleans Saints,NO,17,Tampa Bay Buccaneers,TB,20,NO,-14,48.5,37,0,17,20,-3,TB,0,Away,20,17,3,-14,1
2010-01-03,2009,17,Tampa Bay Buccaneers,TB,10,Atlanta Falcons,ATL,20,ATL,-3,41.5,30,0,20,10,10,TB,0,Home,10,20,-10,-3,0
2010-09-12,2010,1,Tampa Bay Buccaneers,TB,17,Cleveland Browns,CLE,14,TB,-2.5,37,31,0,17,14,3,TB,1,Home,17,14,3,2.5,1
2010-09-19,2010,2,Carolina Panthers,CAR,7,Tampa Bay Buccaneers,TB,20,CAR,-4,37.5,27,0,7,20,-13,TB,0,Away,20,7,13,-4,1
2010-09-26,2010,3,Tampa Bay Buccaneers,TB,13,Pittsburgh Steelers,PIT,38,PIT,-3,33,51,0,38,13,25,TB,0,Home,13,38,-25,-3,0
2010-10-10,2010,5,Cincinnati Bengals,CIN,21,Tampa Bay Buccaneers,TB,24,CIN,-7,38.5,45,0,21,24,-3,TB,0,Away,24,21,3,-7,1
2010-10-17,2010,6,Tampa Bay Buccaneers,TB,6,New Orleans Saints,NO,31,NO,-5.5,44,37,0,31,6,25,TB,0,Home,6,31,-25,-5.5,0
2010-10-24,2010,7,Tampa Bay Buccaneers,TB,18,St. Louis Rams,LAR,17,TB,-3,39,35,0,18,17,1,TB,1,Home,18,17,1,3,0
2010-10-31,2010,8,Arizona Cardinals,ARI,35,Tampa Bay Buccaneers,TB,38,ARI,-3,38,73,0,35,38,-3,TB,0,Away,38,35,3,-3,1
2010-11-07,2010,9,Atlanta Falcons,ATL,27,Tampa Bay Buccaneers,TB,21,ATL,-9,45.5,48,0,27,21,6,TB,0,Away,21,27,-6,-9,1
2010-11-14,2010,10,Tampa Bay Buccaneers,TB,31,Carolina Panthers,CAR,16,TB,-7,37,47,0,31,16,15,TB,1,Home,31,16,15,7,1
2010-11-21,2010,11,San Francisco 49ers,SF,0,Tampa Bay Buccaneers,TB,21,SF,-3.5,41.5,21,0,0,21,-21,TB,0,Away,21,0,21,-3.5,1
2010-11-28,2010,12,Baltimore Ravens,BAL,17,Tampa Bay Buccaneers,TB,10,BAL,-7.5,41.5,27,0,17,10,7,TB,0,Away,10,17,-7,-7.5,1
2010-12-05,2010,13,Tampa Bay Buccaneers,TB,24,Atlanta Falcons,ATL,28,ATL,-3,43.5,52,0,28,24,4,TB,0,Home,24,28,-4,-3,0
2010-12-12,2010,14,Washington Redskins,WAS,16,Tampa Bay Buccaneers,TB,17,TB,-1.5,41.5,33,0,17,16,1,TB,1,Away,17,16,1,1.5,0
2010-12-19,2010,15,Tampa Bay Buccaneers,TB,20,Detroit Lions,DET,23,TB,-4,43,43,0,20,23,-3,TB,1,Home,20,23,-3,4,0
2010-12-26,2010,16,Tampa Bay Buccaneers,TB,38,Seattle Seahawks,SEA,15,TB,-6,43.5,53,0,38,15,23,TB,1,Home,38,15,23,6,1
2011-01-02,2010,17,New Orleans Saints,NO,13,Tampa Bay Buccaneers,TB,23,NO,-7,47,36,0,13,23,-10,TB,0,Away,23,13,10,-7,1
2011-09-11,2011,1,Tampa Bay Buccaneers,TB,20,Detroit Lions,DET,27,TB,-1.5,43.5,47,0,20,27,-7,TB,1,Home,20,27,-7,1.5,0
2011-09-18,2011,2,Minnesota Vikings,MIN,20,Tampa Bay Buccaneers,TB,24,MIN,-1,41,44,0,20,24,-4,TB,0,Away,24,20,4,-1,1
2011-09-25,2011,3,Tampa Bay Buccaneers,TB,16,Atlanta Falcons,ATL,13,TB,-1,45,29,0,16,13,3,TB,1,Home,16,13,3,1,1
2011-10-03,2011,4,Tampa Bay Buccaneers,TB,24,Indianapolis Colts,IND,17,TB,-10,40.5,41,0,24,17,7,TB,1,Home,24,17,7,10,0
2011-10-09,2011,5,San Francisco 49ers,SF,48,Tampa Bay Buccaneers,TB,3,SF,-3,41.5,51,0,48,3,45,TB,0,Away,3,48,-45,-3,0
2011-10-16,2011,6,Tampa Bay Buccaneers,TB,26,New Orleans Saints,NO,20,NO,-6.5,49.5,46,0,20,26,-6,TB,0,Home,26,20,6,-6.5,1
2011-11-06,2011,9,New Orleans Saints,NO,27,Tampa Bay Buccaneers,TB,16,NO,-9,50.5,43,0,27,16,11,TB,0,Away,16,27,-11,-9,0
2011-11-13,2011,10,Tampa Bay Buccaneers,TB,9,Houston Texans,HOU,37,HOU,-4,45.5,46,0,37,9,28,TB,0,Home,9,37,-28,-4,0
2011-11-20,2011,11,Green Bay Packers,GB,35,Tampa Bay Buccaneers,TB,26,GB,-13.5,49,61,0,35,26,9,TB,0,Away,26,35,-9,-13.5,1
2011-11-27,2011,12,Tennessee Titans,TEN,23,Tampa Bay Buccaneers,TB,17,TEN,-3,44,40,0,23,17,6,TB,0,Away,17,23,-6,-3,0
2011-12-04,2011,13,Tampa Bay Buccaneers,TB,19,Carolina Panthers,CAR,38,CAR,-2.5,46.5,57,0,38,19,19,TB,0,Home,19,38,-19,-2.5,0
2011-12-11,2011,14,Jacksonville Jaguars,JAX,41,Tampa Bay Buccaneers,TB,14,TB,-3,42,55,0,14,41,-27,TB,1,Away,14,41,-27,3,0
2011-12-17,2011,15,Tampa Bay Buccaneers,TB,15,Dallas Cowboys,DAL,31,DAL,-7,47,46,0,31,15,16,TB,0,Home,15,31,-16,-7,0
2011-12-24,2011,16,Carolina Panthers,CAR,48,Tampa Bay Buccaneers,TB,16,CAR,-7.5,48,64,0,48,16,32,TB,0,Away,16,48,-32,-7.5,0
2012-01-01,2011,17,Atlanta Falcons,ATL,45,Tampa Bay Buccaneers,TB,24,ATL,-9.5,45,69,0,45,24,21,TB,0,Away,24,45,-21,-9.5,0
2012-09-09,2012,1,Tampa Bay Buccaneers,TB,16,Carolina Panthers,CAR,10,CAR,-3,45.5,26,0,10,16,-6,TB,0,Home,16,10,6,-3,1
2012-09-16,2012,2,New York Giants,NYG,41,Tampa Bay Buccaneers,TB,34,NYG,-8,43.5,75,0,41,34,7,TB,0,Away,34,41,-7,-8,1
2012-09-23,2012,3,Dallas Cowboys,DAL,16,Tampa Bay Buccaneers,TB,10,DAL,-7,45.5,26,0,16,10,6,TB,0,Away,10,16,-6,-7,1
2012-09-30,2012,4,Tampa Bay Buccaneers,TB,22,Washington Redskins,WAS,24,TB,-2,45,46,0,22,24,-2,TB,1,Home,22,24,-2,2,0
2012-10-14,2012,6,Tampa Bay Buccaneers,TB,38,Kansas City Chiefs,KC,10,TB,-5,39.5,48,0,38,10,28,TB,1,Home,38,10,28,5,1
2012-10-21,2012,7,Tampa Bay Buccaneers,TB,28,New Orleans Saints,NO,35,NO,-1.5,49.5,63,0,35,28,7,TB,0,Home,28,35,-7,-1.5,0
2012-10-25,2012,8,Minnesota Vikings,MIN,17,Tampa Bay Buccaneers,TB,36,MIN,-5.5,43,53,0,17,36,-19,TB,0,Away,36,17,19,-5.5,1
2012-11-04,2012,9,Oakland Raiders,OAK,32,Tampa Bay Buccaneers,TB,42,OAK,-1,47.5,74,0,32,42,-10,TB,0,Away,42,32,10,-1,1
2012-11-11,2012,10,Tampa Bay Buccaneers,TB,34,San Diego Chargers,LAC,24,TB,-3,47,58,0,34,24,10,TB,1,Home,34,24,10,3,1
2012-11-18,2012,11,Carolina Panthers,CAR,21,Tampa Bay Buccaneers,TB,27,TB,-1.5,47,48,0,27,21,6,TB,1,Away,27,21,6,1.5,1
2012-11-25,2012,12,Tampa Bay Buccaneers,TB,23,Atlanta Falcons,ATL,24,ATL,-1.5,51.5,47,0,24,23,1,TB,0,Home,23,24,-1,-1.5,1
2012-12-02,2012,13,Denver Broncos,DEN,31,Tampa Bay Buccaneers,TB,23,DEN,-7.5,50,54,0,31,23,8,TB,0,Away,23,31,-8,-7.5,0
2012-12-09,2012,14,Tampa Bay Buccaneers,TB,21,Philadelphia Eagles,PHI,23,TB,-7,48,44,0,21,23,-2,TB,1,Home,21,23,-2,7,0
2012-12-16,2012,15,New Orleans Saints,NO,41,Tampa Bay Buccaneers,TB,0,NO,-3.5,55,41,0,41,0,41,TB,0,Away,0,41,-41,-3.5,0
2012-12-23,2012,16,Tampa Bay Buccaneers,TB,13,St. Louis Rams,LAR,28,TB,-3,44,41,0,13,28,-15,TB,1,Home,13,28,-15,3,0
2012-12-30,2012,17,Atlanta Falcons,ATL,17,Tampa Bay Buccaneers,TB,22,ATL,-3,46,39,0,17,22,-5,TB,0,Away,22,17,5,-3,1
2013-09-08,2013,1,New York Jets,NYJ,18,Tampa Bay Buccaneers,TB,17,TB,-6,39,35,0,17,18,-1,TB,1,Away,17,18,-1,6,0
2013-09-15,2013,2,Tampa Bay Buccaneers,TB,14,New Orleans Saints,NO,16,NO,-4,48.5,30,0,16,14,2,TB,0,Home,14,16,-2,-4,1
2013-09-22,2013,3,New England Patriots,NE,23,Tampa Bay Buccaneers,TB,3,NE,-7.5,45,26,0,23,3,20,TB,0,Away,3,23,-20,-7.5,0
2013-09-29,2013,4,Tampa Bay Buccaneers,TB,10,Arizona Cardinals,ARI,13,TB,-2.5,40,23,0,10,13,-3,TB,1,Home,10,13,-3,2.5,0
2013-10-13,2013,6,Tampa Bay Buccaneers,TB,20,Philadelphia Eagles,PHI,31,PHI,-3,44,51,0,31,20,11,TB,0,Home,20,31,-11,-3,0
2013-10-20,2013,7,Atlanta Falcons,ATL,31,Tampa Bay Buccaneers,TB,23,ATL,-6.5,43,54,0,31,23,8,TB,0,Away,23,31,-8,-6.5,0
2013-10-24,2013,8,Tampa Bay Buccaneers,TB,13,Carolina Panthers,CAR,31,CAR,-6.5,38.5,44,0,31,13,18,TB,0,Home,13,31,-18,-6.5,0
2013-11-03,2013,9,Seattle Seahawks,SEA,27,Tampa Bay Buccaneers,TB,24,SEA,-14.5,40.5,51,0,27,24,3,TB,0,Away,24,27,-3,-14.5,1
2013-11-11,2013,10,Tampa Bay Buccaneers,TB,22,Miami Dolphins,MIA,19,MIA,-2.5,39.5,41,0,19,22,-3,TB,0,Home,22,19,3,-2.5,1
2013-11-17,2013,11,Tampa Bay Buccaneers,TB,41,Atlanta Falcons,ATL,28,TB,-2,43.5,69,0,41,28,13,TB,1,Home,41,28,13,2,1
2013-11-24,2013,12,Detroit Lions,DET,21,Tampa Bay Buccaneers,TB,24,DET,-7,48,45,0,21,24,-3,TB,0,Away,24,21,3,-7,1
2013-12-01,2013,13,Carolina Panthers,CAR,27,Tampa Bay Buccaneers,TB,6,CAR,-6.5,40.5,33,0,27,6,21,TB,0,Away,6,27,-21,-6.5,0
2013-12-08,2013,14,Tampa Bay Buccaneers,TB,27,Buffalo Bills,BUF,6,TB,-2.5,42.5,33,0,27,6,21,TB,1,Home,27,6,21,2.5,1
2013-12-15,2013,15,Tampa Bay Buccaneers,TB,14,San Francisco 49ers,SF,33,SF,-4.5,41,47,0,33,14,19,TB,0,Home,14,33,-19,-4.5,0
2013-12-22,2013,16,St. Louis Rams,LAR,23,Tampa Bay Buccaneers,TB,13,LAR,-3.5,43,36,0,23,13,10,TB,0,Away,13,23,-10,-3.5,0
2013-12-29,2013,17,New Orleans Saints,NO,42,Tampa Bay Buccaneers,TB,17,NO,-10.5,46.5,59,0,42,17,25,TB,0,Away,17,42,-25,-10.5,0
2014-09-07,2014,1,Tampa Bay Buccaneers,TB,14,Carolina Panthers,CAR,20,TB,-5.5,37.5,34,0,14,20,-6,TB,1,Home,14,20,-6,5.5,0
2014-09-14,2014,2,Tampa Bay Buccaneers,TB,17,St. Louis Rams,LAR,19,TB,-4,37.5,36,0,17,19,-2,TB,1,Home,17,19,-2,4,0
2014-09-18,2014,3,Atlanta Falcons,ATL,56,Tampa Bay Buccaneers,TB,14,ATL,-6.5,47,70,0,56,14,42,TB,0,Away,14,56,-42,-6.5,0
2014-09-28,2014,4,Pittsburgh Steelers,PIT,24,Tampa Bay Buccaneers,TB,27,PIT,-7.5,45,51,0,24,27,-3,TB,0,Away,27,24,3,-7.5,1
2014-10-05,2014,5,New Orleans Saints,NO,37,Tampa Bay Buccaneers,TB,31,NO,-11,48,68,0,37,31,6,TB,0,Away,31,37,-6,-11,1
2014-10-12,2014,6,Tampa Bay Buccaneers,TB,17,Baltimore Ravens,BAL,48,BAL,-3.5,44.5,65,0,48,17,31,TB,0,Home,17,48,-31,-3.5,0
2014-10-26,2014,8,Tampa Bay Buccaneers,TB,13,Minnesota Vikings,MIN,19,TB,-1,43,32,0,13,19,-6,TB,1,Home,13,19,-6,1,0
2014-11-02,2014,9,Cleveland Browns,CLE,22,Tampa Bay Buccaneers,TB,17,CLE,-7,44,39,0,22,17,5,TB,0,Away,17,22,-5,-7,1
2014-11-09,2014,10,Tampa Bay Buccaneers,TB,17,Atlanta Falcons,ATL,27,ATL,-3.5,47,44,0,27,17,10,TB,0,Home,17,27,-10,-3.5,0
2014-11-16,2014,11,Washington Redskins,WAS,7,Tampa Bay Buccaneers,TB,27,WAS,-6.5,46,34,0,7,27,-20,TB,0,Away,27,7,20,-6.5,1
2014-11-23,2014,12,Chicago Bears,CHI,21,Tampa Bay Buccaneers,TB,13,CHI,-4,46.5,34,0,21,13,8,TB,0,Away,13,21,-8,-4,0
2014-11-30,2014,13,Tampa Bay Buccaneers,TB,13,Cincinnati Bengals,CIN,14,CIN,-6,43.5,27,0,14,13,1,TB,0,Home,13,14,-1,-6,1
2014-12-07,2014,14,Detroit Lions,DET,34,Tampa Bay Buccaneers,TB,17,DET,-10.5,42,51,0,34,17,17,TB,0,Away,17,34,-17,-10.5,0
2014-12-14,2014,15,Carolina Panthers,CAR,19,Tampa Bay Buccaneers,TB,17,CAR,-3.5,41.5,36,0,19,17,2,TB,0,Away,17,19,-2,-3.5,1
2014-12-21,2014,16,Tampa Bay Buccaneers,TB,3,Green Bay Packers,GB,20,GB,-11.5,49,23,0,20,3,17,TB,0,Home,3,20,-17,-11.5,0
2014-12-28,2014,17,Tampa Bay Buccaneers,TB,20,New Orleans Saints,NO,23,NO,-6,46.5,43,0,23,20,3,TB,0,Home,20,23,-3,-6,1
2015-09-13,2015,1,Tampa Bay Buccaneers,TB,14,Tennessee Titans,TEN,42,TB,-3,40.5,56,0,14,42,-28,TB,1,Home,14,42,-28,3,0
2015-09-20,2015,2,New Orleans Saints,NO,19,Tampa Bay Buccaneers,TB,26,NO,-9,47,45,0,19,26,-7,TB,0,Away,26,19,7,-9,1
2015-09-27,2015,3,Houston Texans,HOU,19,Tampa Bay Buccaneers,TB,9,HOU,-6,41,28,0,19,9,10,TB,0,Away,9,19,-10,-6,0
2015-10-04,2015,4,Tampa Bay Buccaneers,TB,23,Carolina Panthers,CAR,37,CAR,-3,40.5,60,0,37,23,14,TB,0,Home,23,37,-14,-3,0
2015-10-11,2015,5,Tampa Bay Buccaneers,TB,38,Jacksonville Jaguars,JAX,31,TB,-1,41.5,69,0,38,31,7,TB,1,Home,38,31,7,1,1
2015-10-25,2015,7,Washington Redskins,WAS,31,Tampa Bay Buccaneers,TB,30,WAS,-3,41.5,61,0,31,30,1,TB,0,Away,30,31,-1,-3,1
2015-11-01,2015,8,Atlanta Falcons,ATL,20,Tampa Bay Buccaneers,TB,23,ATL,-8,47.5,43,0,20,23,-3,TB,0,Away,23,20,3,-8,1
2015-11-08,2015,9,Tampa Bay Buccaneers,TB,18,New York Giants,NYG,32,NYG,-2,49,50,0,32,18,14,TB,0,Home,18,32,-14,-2,0
2015-11-15,2015,10,Tampa Bay Buccaneers,TB,10,Dallas Cowboys,DAL,6,DAL,-1,43.5,16,0,6,10,-4,TB,0,Home,10,6,4,-1,1
2015-11-22,2015,11,Philadelphia Eagles,PHI,17,Tampa Bay Buccaneers,TB,45,PHI,-6.5,45.5,62,0,17,45,-28,TB,0,Away,45,17,28,-6.5,1
2015-11-29,2015,12,Indianapolis Colts,IND,25,Tampa Bay Buccaneers,TB,12,IND,-3,46.5,37,0,25,12,13,TB,0,Away,12,25,-13,-3,0
2015-12-06,2015,13,Tampa Bay Buccaneers,TB,23,Atlanta Falcons,ATL,19,PICK,0,46.5,42,0,19,23,-4,TB,0,Home,23,19,4,0,1
2015-12-13,2015,14,Tampa Bay Buccaneers,TB,17,New Orleans Saints,NO,24,TB,-6,51.5,41,0,17,24,-7,TB,1,Home,17,24,-7,6,0
2015-12-17,2015,15,St. Louis Rams,LAR,31,Tampa Bay Buccaneers,TB,23,LAR,-1,41,54,0,31,23,8,TB,0,Away,23,31,-8,-1,0
2015-12-27,2015,16,Tampa Bay Buccaneers,TB,21,Chicago Bears,CHI,26,TB,-3,44,47,0,21,26,-5,TB,1,Home,21,26,-5,3,0
2016-01-03,2015,17,Carolina Panthers,CAR,38,Tampa Bay Buccaneers,TB,10,CAR,-10,45,48,0,38,10,28,TB,0,Away,10,38,-28,-10,0
2016-09-11,2016,1,Atlanta Falcons,ATL,24,Tampa Bay Buccaneers,TB,31,ATL,-2.5,47,55,0,24,31,-7,TB,0,Away,31,24,7,-2.5,1
2016-09-18,2016,2,Arizona Cardinals,ARI,40,Tampa Bay Buccaneers,TB,7,ARI,-7,49.5,47,0,40,7,33,TB,0,Away,7,40,-33,-7,0
2016-09-25,2016,3,Tampa Bay Buccaneers,TB,32,Los Angeles Rams,LAR,37,TB,-3.5,40.5,69,0,32,37,-5,TB,1,Home,32,37,-5,3.5,0
2016-10-02,2016,4,Tampa Bay Buccaneers,TB,7,Denver Broncos,DEN,27,DEN,-3,42.5,34,0,27,7,20,TB,0,Home,7,27,-20,-3,0
2016-10-10,2016,5,Carolina Panthers,CAR,14,Tampa Bay Buccaneers,TB,17,CAR,-6,46.5,31,0,14,17,-3,TB,0,Away,17,14,3,-6,1
2016-10-23,2016,7,San Francisco 49ers,SF,17,Tampa Bay Buccaneers,TB,34,SF,-1,45,51,0,17,34,-17,TB,0,Away,34,17,17,-1,1
2016-10-30,2016,8,Tampa Bay Buccaneers,TB,24,Oakland Raiders,OAK,30,TB,-1,48,54,0,24,30,-6,TB,1,Home,24,30,-6,1,0
2016-11-03,2016,9,Tampa Bay Buccaneers,TB,28,Atlanta Falcons,ATL,43,ATL,-4.5,49,71,0,43,28,15,TB,0,Home,28,43,-15,-4.5,0
2016-11-13,2016,10,Tampa Bay Buccaneers,TB,36,Chicago Bears,CHI,10,CHI,-2.5,45,46,0,10,36,-26,TB,0,Home,36,10,26,-2.5,1
2016-11-20,2016,11,Kansas City Chiefs,KC,17,Tampa Bay Buccaneers,TB,19,KC,-7,45,36,0,17,19,-2,TB,0,Away,19,17,2,-7,1
2016-11-27,2016,12,Tampa Bay Buccaneers,TB,14,Seattle Seahawks,SEA,5,SEA,-5.5,46,19,0,5,14,-9,TB,0,Home,14,5,9,-5.5,1
2016-12-04,2016,13,San Diego Chargers,LAC,21,Tampa Bay Buccaneers,TB,28,LAC,-3.5,49,49,0,21,28,-7,TB,0,Away,28,21,7,-3.5,1
2016-12-11,2016,14,Tampa Bay Buccaneers,TB,16,New Orleans Saints,NO,11,TB,-2,52,27,0,16,11,5,TB,1,Home,16,11,5,2,1
2016-12-18,2016,15,Dallas Cowboys,DAL,26,Tampa Bay Buccaneers,TB,20,DAL,-7,47.5,46,0,26,20,6,TB,0,Away,20,26,-6,-7,1
2016-12-24,2016,16,New Orleans Saints,NO,31,Tampa Bay Buccaneers,TB,24,NO,-3,53,55,0,31,24,7,TB,0,Away,24,31,-7,-3,0
2017-01-01,2016,17,Tampa Bay Buccaneers,TB,17,Carolina Panthers,CAR,16,TB,-3,44.5,33,0,17,16,1,TB,1,Home,17,16,1,3,0
2017-09-17,2017,2,Tampa Bay Buccaneers,TB,29,Chicago Bears,CHI,7,TB,-7,43,36,0,29,7,22,TB,1,Home,29,7,22,7,1
2017-09-24,2017,3,Minnesota Vikings,MIN,34,Tampa Bay Buccaneers,TB,17,TB,-1.5,41,51,0,17,34,-17,TB,1,Away,17,34,-17,1.5,0
2017-10-01,2017,4,Tampa Bay Buccaneers,TB,25,New York Giants,NYG,23,TB,-3,44.5,48,0,25,23,2,TB,1,Home,25,23,2,3,0
2017-10-05,2017,5,Tampa Bay Buccaneers,TB,14,New England Patriots,NE,19,NE,-5,55.5,33,0,19,14,5,TB,0,Home,14,19,-5,-5,0
2017-10-15,2017,6,Arizona Cardinals,ARI,38,Tampa Bay Buccaneers,TB,33,TB,-1.5,46,71,0,33,38,-5,TB,1,Away,33,38,-5,1.5,0
2017-10-22,2017,7,Buffalo Bills,BUF,30,Tampa Bay Buccaneers,TB,27,BUF,-3,45.5,57,0,30,27,3,TB,0,Away,27,30,-3,-3,0
2017-10-29,2017,8,Tampa Bay Buccaneers,TB,3,Carolina Panthers,CAR,17,TB,-2,46,20,0,3,17,-14,TB,1,Home,3,17,-14,2,0
2017-11-05,2017,9,New Orleans Saints,NO,30,Tampa Bay Buccaneers,TB,10,NO,-7,54,40,0,30,10,20,TB,0,Away,10,30,-20,-7,0
2017-11-12,2017,10,Tampa Bay Buccaneers,TB,15,New York Jets,NYJ,10,TB,-1,44.5,25,0,15,10,5,TB,1,Home,15,10,5,1,1
2017-11-19,2017,11,Miami Dolphins,MIA,20,Tampa Bay Buccaneers,TB,30,TB,-1,42,50,0,30,20,10,TB,1,Away,30,20,10,1,1
2017-11-26,2017,12,Atlanta Falcons,ATL,34,Tampa Bay Buccaneers,TB,20,ATL,-10,48.5,54,0,34,20,14,TB,0,Away,20,34,-14,-10,0
2017-12-03,2017,13,Green Bay Packers,GB,26,Tampa Bay Buccaneers,TB,20,GB,-2,45,46,0,26,20,6,TB,0,Away,20,26,-6,-2,0
2017-12-10,2017,14,Tampa Bay Buccaneers,TB,21,Detroit Lions,DET,24,PICK,0,47.5,45,0,24,21,3,TB,0,Home,21,24,-3,0,0
2017-12-18,2017,15,Tampa Bay Buccaneers,TB,21,Atlanta Falcons,ATL,24,ATL,-7,49.5,45,0,24,21,3,TB,0,Home,21,24,-3,-7,1
2017-12-24,2017,16,Carolina Panthers,CAR,22,Tampa Bay Buccaneers,TB,19,CAR,-10,46.5,41,0,22,19,3,TB,0,Away,19,22,-3,-10,1
2017-12-31,2017,17,Tampa Bay Buccaneers,TB,31,New Orleans Saints,NO,24,NO,-6,49,55,0,24,31,-7,TB,0,Home,31,24,7,-6,1
2018-09-09,2018,1,New Orleans Saints,NO,40,Tampa Bay Buccaneers,TB,48,NO,-10,50,88,0,40,48,-8,TB,0,Away,48,40,8,-10,1
2018-09-16,2018,2,Tampa Bay Buccaneers,TB,27,Philadelphia Eagles,PHI,21,PHI,-3,46.5,48,0,21,27,-6,TB,0,Home,27,21,6,-3,1
2018-09-24,2018,3,Tampa Bay Buccaneers,TB,27,Pittsburgh Steelers,PIT,30,PIT,-1,55,57,0,30,27,3,TB,0,Home,27,30,-3,-1,0
2018-09-30,2018,4,Chicago Bears,CHI,48,Tampa Bay Buccaneers,TB,10,CHI,-3,46,58,0,48,10,38,TB,0,Away,10,48,-38,-3,0
2018-10-14,2018,6,Atlanta Falcons,ATL,34,Tampa Bay Buccaneers,TB,29,ATL,-3,57,63,0,34,29,5,TB,0,Away,29,34,-5,-3,0
2018-10-21,2018,7,Tampa Bay Buccaneers,TB,26,Cleveland Browns,CLE,23,TB,-3.5,52.5,49,0,26,23,3,TB,1,Home,26,23,3,3.5,0
2018-10-28,2018,8,Cincinnati Bengals,CIN,37,Tampa Bay Buccaneers,TB,34,CIN,-3.5,55,71,0,37,34,3,TB,0,Away,34,37,-3,-3.5,1
2018-11-04,2018,9,Carolina Panthers,CAR,42,Tampa Bay Buccaneers,TB,28,CAR,-6,55.5,70,0,42,28,14,TB,0,Away,28,42,-14,-6,0
2018-11-11,2018,10,Tampa Bay Buccaneers,TB,3,Washington Redskins,WAS,16,TB,-3.5,51,19,0,3,16,-13,TB,1,Home,3,16,-13,3.5,0
2018-11-18,2018,11,New York Giants,NYG,38,Tampa Bay Buccaneers,TB,35,NYG,-3,53.5,73,0,38,35,3,TB,0,Away,35,38,-3,-3,0
2018-11-25,2018,12,Tampa Bay Buccaneers,TB,27,San Francisco 49ers,SF,9,TB,-1.5,54.5,36,0,27,9,18,TB,1,Home,27,9,18,1.5,1
2018-12-02,2018,13,Tampa Bay Buccaneers,TB,24,Carolina Panthers,CAR,17,CAR,-3.5,52,41,0,17,24,-7,TB,0,Home,24,17,7,-3.5,1
2018-12-09,2018,14,Tampa Bay Buccaneers,TB,14,New Orleans Saints,NO,28,NO,-10,54,42,0,28,14,14,TB,0,Home,14,28,-14,-10,0
2018-12-16,2018,15,Baltimore Ravens,BAL,20,Tampa Bay Buccaneers,TB,12,BAL,-8.5,45,32,0,20,12,8,TB,0,Away,12,20,-8,-8.5,1
2018-12-23,2018,16,Dallas Cowboys,DAL,27,Tampa Bay Buccaneers,TB,20,DAL,-7.5,48,47,0,27,20,7,TB,0,Away,20,27,-7,-7.5,1
2018-12-30,2018,17,Tampa Bay Buccaneers,TB,32,Atlanta Falcons,ATL,34,ATL,-2.5,51.5,66,0,34,32,2,TB,0,Home,32,34,-2,-2.5,1
2019-09-08,2019,1,Tampa Bay Buccaneers,TB,17,San Francisco 49ers,SF,31,TB,-1,51,48,0,17,31,-14,TB,1,Home,17,31,-14,1,0
2019-09-12,2019,2,Carolina Panthers,CAR,14,Tampa Bay Buccaneers,TB,20,CAR,-6.5,48,34,0,14,20,-6,TB,0,Away,20,14,6,-6.5,1
2019-09-22,2019,3,Tampa Bay Buccaneers,TB,31,New York Giants,NYG,32,TB,-5,48,63,0,31,32,-1,TB,1,Home,31,32,-1,5,0
2019-09-29,2019,4,Los Angeles Rams,LAR,40,Tampa Bay Buccaneers,TB,55,LAR,-9,48.5,95,0,40,55,-15,TB,0,Away,55,40,15,-9,1
2019-10-06,2019,5,New Orleans Saints,NO,31,Tampa Bay Buccaneers,TB,24,NO,-3,46.5,55,0,31,24,7,TB,0,Away,24,31,-7,-3,0
2019-10-27,2019,8,Tennessee Titans,TEN,27,Tampa Bay Buccaneers,TB,23,TEN,-2,45.5,50,0,27,23,4,TB,0,Away,23,27,-4,-2,0
2019-11-03,2019,9,Seattle Seahawks,SEA,40,Tampa Bay Buccaneers,TB,34,SEA,-4,51,74,0,40,34,6,TB,0,Away,34,40,-6,-4,0
2019-11-10,2019,10,Tampa Bay Buccaneers,TB,30,Arizona Cardinals,ARI,27,TB,-5.5,51.5,57,0,30,27,3,TB,1,Home,30,27,3,5.5,0
2019-11-17,2019,11,Tampa Bay Buccaneers,TB,17,New Orleans Saints,NO,34,NO,-5,50.5,51,0,34,17,17,TB,0,Home,17,34,-17,-5,0
2019-11-24,2019,12,Atlanta Falcons,ATL,22,Tampa Bay Buccaneers,TB,35,ATL,-3.5,51.5,57,0,22,35,-13,TB,0,Away,35,22,13,-3.5,1
2019-12-01,2019,13,Jacksonville Jaguars,JAX,11,Tampa Bay Buccaneers,TB,28,TB,-3,46.5,39,0,28,11,17,TB,1,Away,28,11,17,3,1
2019-12-08,2019,14,Tampa Bay Buccaneers,TB,38,Indianapolis Colts,IND,35,TB,-3,46.5,73,0,38,35,3,TB,1,Home,38,35,3,3,0
2019-12-15,2019,15,Detroit Lions,DET,17,Tampa Bay Buccaneers,TB,38,TB,-6,46,55,0,38,17,21,TB,1,Away,38,17,21,6,1
2019-12-21,2019,16,Tampa Bay Buccaneers,TB,20,Houston Texans,HOU,23,HOU,-3,50.5,43,0,23,20,3,TB,0,Home,20,23,-3,-3,0
2019-12-29,2019,17,Tampa Bay Buccaneers,TB,22,Atlanta Falcons,ATL,28,TB,-1,48.5,50,0,22,28,-6,TB,1,Home,22,28,-6,1,0
2000-09-03,2000,1,Buffalo Bills,BUF,16,Tennessee Titans,TEN,13,BUF,-1,40,29,0,16,13,3,TEN,0,Away,13,16,-3,-1,0
2000-09-10,2000,2,Tennessee Titans,TEN,17,Kansas City Chiefs,KC,14,TEN,-8.5,38.5,31,0,17,14,3,TEN,1,Home,17,14,3,8.5,0
2000-09-24,2000,4,Pittsburgh Steelers,PIT,20,Tennessee Titans,TEN,23,TEN,-7,36,43,0,23,20,3,TEN,1,Away,23,20,3,7,0
2000-10-01,2000,5,Tennessee Titans,TEN,28,New York Giants,NYG,14,TEN,-5,38,42,0,28,14,14,TEN,1,Home,28,14,14,5,1
2000-10-08,2000,6,Cincinnati Bengals,CIN,14,Tennessee Titans,TEN,23,TEN,-10,38,37,0,23,14,9,TEN,1,Away,23,14,9,10,0
2000-10-16,2000,7,Tennessee Titans,TEN,27,Jacksonville Jaguars,JAX,13,TEN,-6,38,40,0,27,13,14,TEN,1,Home,27,13,14,6,1
2000-10-22,2000,8,Baltimore Ravens,BAL,6,Tennessee Titans,TEN,14,BAL,-1,35,20,0,6,14,-8,TEN,0,Away,14,6,8,-1,1
2000-10-30,2000,9,Washington Redskins,WAS,21,Tennessee Titans,TEN,27,WAS,-4,37.5,48,0,21,27,-6,TEN,0,Away,27,21,6,-4,1
2000-11-05,2000,10,Tennessee Titans,TEN,9,Pittsburgh Steelers,PIT,7,TEN,-8,36.5,16,0,9,7,2,TEN,1,Home,9,7,2,8,0
2000-11-12,2000,11,Tennessee Titans,TEN,23,Baltimore Ravens,BAL,24,TEN,-4,33,47,0,23,24,-1,TEN,1,Home,23,24,-1,4,0
2000-11-19,2000,12,Tennessee Titans,TEN,24,Cleveland Browns,CLE,10,TEN,-16,35.5,34,0,24,10,14,TEN,1,Home,24,10,14,16,0
2000-11-26,2000,13,Jacksonville Jaguars,JAX,16,Tennessee Titans,TEN,13,TEN,-3,41.5,29,0,13,16,-3,TEN,1,Away,13,16,-3,3,0
2000-12-03,2000,14,Philadelphia Eagles,PHI,13,Tennessee Titans,TEN,15,TEN,-3,36.5,28,0,15,13,2,TEN,1,Away,15,13,2,3,0
2000-12-10,2000,15,Tennessee Titans,TEN,35,Cincinnati Bengals,CIN,3,TEN,-13,36,38,0,35,3,32,TEN,1,Home,35,3,32,13,1
2000-12-17,2000,16,Cleveland Browns,CLE,0,Tennessee Titans,TEN,24,TEN,-16,37,24,0,24,0,24,TEN,1,Away,24,0,24,16,1
2000-12-25,2000,17,Tennessee Titans,TEN,31,Dallas Cowboys,DAL,0,TEN,-13.5,37.5,31,0,31,0,31,TEN,1,Home,31,0,31,13.5,1
2001-09-09,2001,1,Tennessee Titans,TEN,23,Miami Dolphins,MIA,31,TEN,-6.5,34,54,0,23,31,-8,TEN,1,Home,23,31,-8,6.5,0
2001-09-23,2001,2,Jacksonville Jaguars,JAX,13,Tennessee Titans,TEN,6,JAX,-2,36,19,0,13,6,7,TEN,0,Away,6,13,-7,-2,0
2001-10-07,2001,4,Baltimore Ravens,BAL,26,Tennessee Titans,TEN,7,BAL,-3.5,33.5,33,0,26,7,19,TEN,0,Away,7,26,-19,-3.5,0
2001-10-14,2001,5,Tennessee Titans,TEN,31,Tampa Bay Buccaneers,TB,28,TEN,-3,33,59,0,31,28,3,TEN,1,Home,31,28,3,3,0
2001-10-21,2001,6,Detroit Lions,DET,24,Tennessee Titans,TEN,27,TEN,-5.5,38.5,51,0,27,24,3,TEN,1,Away,27,24,3,5.5,0
2001-10-29,2001,7,Pittsburgh Steelers,PIT,34,Tennessee Titans,TEN,7,PIT,-3,36,41,0,34,7,27,TEN,0,Away,7,34,-27,-3,0
2001-11-04,2001,8,Tennessee Titans,TEN,28,Jacksonville Jaguars,JAX,24,TEN,-3,37.5,52,0,28,24,4,TEN,1,Home,28,24,4,3,1
2001-11-12,2001,9,Tennessee Titans,TEN,10,Baltimore Ravens,BAL,16,BAL,-1.5,35,26,0,16,10,6,TEN,0,Home,10,16,-6,-1.5,0
2001-11-18,2001,10,Cincinnati Bengals,CIN,7,Tennessee Titans,TEN,20,CIN,-1.5,39.5,27,0,7,20,-13,TEN,0,Away,20,7,13,-1.5,1
2001-11-25,2001,11,Tennessee Titans,TEN,24,Pittsburgh Steelers,PIT,34,TEN,-2,34.5,58,0,24,34,-10,TEN,1,Home,24,34,-10,2,0
2001-12-02,2001,12,Cleveland Browns,CLE,15,Tennessee Titans,TEN,31,CLE,-1.5,35.5,46,0,15,31,-16,TEN,0,Away,31,15,16,-1.5,1
2001-12-09,2001,13,Minnesota Vikings,MIN,42,Tennessee Titans,TEN,24,TEN,-2.5,42.5,66,0,24,42,-18,TEN,1,Away,24,42,-18,2.5,0
2001-12-16,2001,14,Tennessee Titans,TEN,26,Green Bay Packers,GB,20,GB,-2.5,42.5,46,0,20,26,-6,TEN,0,Home,26,20,6,-2.5,1
2001-12-22,2001,15,Oakland Raiders,OAK,10,Tennessee Titans,TEN,13,OAK,-6,45.5,23,0,10,13,-3,TEN,0,Away,13,10,3,-6,1
2001-12-30,2001,16,Tennessee Titans,TEN,38,Cleveland Browns,CLE,41,TEN,-5,37.5,79,0,38,41,-3,TEN,1,Home,38,41,-3,5,0
2002-01-06,2001,17,Tennessee Titans,TEN,21,Cincinnati Bengals,CIN,23,TEN,-5.5,37.5,44,0,21,23,-2,TEN,1,Home,21,23,-2,5.5,0
2002-09-08,2002,1,Tennessee Titans,TEN,27,Philadelphia Eagles,PHI,24,TEN,-2,37,51,0,27,24,3,TEN,1,Home,27,24,3,2,1
2002-09-15,2002,2,Dallas Cowboys,DAL,21,Tennessee Titans,TEN,13,TEN,-3.5,37.5,34,0,13,21,-8,TEN,1,Away,13,21,-8,3.5,0
2002-09-22,2002,3,Tennessee Titans,TEN,28,Cleveland Browns,CLE,31,TEN,-4.5,40.5,59,0,28,31,-3,TEN,1,Home,28,31,-3,4.5,0
2002-09-29,2002,4,Oakland Raiders,OAK,52,Tennessee Titans,TEN,25,OAK,-6.5,45,77,0,52,25,27,TEN,0,Away,25,52,-27,-6.5,0
2002-10-06,2002,5,Tennessee Titans,TEN,14,Washington Redskins,WAS,31,TEN,-3.5,43.5,45,0,14,31,-17,TEN,1,Home,14,31,-17,3.5,0
2002-10-13,2002,6,Tennessee Titans,TEN,23,Jacksonville Jaguars,JAX,14,JAX,-1.5,44,37,0,14,23,-9,TEN,0,Home,23,14,9,-1.5,1
2002-10-27,2002,8,Cincinnati Bengals,CIN,24,Tennessee Titans,TEN,30,TEN,-4.5,42,54,0,30,24,6,TEN,1,Away,30,24,6,4.5,1
2002-11-03,2002,9,Indianapolis Colts,IND,15,Tennessee Titans,TEN,23,IND,-3,47,38,0,15,23,-8,TEN,0,Away,23,15,8,-3,1
2002-11-10,2002,10,Tennessee Titans,TEN,17,Houston Texans,HOU,10,TEN,-9,39.5,27,0,17,10,7,TEN,1,Home,17,10,7,9,0
2002-11-17,2002,11,Tennessee Titans,TEN,31,Pittsburgh Steelers,PIT,23,PIT,-3,44,54,0,23,31,-8,TEN,0,Home,31,23,8,-3,1
2002-11-24,2002,12,Baltimore Ravens,BAL,13,Tennessee Titans,TEN,12,TEN,-2.5,38.5,25,0,12,13,-1,TEN,1,Away,12,13,-1,2.5,0
2002-12-01,2002,13,New York Giants,NYG,29,Tennessee Titans,TEN,32,NYG,-3,34,61,0,29,32,-3,TEN,0,Away,32,29,3,-3,1
2002-12-08,2002,14,Tennessee Titans,TEN,27,Indianapolis Colts,IND,17,IND,-1,43,44,0,17,27,-10,TEN,0,Home,27,17,10,-1,1
2002-12-16,2002,15,Tennessee Titans,TEN,24,New England Patriots,NE,7,TEN,-2.5,43.5,31,0,24,7,17,TEN,1,Home,24,7,17,2.5,1
2002-12-22,2002,16,Jacksonville Jaguars,JAX,10,Tennessee Titans,TEN,28,TEN,-3,41.5,38,0,28,10,18,TEN,1,Away,28,10,18,3,1
2002-12-29,2002,17,Houston Texans,HOU,3,Tennessee Titans,TEN,13,TEN,-9.5,35.5,16,0,13,3,10,TEN,1,Away,13,3,10,9.5,1
2003-09-07,2003,1,Tennessee Titans,TEN,25,Oakland Raiders,OAK,20,TEN,-3.5,46,45,0,25,20,5,TEN,1,Home,25,20,5,3.5,1
2003-09-14,2003,2,Indianapolis Colts,IND,33,Tennessee Titans,TEN,7,IND,-2.5,44,40,0,33,7,26,TEN,0,Away,7,33,-26,-2.5,0
2003-09-21,2003,3,Tennessee Titans,TEN,27,New Orleans Saints,NO,12,TEN,-4.5,43.5,39,0,27,12,15,TEN,1,Home,27,12,15,4.5,1
2003-09-28,2003,4,Pittsburgh Steelers,PIT,13,Tennessee Titans,TEN,30,PIT,-3.5,44,43,0,13,30,-17,TEN,0,Away,30,13,17,-3.5,1
2003-10-05,2003,5,New England Patriots,NE,38,Tennessee Titans,TEN,30,NE,-1,40.5,68,0,38,30,8,TEN,0,Away,30,38,-8,-1,0
2003-10-12,2003,6,Tennessee Titans,TEN,38,Houston Texans,HOU,17,TEN,-8.5,39.5,55,0,38,17,21,TEN,1,Home,38,17,21,8.5,1
2003-10-19,2003,7,Carolina Panthers,CAR,17,Tennessee Titans,TEN,37,PICK,0,37.5,54,0,37,17,20,TEN,0,Away,37,17,20,0,1
2003-10-26,2003,8,Jacksonville Jaguars,JAX,17,Tennessee Titans,TEN,30,TEN,-4.5,43.5,47,0,30,17,13,TEN,1,Away,30,17,13,4.5,1
2003-11-09,2003,10,Tennessee Titans,TEN,31,Miami Dolphins,MIA,7,TEN,-5.5,39.5,38,0,31,7,24,TEN,1,Home,31,7,24,5.5,1
2003-11-16,2003,11,Tennessee Titans,TEN,10,Jacksonville Jaguars,JAX,3,TEN,-9,44.5,13,0,10,3,7,TEN,1,Home,10,3,7,9,0
2003-11-23,2003,12,Atlanta Falcons,ATL,31,Tennessee Titans,TEN,38,TEN,-6.5,44,69,0,38,31,7,TEN,1,Away,38,31,7,6.5,1
2003-12-01,2003,13,New York Jets,NYJ,24,Tennessee Titans,TEN,17,TEN,-3,42,41,0,17,24,-7,TEN,1,Away,17,24,-7,3,0
2003-12-07,2003,14,Tennessee Titans,TEN,27,Indianapolis Colts,IND,29,TEN,-3.5,46.5,56,0,27,29,-2,TEN,1,Home,27,29,-2,3.5,0
2003-12-14,2003,15,Tennessee Titans,TEN,28,Buffalo Bills,BUF,26,TEN,-5,37,54,0,28,26,2,TEN,1,Home,28,26,2,5,0
2003-12-21,2003,16,Houston Texans,HOU,24,Tennessee Titans,TEN,27,TEN,-5.5,39,51,0,27,24,3,TEN,1,Away,27,24,3,5.5,0
2003-12-28,2003,17,Tennessee Titans,TEN,33,Tampa Bay Buccaneers,TB,13,TEN,-4,39,46,0,33,13,20,TEN,1,Home,33,13,20,4,1
2004-09-11,2004,1,Miami Dolphins,MIA,7,Tennessee Titans,TEN,17,TEN,-3,38,24,0,17,7,10,TEN,1,Away,17,7,10,3,1
2004-09-19,2004,2,Tennessee Titans,TEN,17,Indianapolis Colts,IND,31,IND,-1.5,47,48,0,31,17,14,TEN,0,Home,17,31,-14,-1.5,0
2004-09-26,2004,3,Tennessee Titans,TEN,12,Jacksonville Jaguars,JAX,15,TEN,-6,34.5,27,0,12,15,-3,TEN,1,Home,12,15,-3,6,0
2004-10-03,2004,4,San Diego Chargers,LAC,38,Tennessee Titans,TEN,17,TEN,-3,41,55,0,17,38,-21,TEN,1,Away,17,38,-21,3,0
2004-10-11,2004,5,Green Bay Packers,GB,27,Tennessee Titans,TEN,48,GB,-3,44,75,0,27,48,-21,TEN,0,Away,48,27,21,-3,1
2004-10-17,2004,6,Tennessee Titans,TEN,10,Houston Texans,HOU,20,TEN,-5.5,46,30,0,10,20,-10,TEN,1,Home,10,20,-10,5.5,0
2004-10-24,2004,7,Minnesota Vikings,MIN,20,Tennessee Titans,TEN,3,MIN,-6,53,23,0,20,3,17,TEN,0,Away,3,20,-17,-6,0
2004-10-31,2004,8,Tennessee Titans,TEN,27,Cincinnati Bengals,CIN,20,TEN,-3,39.5,47,0,27,20,7,TEN,1,Home,27,20,7,3,1
2004-11-14,2004,10,Tennessee Titans,TEN,17,Chicago Bears,CHI,19,TEN,-5.5,34,36,0,17,19,-2,TEN,1,Home,17,19,-2,5.5,0
2004-11-21,2004,11,Jacksonville Jaguars,JAX,15,Tennessee Titans,TEN,18,JAX,-3,36,33,0,15,18,-3,TEN,0,Away,18,15,3,-3,1
2004-11-28,2004,12,Houston Texans,HOU,31,Tennessee Titans,TEN,21,HOU,-2,43,52,0,31,21,10,TEN,0,Away,21,31,-10,-2,0
2004-12-05,2004,13,Indianapolis Colts,IND,51,Tennessee Titans,TEN,24,IND,-12,54,75,0,51,24,27,TEN,0,Away,24,51,-27,-12,0
2004-12-13,2004,14,Tennessee Titans,TEN,38,Kansas City Chiefs,KC,49,KC,-2.5,53,87,0,49,38,11,TEN,0,Home,38,49,-11,-2.5,0
2004-12-19,2004,15,Oakland Raiders,OAK,40,Tennessee Titans,TEN,35,OAK,-3.5,49.5,75,0,40,35,5,TEN,0,Away,35,40,-5,-3.5,0
2004-12-25,2004,16,Tennessee Titans,TEN,16,Denver Broncos,DEN,37,DEN,-4,50.5,53,0,37,16,21,TEN,0,Home,16,37,-21,-4,0
2005-01-02,2004,17,Tennessee Titans,TEN,24,Detroit Lions,DET,19,DET,-2.5,45.5,43,0,19,24,-5,TEN,0,Home,24,19,5,-2.5,1
2005-09-11,2005,1,Pittsburgh Steelers,PIT,34,Tennessee Titans,TEN,7,PIT,-7,40.5,41,0,34,7,27,TEN,0,Away,7,34,-27,-7,0
2005-09-18,2005,2,Tennessee Titans,TEN,25,Baltimore Ravens,BAL,10,BAL,-3.5,36,35,0,10,25,-15,TEN,0,Home,25,10,15,-3.5,1
2005-09-25,2005,3,St. Louis Rams,LAR,31,Tennessee Titans,TEN,27,LAR,-6.5,46,58,0,31,27,4,TEN,0,Away,27,31,-4,-6.5,1
2005-10-02,2005,4,Tennessee Titans,TEN,10,Indianapolis Colts,IND,31,IND,-7,45,41,0,31,10,21,TEN,0,Home,10,31,-21,-7,0
2005-10-09,2005,5,Houston Texans,HOU,20,Tennessee Titans,TEN,34,HOU,-1.5,40.5,54,0,20,34,-14,TEN,0,Away,34,20,14,-1.5,1
2005-10-16,2005,6,Tennessee Titans,TEN,23,Cincinnati Bengals,CIN,31,CIN,-3,44.5,54,0,31,23,8,TEN,0,Home,23,31,-8,-3,0
2005-10-23,2005,7,Arizona Cardinals,ARI,20,Tennessee Titans,TEN,10,ARI,-3,45,30,0,20,10,10,TEN,0,Away,10,20,-10,-3,0
2005-10-30,2005,8,Tennessee Titans,TEN,25,Oakland Raiders,OAK,34,OAK,-2,46,59,0,34,25,9,TEN,0,Home,25,34,-9,-2,0
2005-11-06,2005,9,Cleveland Browns,CLE,20,Tennessee Titans,TEN,14,CLE,-3,39,34,0,20,14,6,TEN,0,Away,14,20,-6,-3,0
2005-11-20,2005,11,Tennessee Titans,TEN,28,Jacksonville Jaguars,JAX,31,JAX,-4,38,59,0,31,28,3,TEN,0,Home,28,31,-3,-4,1
2005-11-27,2005,12,Tennessee Titans,TEN,33,San Francisco 49ers,SF,22,TEN,-7,42.5,55,0,33,22,11,TEN,1,Home,33,22,11,7,1
2005-12-04,2005,13,Indianapolis Colts,IND,35,Tennessee Titans,TEN,3,IND,-14,47.5,38,0,35,3,32,TEN,0,Away,3,35,-32,-14,0
2005-12-11,2005,14,Tennessee Titans,TEN,13,Houston Texans,HOU,10,TEN,-6.5,44,23,0,13,10,3,TEN,1,Home,13,10,3,6.5,0
2005-12-18,2005,15,Tennessee Titans,TEN,24,Seattle Seahawks,SEA,28,SEA,-7.5,45,52,0,28,24,4,TEN,0,Home,24,28,-4,-7.5,1
2005-12-24,2005,16,Miami Dolphins,MIA,24,Tennessee Titans,TEN,10,MIA,-5.5,43,34,0,24,10,14,TEN,0,Away,10,24,-14,-5.5,0
2006-01-01,2005,17,Jacksonville Jaguars,JAX,40,Tennessee Titans,TEN,13,JAX,-4,38,53,0,40,13,27,TEN,0,Away,13,40,-27,-4,0
2006-09-10,2006,1,Tennessee Titans,TEN,16,New York Jets,NYJ,23,TEN,-2.5,35,39,0,16,23,-7,TEN,1,Home,16,23,-7,2.5,0
2006-09-17,2006,2,San Diego Chargers,LAC,40,Tennessee Titans,TEN,7,LAC,-12,38.5,47,0,40,7,33,TEN,0,Away,7,40,-33,-12,0
2006-09-24,2006,3,Miami Dolphins,MIA,13,Tennessee Titans,TEN,10,MIA,-10.5,36,23,0,13,10,3,TEN,0,Away,10,13,-3,-10.5,1
2006-10-01,2006,4,Tennessee Titans,TEN,14,Dallas Cowboys,DAL,45,DAL,-9.5,37,59,0,45,14,31,TEN,0,Home,14,45,-31,-9.5,0
2006-10-08,2006,5,Indianapolis Colts,IND,14,Tennessee Titans,TEN,13,IND,-18,47.5,27,0,14,13,1,TEN,0,Away,13,14,-1,-18,1
2006-10-15,2006,6,Washington Redskins,WAS,22,Tennessee Titans,TEN,25,WAS,-12,39.5,47,0,22,25,-3,TEN,0,Away,25,22,3,-12,1
2006-10-29,2006,8,Tennessee Titans,TEN,28,Houston Texans,HOU,22,TEN,-3,42,50,0,28,22,6,TEN,1,Home,28,22,6,3,1
2006-11-05,2006,9,Jacksonville Jaguars,JAX,37,Tennessee Titans,TEN,7,JAX,-9.5,37,44,0,37,7,30,TEN,0,Away,7,37,-30,-9.5,0
2006-11-12,2006,10,Tennessee Titans,TEN,26,Baltimore Ravens,BAL,27,BAL,-7.5,38,53,0,27,26,1,TEN,0,Home,26,27,-1,-7.5,1
2006-11-19,2006,11,Philadelphia Eagles,PHI,13,Tennessee Titans,TEN,31,PHI,-13,43.5,44,0,13,31,-18,TEN,0,Away,31,13,18,-13,1
2006-11-26,2006,12,Tennessee Titans,TEN,24,New York Giants,NYG,21,NYG,-3.5,45,45,0,21,24,-3,TEN,0,Home,24,21,3,-3.5,1
2006-12-03,2006,13,Tennessee Titans,TEN,20,Indianapolis Colts,IND,17,IND,-7.5,46.5,37,0,17,20,-3,TEN,0,Home,20,17,3,-7.5,1
2006-12-10,2006,14,Houston Texans,HOU,20,Tennessee Titans,TEN,26,HOU,-1.5,42,46,0,20,26,-6,TEN,0,Away,26,20,6,-1.5,1
2006-12-17,2006,15,Tennessee Titans,TEN,24,Jacksonville Jaguars,JAX,17,JAX,-3.5,41,41,0,17,24,-7,TEN,0,Home,24,17,7,-3.5,1
2006-12-24,2006,16,Buffalo Bills,BUF,29,Tennessee Titans,TEN,30,BUF,-5.5,38,59,0,29,30,-1,TEN,0,Away,30,29,1,-5.5,1
2006-12-31,2006,17,Tennessee Titans,TEN,23,New England Patriots,NE,40,TEN,-3,41.5,63,0,23,40,-17,TEN,1,Home,23,40,-17,3,0
2007-09-09,2007,1,Jacksonville Jaguars,JAX,10,Tennessee Titans,TEN,13,JAX,-7,38,23,0,10,13,-3,TEN,0,Away,13,10,3,-7,1
2007-09-16,2007,2,Tennessee Titans,TEN,20,Indianapolis Colts,IND,22,IND,-7,46,42,0,22,20,2,TEN,0,Home,20,22,-2,-7,1
2007-09-24,2007,3,New Orleans Saints,NO,14,Tennessee Titans,TEN,31,NO,-4.5,46.5,45,0,14,31,-17,TEN,0,Away,31,14,17,-4.5,1
2007-10-07,2007,5,Tennessee Titans,TEN,20,Atlanta Falcons,ATL,13,TEN,-7.5,41,33,0,20,13,7,TEN,1,Home,20,13,7,7.5,0
2007-10-14,2007,6,Tampa Bay Buccaneers,TB,13,Tennessee Titans,TEN,10,TB,-2.5,37,23,0,13,10,3,TEN,0,Away,10,13,-3,-2.5,0
2007-10-21,2007,7,Houston Texans,HOU,36,Tennessee Titans,TEN,38,HOU,-2,38,74,0,36,38,-2,TEN,0,Away,38,36,2,-2,1
2007-10-28,2007,8,Tennessee Titans,TEN,13,Oakland Raiders,OAK,9,TEN,-7,39,22,0,13,9,4,TEN,1,Home,13,9,4,7,0
2007-11-04,2007,9,Tennessee Titans,TEN,20,Carolina Panthers,CAR,7,TEN,-5.5,35.5,27,0,20,7,13,TEN,1,Home,20,7,13,5.5,1
2007-11-11,2007,10,Tennessee Titans,TEN,13,Jacksonville Jaguars,JAX,28,TEN,-3.5,36,41,0,13,28,-15,TEN,1,Home,13,28,-15,3.5,0
2007-11-19,2007,11,Denver Broncos,DEN,34,Tennessee Titans,TEN,20,PICK,0,38.5,54,0,20,34,-14,TEN,0,Away,20,34,-14,0,0
2007-11-25,2007,12,Cincinnati Bengals,CIN,35,Tennessee Titans,TEN,6,TEN,-1,47,41,0,6,35,-29,TEN,1,Away,6,35,-29,1,0
2007-12-02,2007,13,Tennessee Titans,TEN,28,Houston Texans,HOU,20,TEN,-3.5,40,48,0,28,20,8,TEN,1,Home,28,20,8,3.5,1
2007-12-09,2007,14,Tennessee Titans,TEN,17,San Diego Chargers,LAC,23,LAC,-1,40,40,0,23,17,6,TEN,0,Home,17,23,-6,-1,0
2007-12-16,2007,15,Kansas City Chiefs,KC,17,Tennessee Titans,TEN,26,TEN,-3.5,34.5,43,0,26,17,9,TEN,1,Away,26,17,9,3.5,1
2007-12-23,2007,16,Tennessee Titans,TEN,10,New York Jets,NYJ,6,TEN,-9,37.5,16,0,10,6,4,TEN,1,Home,10,6,4,9,0
2007-12-30,2007,17,Indianapolis Colts,IND,10,Tennessee Titans,TEN,16,TEN,-4.5,41,26,0,16,10,6,TEN,1,Away,16,10,6,4.5,1
2008-09-07,2008,1,Tennessee Titans,TEN,17,Jacksonville Jaguars,JAX,10,JAX,-3,36.5,27,0,10,17,-7,TEN,0,Home,17,10,7,-3,1
2008-09-14,2008,2,Cincinnati Bengals,CIN,7,Tennessee Titans,TEN,24,CIN,-1,37,31,0,7,24,-17,TEN,0,Away,24,7,17,-1,1
2008-09-21,2008,3,Tennessee Titans,TEN,31,Houston Texans,HOU,12,TEN,-5,40,43,0,31,12,19,TEN,1,Home,31,12,19,5,1
2008-09-28,2008,4,Tennessee Titans,TEN,30,Minnesota Vikings,MIN,17,TEN,-3,35,47,0,30,17,13,TEN,1,Home,30,17,13,3,1
2008-10-05,2008,5,Baltimore Ravens,BAL,10,Tennessee Titans,TEN,13,TEN,-1,33.5,23,0,13,10,3,TEN,1,Away,13,10,3,1,1
2008-10-19,2008,7,Kansas City Chiefs,KC,10,Tennessee Titans,TEN,34,TEN,-9,35,44,0,34,10,24,TEN,1,Away,34,10,24,9,1
2008-10-27,2008,8,Tennessee Titans,TEN,31,Indianapolis Colts,IND,21,TEN,-4,41.5,52,0,31,21,10,TEN,1,Home,31,21,10,4,1
2008-11-02,2008,9,Tennessee Titans,TEN,19,Green Bay Packers,GB,16,TEN,-3.5,41,35,0,19,16,3,TEN,1,Home,19,16,3,3.5,0
2008-11-09,2008,10,Chicago Bears,CHI,14,Tennessee Titans,TEN,21,TEN,-3,37,35,0,21,14,7,TEN,1,Away,21,14,7,3,1
2008-11-16,2008,11,Jacksonville Jaguars,JAX,14,Tennessee Titans,TEN,24,TEN,-3,40,38,0,24,14,10,TEN,1,Away,24,14,10,3,1
2008-11-23,2008,12,Tennessee Titans,TEN,13,New York Jets,NYJ,34,TEN,-5.5,41,47,0,13,34,-21,TEN,1,Home,13,34,-21,5.5,0
2008-11-27,2008,13,Detroit Lions,DET,10,Tennessee Titans,TEN,47,TEN,-11,44,57,0,47,10,37,TEN,1,Away,47,10,37,11,1
2008-12-07,2008,14,Tennessee Titans,TEN,28,Cleveland Browns,CLE,9,TEN,-13.5,36.5,37,0,28,9,19,TEN,1,Home,28,9,19,13.5,1
2008-12-14,2008,15,Houston Texans,HOU,13,Tennessee Titans,TEN,12,TEN,-3,45,25,0,12,13,-1,TEN,1,Away,12,13,-1,3,0
2008-12-21,2008,16,Tennessee Titans,TEN,31,Pittsburgh Steelers,PIT,14,PIT,-3,34,45,0,14,31,-17,TEN,0,Home,31,14,17,-3,1
2008-12-28,2008,17,Indianapolis Colts,IND,23,Tennessee Titans,TEN,0,TEN,-3,39.5,23,0,0,23,-23,TEN,1,Away,0,23,-23,3,0
2009-09-10,2009,1,Pittsburgh Steelers,PIT,13,Tennessee Titans,TEN,10,PIT,-6.5,35,23,0,13,10,3,TEN,0,Away,10,13,-3,-6.5,1
2009-09-20,2009,2,Tennessee Titans,TEN,31,Houston Texans,HOU,34,TEN,-7,40.5,65,0,31,34,-3,TEN,1,Home,31,34,-3,7,0
2009-09-27,2009,3,New York Jets,NYJ,24,Tennessee Titans,TEN,17,NYJ,-1,36,41,0,24,17,7,TEN,0,Away,17,24,-7,-1,0
2009-10-04,2009,4,Jacksonville Jaguars,JAX,37,Tennessee Titans,TEN,17,TEN,-3.5,42,54,0,17,37,-20,TEN,1,Away,17,37,-20,3.5,0
2009-10-11,2009,5,Tennessee Titans,TEN,9,Indianapolis Colts,IND,31,IND,-3.5,44,40,0,31,9,22,TEN,0,Home,9,31,-22,-3.5,0
2009-10-18,2009,6,New England Patriots,NE,59,Tennessee Titans,TEN,0,NE,-9,37.5,59,0,59,0,59,TEN,0,Away,0,59,-59,-9,0
2009-11-01,2009,8,Tennessee Titans,TEN,30,Jacksonville Jaguars,JAX,13,TEN,-3,44.5,43,0,30,13,17,TEN,1,Home,30,13,17,3,1
2009-11-08,2009,9,San Francisco 49ers,SF,27,Tennessee Titans,TEN,34,SF,-4,40.5,61,0,27,34,-7,TEN,0,Away,34,27,7,-4,1
2009-11-15,2009,10,Tennessee Titans,TEN,41,Buffalo Bills,BUF,17,TEN,-7.5,41,58,0,41,17,24,TEN,1,Home,41,17,24,7.5,1
2009-11-23,2009,11,Houston Texans,HOU,17,Tennessee Titans,TEN,20,HOU,-3.5,48,37,0,17,20,-3,TEN,0,Away,20,17,3,-3.5,1
2009-11-29,2009,12,Tennessee Titans,TEN,20,Arizona Cardinals,ARI,17,TEN,-2,45.5,37,0,20,17,3,TEN,1,Home,20,17,3,2,1
2009-12-06,2009,13,Indianapolis Colts,IND,27,Tennessee Titans,TEN,17,IND,-6,47,44,0,27,17,10,TEN,0,Away,17,27,-10,-6,0
2009-12-13,2009,14,Tennessee Titans,TEN,47,St. Louis Rams,LAR,7,TEN,-14,40,54,0,47,7,40,TEN,1,Home,47,7,40,14,1
2009-12-20,2009,15,Tennessee Titans,TEN,27,Miami Dolphins,MIA,24,TEN,-4.5,43,51,0,27,24,3,TEN,1,Home,27,24,3,4.5,0
2009-12-25,2009,16,Tennessee Titans,TEN,17,San Diego Chargers,LAC,42,TEN,-2,48,59,0,17,42,-25,TEN,1,Home,17,42,-25,2,0
2010-01-03,2009,17,Seattle Seahawks,SEA,13,Tennessee Titans,TEN,17,TEN,-6,45,30,0,17,13,4,TEN,1,Away,17,13,4,6,0
2010-09-12,2010,1,Tennessee Titans,TEN,38,Oakland Raiders,OAK,13,TEN,-6.5,40,51,0,38,13,25,TEN,1,Home,38,13,25,6.5,1
2010-09-19,2010,2,Tennessee Titans,TEN,11,Pittsburgh Steelers,PIT,19,TEN,-6,37,30,0,11,19,-8,TEN,1,Home,11,19,-8,6,0
2010-09-26,2010,3,New York Giants,NYG,10,Tennessee Titans,TEN,29,NYG,-3,43.5,39,0,10,29,-19,TEN,0,Away,29,10,19,-3,1
2010-10-03,2010,4,Tennessee Titans,TEN,20,Denver Broncos,DEN,26,TEN,-6.5,43.5,46,0,20,26,-6,TEN,1,Home,20,26,-6,6.5,0
2010-10-10,2010,5,Dallas Cowboys,DAL,27,Tennessee Titans,TEN,34,DAL,-7,43,61,0,27,34,-7,TEN,0,Away,34,27,7,-7,1
2010-10-18,2010,6,Jacksonville Jaguars,JAX,3,Tennessee Titans,TEN,30,TEN,-3,43.5,33,0,30,3,27,TEN,1,Away,30,3,27,3,1
2010-10-24,2010,7,Tennessee Titans,TEN,37,Philadelphia Eagles,PHI,19,TEN,-3,42,56,0,37,19,18,TEN,1,Home,37,19,18,3,1
2010-10-31,2010,8,San Diego Chargers,LAC,33,Tennessee Titans,TEN,25,LAC,-6,45,58,0,33,25,8,TEN,0,Away,25,33,-8,-6,0
2010-11-14,2010,10,Miami Dolphins,MIA,29,Tennessee Titans,TEN,17,MIA,-1,43,46,0,29,17,12,TEN,0,Away,17,29,-12,-1,0
2010-11-21,2010,11,Tennessee Titans,TEN,16,Washington Redskins,WAS,19,TEN,-7,44.5,35,0,16,19,-3,TEN,1,Home,16,19,-3,7,0
2010-11-28,2010,12,Houston Texans,HOU,20,Tennessee Titans,TEN,0,HOU,-5,46.5,20,0,20,0,20,TEN,0,Away,0,20,-20,-5,0
2010-12-05,2010,13,Tennessee Titans,TEN,6,Jacksonville Jaguars,JAX,17,TEN,-3,43.5,23,0,6,17,-11,TEN,1,Home,6,17,-11,3,0
2010-12-09,2010,14,Tennessee Titans,TEN,28,Indianapolis Colts,IND,30,IND,-4,44,58,0,30,28,2,TEN,0,Home,28,30,-2,-4,1
2010-12-19,2010,15,Tennessee Titans,TEN,31,Houston Texans,HOU,17,TEN,-1,47,48,0,31,17,14,TEN,1,Home,31,17,14,1,1
2010-12-26,2010,16,Kansas City Chiefs,KC,34,Tennessee Titans,TEN,14,KC,-4,42.5,48,0,34,14,20,TEN,0,Away,14,34,-20,-4,0
2011-01-02,2010,17,Indianapolis Colts,IND,23,Tennessee Titans,TEN,20,IND,-9.5,48,43,0,23,20,3,TEN,0,Away,20,23,-3,-9.5,1
2011-09-11,2011,1,Jacksonville Jaguars,JAX,16,Tennessee Titans,TEN,14,TEN,-1.5,38,30,0,14,16,-2,TEN,1,Away,14,16,-2,1.5,0
2011-09-18,2011,2,Tennessee Titans,TEN,26,Baltimore Ravens,BAL,13,BAL,-6,39,39,0,13,26,-13,TEN,0,Home,26,13,13,-6,1
2011-09-25,2011,3,Tennessee Titans,TEN,17,Denver Broncos,DEN,14,TEN,-7,44,31,0,17,14,3,TEN,1,Home,17,14,3,7,0
2011-10-02,2011,4,Cleveland Browns,CLE,13,Tennessee Titans,TEN,31,CLE,-1.5,37.5,44,0,13,31,-18,TEN,0,Away,31,13,18,-1.5,1
2011-10-09,2011,5,Pittsburgh Steelers,PIT,38,Tennessee Titans,TEN,17,PIT,-3,40,55,0,38,17,21,TEN,0,Away,17,38,-21,-3,0
2011-10-23,2011,7,Tennessee Titans,TEN,7,Houston Texans,HOU,41,TEN,-2.5,44,48,0,7,41,-34,TEN,1,Home,7,41,-34,2.5,0
2011-10-30,2011,8,Tennessee Titans,TEN,27,Indianapolis Colts,IND,10,TEN,-7.5,43.5,37,0,27,10,17,TEN,1,Home,27,10,17,7.5,1
2011-11-06,2011,9,Tennessee Titans,TEN,17,Cincinnati Bengals,CIN,24,TEN,-3,41.5,41,0,17,24,-7,TEN,1,Home,17,24,-7,3,0
2011-11-13,2011,10,Carolina Panthers,CAR,3,Tennessee Titans,TEN,30,CAR,-3.5,47.5,33,0,3,30,-27,TEN,0,Away,30,3,27,-3.5,1
2011-11-20,2011,11,Atlanta Falcons,ATL,23,Tennessee Titans,TEN,17,ATL,-6.5,44,40,0,23,17,6,TEN,0,Away,17,23,-6,-6.5,1
2011-11-27,2011,12,Tennessee Titans,TEN,23,Tampa Bay Buccaneers,TB,17,TEN,-3,44,40,0,23,17,6,TEN,1,Home,23,17,6,3,1
2011-12-04,2011,13,Buffalo Bills,BUF,17,Tennessee Titans,TEN,23,BUF,-1,44,40,0,17,23,-6,TEN,0,Away,23,17,6,-1,1
2011-12-11,2011,14,Tennessee Titans,TEN,17,New Orleans Saints,NO,22,NO,-3.5,48,39,0,22,17,5,TEN,0,Home,17,22,-5,-3.5,0
2011-12-18,2011,15,Indianapolis Colts,IND,27,Tennessee Titans,TEN,13,TEN,-6.5,41.5,40,0,13,27,-14,TEN,1,Away,13,27,-14,6.5,0
2011-12-24,2011,16,Tennessee Titans,TEN,23,Jacksonville Jaguars,JAX,17,TEN,-8.5,38.5,40,0,23,17,6,TEN,1,Home,23,17,6,8.5,0
2012-01-01,2011,17,Houston Texans,HOU,22,Tennessee Titans,TEN,23,TEN,-2,38.5,45,0,23,22,1,TEN,1,Away,23,22,1,2,0
2012-09-09,2012,1,Tennessee Titans,TEN,13,New England Patriots,NE,34,NE,-6.5,48,47,0,34,13,21,TEN,0,Home,13,34,-21,-6.5,0
2012-09-16,2012,2,San Diego Chargers,LAC,38,Tennessee Titans,TEN,10,LAC,-6,43.5,48,0,38,10,28,TEN,0,Away,10,38,-28,-6,0
2012-09-23,2012,3,Tennessee Titans,TEN,44,Detroit Lions,DET,41,DET,-4,47,85,0,41,44,-3,TEN,0,Home,44,41,3,-4,1
2012-09-30,2012,4,Houston Texans,HOU,38,Tennessee Titans,TEN,14,HOU,-13.5,45,52,0,38,14,24,TEN,0,Away,14,38,-24,-13.5,0
2012-10-07,2012,5,Minnesota Vikings,MIN,30,Tennessee Titans,TEN,7,MIN,-6,44,37,0,30,7,23,TEN,0,Away,7,30,-23,-6,0
2012-10-11,2012,6,Tennessee Titans,TEN,26,Pittsburgh Steelers,PIT,23,PIT,-6.5,43,49,0,23,26,-3,TEN,0,Home,26,23,3,-6.5,1
2012-10-21,2012,7,Buffalo Bills,BUF,34,Tennessee Titans,TEN,35,BUF,-4.5,46.5,69,0,34,35,-1,TEN,0,Away,35,34,1,-4.5,1
2012-10-28,2012,8,Tennessee Titans,TEN,13,Indianapolis Colts,IND,19,TEN,-3,47,32,0,13,19,-6,TEN,1,Home,13,19,-6,3,0
2012-11-04,2012,9,Tennessee Titans,TEN,20,Chicago Bears,CHI,51,CHI,-5,43.5,71,0,51,20,31,TEN,0,Home,20,51,-31,-5,0
2012-11-11,2012,10,Miami Dolphins,MIA,3,Tennessee Titans,TEN,37,MIA,-7,44,40,0,3,37,-34,TEN,0,Away,37,3,34,-7,1
2012-11-25,2012,12,Jacksonville Jaguars,JAX,24,Tennessee Titans,TEN,19,TEN,-3.5,45,43,0,19,24,-5,TEN,1,Away,19,24,-5,3.5,0
2012-12-02,2012,13,Tennessee Titans,TEN,10,Houston Texans,HOU,24,HOU,-7,47,34,0,24,10,14,TEN,0,Home,10,24,-14,-7,0
2012-12-09,2012,14,Indianapolis Colts,IND,27,Tennessee Titans,TEN,23,IND,-4,47,50,0,27,23,4,TEN,0,Away,23,27,-4,-4,0
2012-12-17,2012,15,Tennessee Titans,TEN,14,New York Jets,NYJ,10,TEN,-1,42,24,0,14,10,4,TEN,1,Home,14,10,4,1,1
2012-12-23,2012,16,Green Bay Packers,GB,55,Tennessee Titans,TEN,7,GB,-11,44.5,62,0,55,7,48,TEN,0,Away,7,55,-48,-11,0
2012-12-30,2012,17,Tennessee Titans,TEN,38,Jacksonville Jaguars,JAX,20,TEN,-5.5,42,58,0,38,20,18,TEN,1,Home,38,20,18,5.5,1
2013-09-08,2013,1,Pittsburgh Steelers,PIT,9,Tennessee Titans,TEN,16,PIT,-6,42,25,0,9,16,-7,TEN,0,Away,16,9,7,-6,1
2013-09-15,2013,2,Houston Texans,HOU,30,Tennessee Titans,TEN,24,HOU,-9,43,54,0,30,24,6,TEN,0,Away,24,30,-6,-9,1
2013-09-22,2013,3,Tennessee Titans,TEN,20,San Diego Chargers,LAC,17,TEN,-3,43.5,37,0,20,17,3,TEN,1,Home,20,17,3,3,0
2013-09-29,2013,4,Tennessee Titans,TEN,38,New York Jets,NYJ,13,TEN,-3.5,40.5,51,0,38,13,25,TEN,1,Home,38,13,25,3.5,1
2013-10-06,2013,5,Tennessee Titans,TEN,17,Kansas City Chiefs,KC,26,KC,-3,38.5,43,0,26,17,9,TEN,0,Home,17,26,-9,-3,0
2013-10-13,2013,6,Seattle Seahawks,SEA,20,Tennessee Titans,TEN,13,SEA,-11.5,41.5,33,0,20,13,7,TEN,0,Away,13,20,-7,-11.5,1
2013-10-20,2013,7,Tennessee Titans,TEN,17,San Francisco 49ers,SF,31,SF,-3,40.5,48,0,31,17,14,TEN,0,Home,17,31,-14,-3,0
2013-11-03,2013,9,St. Louis Rams,LAR,21,Tennessee Titans,TEN,28,TEN,-3,40.5,49,0,28,21,7,TEN,1,Away,28,21,7,3,1
2013-11-10,2013,10,Tennessee Titans,TEN,27,Jacksonville Jaguars,JAX,29,TEN,-11.5,42,56,0,27,29,-2,TEN,1,Home,27,29,-2,11.5,0
2013-11-14,2013,11,Tennessee Titans,TEN,27,Indianapolis Colts,IND,30,IND,-3,42,57,0,30,27,3,TEN,0,Home,27,30,-3,-3,0
2013-11-24,2013,12,Oakland Raiders,OAK,19,Tennessee Titans,TEN,23,TEN,-2,42,42,0,23,19,4,TEN,1,Away,23,19,4,2,1
2013-12-01,2013,13,Indianapolis Colts,IND,22,Tennessee Titans,TEN,14,IND,-3.5,46,36,0,22,14,8,TEN,0,Away,14,22,-8,-3.5,0
2013-12-08,2013,14,Denver Broncos,DEN,51,Tennessee Titans,TEN,28,DEN,-13.5,49.5,79,0,51,28,23,TEN,0,Away,28,51,-23,-13.5,0
2013-12-15,2013,15,Tennessee Titans,TEN,34,Arizona Cardinals,ARI,37,ARI,-3,42.5,71,0,37,34,3,TEN,0,Home,34,37,-3,-3,0
2013-12-22,2013,16,Jacksonville Jaguars,JAX,16,Tennessee Titans,TEN,20,TEN,-4,44,36,0,20,16,4,TEN,1,Away,20,16,4,4,0
2013-12-29,2013,17,Tennessee Titans,TEN,16,Houston Texans,HOU,10,TEN,-6.5,44.5,26,0,16,10,6,TEN,1,Home,16,10,6,6.5,0
2014-09-07,2014,1,Kansas City Chiefs,KC,10,Tennessee Titans,TEN,26,KC,-3,44,36,0,10,26,-16,TEN,0,Away,26,10,16,-3,1
2014-09-14,2014,2,Tennessee Titans,TEN,10,Dallas Cowboys,DAL,26,TEN,-3,49.5,36,0,10,26,-16,TEN,1,Home,10,26,-16,3,0
2014-09-21,2014,3,Cincinnati Bengals,CIN,33,Tennessee Titans,TEN,7,CIN,-6.5,44.5,40,0,33,7,26,TEN,0,Away,7,33,-26,-6.5,0
2014-09-28,2014,4,Indianapolis Colts,IND,41,Tennessee Titans,TEN,17,IND,-7.5,46,58,0,41,17,24,TEN,0,Away,17,41,-24,-7.5,0
2014-10-05,2014,5,Tennessee Titans,TEN,28,Cleveland Browns,CLE,29,CLE,-1,44,57,0,29,28,1,TEN,0,Home,28,29,-1,-1,0
2014-10-12,2014,6,Tennessee Titans,TEN,16,Jacksonville Jaguars,JAX,14,TEN,-4,42.5,30,0,16,14,2,TEN,1,Home,16,14,2,4,0
2014-10-19,2014,7,Washington Redskins,WAS,19,Tennessee Titans,TEN,17,WAS,-6,46.5,36,0,19,17,2,TEN,0,Away,17,19,-2,-6,1
2014-10-26,2014,8,Tennessee Titans,TEN,16,Houston Texans,HOU,30,HOU,-3.5,43,46,0,30,16,14,TEN,0,Home,16,30,-14,-3.5,0
2014-11-09,2014,10,Baltimore Ravens,BAL,21,Tennessee Titans,TEN,7,BAL,-10.5,44,28,0,21,7,14,TEN,0,Away,7,21,-14,-10.5,0
2014-11-17,2014,11,Tennessee Titans,TEN,24,Pittsburgh Steelers,PIT,27,PIT,-7,46,51,0,27,24,3,TEN,0,Home,24,27,-3,-7,1
2014-11-23,2014,12,Philadelphia Eagles,PHI,43,Tennessee Titans,TEN,24,PHI,-11,49,67,0,43,24,19,TEN,0,Away,24,43,-19,-11,0
2014-11-30,2014,13,Houston Texans,HOU,45,Tennessee Titans,TEN,21,HOU,-7,42.5,66,0,45,21,24,TEN,0,Away,21,45,-24,-7,0
2014-12-07,2014,14,Tennessee Titans,TEN,7,New York Giants,NYG,36,NYG,-3,46.5,43,0,36,7,29,TEN,0,Home,7,36,-29,-3,0
2014-12-14,2014,15,Tennessee Titans,TEN,11,New York Jets,NYJ,16,NYJ,-3.5,41.5,27,0,16,11,5,TEN,0,Home,11,16,-5,-3.5,0
2014-12-18,2014,16,Jacksonville Jaguars,JAX,21,Tennessee Titans,TEN,13,JAX,-4,39,34,0,21,13,8,TEN,0,Away,13,21,-8,-4,0
2014-12-28,2014,17,Tennessee Titans,TEN,10,Indianapolis Colts,IND,27,IND,-7.5,46.5,37,0,27,10,17,TEN,0,Home,10,27,-17,-7.5,0
2015-09-13,2015,1,Tampa Bay Buccaneers,TB,14,Tennessee Titans,TEN,42,TB,-3,40.5,56,0,14,42,-28,TEN,0,Away,42,14,28,-3,1
2015-09-20,2015,2,Cleveland Browns,CLE,28,Tennessee Titans,TEN,14,TEN,-1,41,42,0,14,28,-14,TEN,1,Away,14,28,-14,1,0
2015-09-27,2015,3,Tennessee Titans,TEN,33,Indianapolis Colts,IND,35,IND,-3.5,46.5,68,0,35,33,2,TEN,0,Home,33,35,-2,-3.5,1
2015-10-11,2015,5,Tennessee Titans,TEN,13,Buffalo Bills,BUF,14,BUF,-1,43,27,0,14,13,1,TEN,0,Home,13,14,-1,-1,0
2015-10-18,2015,6,Tennessee Titans,TEN,10,Miami Dolphins,MIA,38,TEN,-2.5,43.5,48,0,10,38,-28,TEN,1,Home,10,38,-28,2.5,0
2015-10-25,2015,7,Tennessee Titans,TEN,7,Atlanta Falcons,ATL,10,ATL,-6,45.5,17,0,10,7,3,TEN,0,Home,7,10,-3,-6,1
2015-11-01,2015,8,Houston Texans,HOU,20,Tennessee Titans,TEN,6,HOU,-3.5,43,26,0,20,6,14,TEN,0,Away,6,20,-14,-3.5,0
2015-11-08,2015,9,New Orleans Saints,NO,28,Tennessee Titans,TEN,34,NO,-6.5,50,62,0,28,34,-6,TEN,0,Away,34,28,6,-6.5,1
2015-11-15,2015,10,Tennessee Titans,TEN,10,Carolina Panthers,CAR,27,CAR,-3.5,43,37,0,27,10,17,TEN,0,Home,10,27,-17,-3.5,0
2015-11-19,2015,11,Jacksonville Jaguars,JAX,19,Tennessee Titans,TEN,13,JAX,-3,41.5,32,0,19,13,6,TEN,0,Away,13,19,-6,-3,0
2015-11-29,2015,12,Tennessee Titans,TEN,21,Oakland Raiders,OAK,24,OAK,-1,45,45,0,24,21,3,TEN,0,Home,21,24,-3,-1,0
2015-12-06,2015,13,Tennessee Titans,TEN,42,Jacksonville Jaguars,JAX,39,TEN,-3,43.5,81,0,42,39,3,TEN,1,Home,42,39,3,3,0
2015-12-13,2015,14,New York Jets,NYJ,30,Tennessee Titans,TEN,8,NYJ,-8,43,38,0,30,8,22,TEN,0,Away,8,30,-22,-8,0
2015-12-20,2015,15,New England Patriots,NE,33,Tennessee Titans,TEN,16,NE,-14.5,48,49,0,33,16,17,TEN,0,Away,16,33,-17,-14.5,0
2015-12-27,2015,16,Tennessee Titans,TEN,6,Houston Texans,HOU,34,HOU,-3.5,39,40,0,34,6,28,TEN,0,Home,6,34,-28,-3.5,0
2016-01-03,2015,17,Indianapolis Colts,IND,30,Tennessee Titans,TEN,24,IND,-4,39,54,0,30,24,6,TEN,0,Away,24,30,-6,-4,0
2016-09-11,2016,1,Tennessee Titans,TEN,16,Minnesota Vikings,MIN,25,MIN,-2.5,40,41,0,25,16,9,TEN,0,Home,16,25,-9,-2.5,0
2016-09-18,2016,2,Detroit Lions,DET,15,Tennessee Titans,TEN,16,DET,-6,48,31,0,15,16,-1,TEN,0,Away,16,15,1,-6,1
2016-09-25,2016,3,Tennessee Titans,TEN,10,Oakland Raiders,OAK,17,OAK,-1.5,47,27,0,17,10,7,TEN,0,Home,10,17,-7,-1.5,0
2016-10-02,2016,4,Houston Texans,HOU,27,Tennessee Titans,TEN,20,HOU,-3.5,40,47,0,27,20,7,TEN,0,Away,20,27,-7,-3.5,0
2016-10-09,2016,5,Miami Dolphins,MIA,17,Tennessee Titans,TEN,30,MIA,-2.5,44.5,47,0,17,30,-13,TEN,0,Away,30,17,13,-2.5,1
2016-10-16,2016,6,Tennessee Titans,TEN,28,Cleveland Browns,CLE,26,TEN,-7.5,44.5,54,0,28,26,2,TEN,1,Home,28,26,2,7.5,0
2016-10-23,2016,7,Tennessee Titans,TEN,26,Indianapolis Colts,IND,34,TEN,-4,48,60,0,26,34,-8,TEN,1,Home,26,34,-8,4,0
2016-10-27,2016,8,Tennessee Titans,TEN,36,Jacksonville Jaguars,JAX,22,TEN,-3,43.5,58,0,36,22,14,TEN,1,Home,36,22,14,3,1
2016-11-06,2016,9,San Diego Chargers,LAC,43,Tennessee Titans,TEN,35,LAC,-3.5,47.5,78,0,43,35,8,TEN,0,Away,35,43,-8,-3.5,0
2016-11-13,2016,10,Tennessee Titans,TEN,47,Green Bay Packers,GB,25,GB,-3,49,72,0,25,47,-22,TEN,0,Home,47,25,22,-3,1
2016-11-20,2016,11,Indianapolis Colts,IND,24,Tennessee Titans,TEN,17,IND,-3,54,41,0,24,17,7,TEN,0,Away,17,24,-7,-3,0
2016-11-27,2016,12,Chicago Bears,CHI,21,Tennessee Titans,TEN,27,TEN,-6.5,42,48,0,27,21,6,TEN,1,Away,27,21,6,6.5,0
2016-12-11,2016,14,Tennessee Titans,TEN,13,Denver Broncos,DEN,10,TEN,-2,44,23,0,13,10,3,TEN,1,Home,13,10,3,2,1
2016-12-18,2016,15,Kansas City Chiefs,KC,17,Tennessee Titans,TEN,19,KC,-6,43,36,0,17,19,-2,TEN,0,Away,19,17,2,-6,1
2016-12-24,2016,16,Jacksonville Jaguars,JAX,38,Tennessee Titans,TEN,17,TEN,-4,44,55,0,17,38,-21,TEN,1,Away,17,38,-21,4,0
2017-01-01,2016,17,Tennessee Titans,TEN,24,Houston Texans,HOU,17,TEN,-3,41.5,41,0,24,17,7,TEN,1,Home,24,17,7,3,1
2017-09-10,2017,1,Tennessee Titans,TEN,16,Oakland Raiders,OAK,26,TEN,-2,50.5,42,0,16,26,-10,TEN,1,Home,16,26,-10,2,0
2017-09-17,2017,2,Jacksonville Jaguars,JAX,16,Tennessee Titans,TEN,37,TEN,-1.5,43.5,53,0,37,16,21,TEN,1,Away,37,16,21,1.5,1
2017-09-24,2017,3,Tennessee Titans,TEN,33,Seattle Seahawks,SEA,27,TEN,-3,42,60,0,33,27,6,TEN,1,Home,33,27,6,3,1
2017-10-01,2017,4,Houston Texans,HOU,57,Tennessee Titans,TEN,14,TEN,-2,43.5,71,0,14,57,-43,TEN,1,Away,14,57,-43,2,0
2017-10-08,2017,5,Miami Dolphins,MIA,16,Tennessee Titans,TEN,10,TEN,-3,43.5,26,0,10,16,-6,TEN,1,Away,10,16,-6,3,0
2017-10-16,2017,6,Tennessee Titans,TEN,36,Indianapolis Colts,IND,22,TEN,-7,46,58,0,36,22,14,TEN,1,Home,36,22,14,7,1
2017-10-22,2017,7,Cleveland Browns,CLE,9,Tennessee Titans,TEN,12,TEN,-5.5,42.5,21,0,12,9,3,TEN,1,Away,12,9,3,5.5,0
2017-11-05,2017,9,Tennessee Titans,TEN,23,Baltimore Ravens,BAL,20,TEN,-3,41,43,0,23,20,3,TEN,1,Home,23,20,3,3,0
2017-11-12,2017,10,Tennessee Titans,TEN,24,Cincinnati Bengals,CIN,20,TEN,-4.5,40.5,44,0,24,20,4,TEN,1,Home,24,20,4,4.5,0
2017-11-16,2017,11,Pittsburgh Steelers,PIT,40,Tennessee Titans,TEN,17,PIT,-7,44.5,57,0,40,17,23,TEN,0,Away,17,40,-23,-7,0
2017-11-26,2017,12,Indianapolis Colts,IND,16,Tennessee Titans,TEN,20,TEN,-3.5,44,36,0,20,16,4,TEN,1,Away,20,16,4,3.5,1
2017-12-03,2017,13,Tennessee Titans,TEN,24,Houston Texans,HOU,13,TEN,-6.5,43,37,0,24,13,11,TEN,1,Home,24,13,11,6.5,1
2017-12-10,2017,14,Arizona Cardinals,ARI,12,Tennessee Titans,TEN,7,TEN,-2.5,42,19,0,7,12,-5,TEN,1,Away,7,12,-5,2.5,0
2017-12-17,2017,15,San Francisco 49ers,SF,25,Tennessee Titans,TEN,23,SF,-2.5,44.5,48,0,25,23,2,TEN,0,Away,23,25,-2,-2.5,1
2017-12-24,2017,16,Tennessee Titans,TEN,23,Los Angeles Rams,LAR,27,LAR,-5.5,46,50,0,27,23,4,TEN,0,Home,23,27,-4,-5.5,1
2017-12-31,2017,17,Tennessee Titans,TEN,15,Jacksonville Jaguars,JAX,10,TEN,-2.5,40,25,0,15,10,5,TEN,1,Home,15,10,5,2.5,1
2018-09-09,2018,1,Miami Dolphins,MIA,27,Tennessee Titans,TEN,20,TEN,-1,43.5,47,0,20,27,-7,TEN,1,Away,20,27,-7,1,0
2018-09-16,2018,2,Tennessee Titans,TEN,20,Houston Texans,HOU,17,HOU,-3.5,41,37,0,17,20,-3,TEN,0,Home,20,17,3,-3.5,1
2018-09-23,2018,3,Jacksonville Jaguars,JAX,6,Tennessee Titans,TEN,9,JAX,-10,39,15,0,6,9,-3,TEN,0,Away,9,6,3,-10,1
2018-09-30,2018,4,Tennessee Titans,TEN,26,Philadelphia Eagles,PHI,23,PHI,-3,41.5,49,0,23,26,-3,TEN,0,Home,26,23,3,-3,1
2018-10-07,2018,5,Buffalo Bills,BUF,13,Tennessee Titans,TEN,12,TEN,-6,38.5,25,0,12,13,-1,TEN,1,Away,12,13,-1,6,0
2018-10-14,2018,6,Tennessee Titans,TEN,0,Baltimore Ravens,BAL,21,BAL,-2.5,43.5,21,0,21,0,21,TEN,0,Home,0,21,-21,-2.5,0
2018-11-05,2018,9,Dallas Cowboys,DAL,14,Tennessee Titans,TEN,28,DAL,-4.5,40.5,42,0,14,28,-14,TEN,0,Away,28,14,14,-4.5,1
2018-11-11,2018,10,Tennessee Titans,TEN,34,New England Patriots,NE,10,NE,-6.5,47,44,0,10,34,-24,TEN,0,Home,34,10,24,-6.5,1
2018-11-18,2018,11,Indianapolis Colts,IND,38,Tennessee Titans,TEN,10,IND,-1,50,48,0,38,10,28,TEN,0,Away,10,38,-28,-1,0
2018-11-26,2018,12,Houston Texans,HOU,34,Tennessee Titans,TEN,17,HOU,-3.5,42.5,51,0,34,17,17,TEN,0,Away,17,34,-17,-3.5,0
2018-12-02,2018,13,Tennessee Titans,TEN,26,New York Jets,NYJ,22,TEN,-10.5,40.5,48,0,26,22,4,TEN,1,Home,26,22,4,10.5,0
2018-12-06,2018,14,Tennessee Titans,TEN,30,Jacksonville Jaguars,JAX,9,TEN,-5.5,37.5,39,0,30,9,21,TEN,1,Home,30,9,21,5.5,1
2018-12-16,2018,15,New York Giants,NYG,0,Tennessee Titans,TEN,17,TEN,-2.5,42,17,0,17,0,17,TEN,1,Away,17,0,17,2.5,1
2018-12-22,2018,16,Tennessee Titans,TEN,25,Washington Redskins,WAS,16,TEN,-11.5,37.5,41,0,25,16,9,TEN,1,Home,25,16,9,11.5,0
2018-12-30,2018,17,Tennessee Titans,TEN,17,Indianapolis Colts,IND,33,IND,-5.5,42.5,50,0,33,17,16,TEN,0,Home,17,33,-16,-5.5,0
2019-09-08,2019,1,Cleveland Browns,CLE,13,Tennessee Titans,TEN,43,CLE,-5.5,44,56,0,13,43,-30,TEN,0,Away,43,13,30,-5.5,1
2019-09-15,2019,2,Tennessee Titans,TEN,17,Indianapolis Colts,IND,19,TEN,-3.5,43.5,36,0,17,19,-2,TEN,1,Home,17,19,-2,3.5,0
2019-09-19,2019,3,Jacksonville Jaguars,JAX,20,Tennessee Titans,TEN,7,TEN,-2,38,27,0,7,20,-13,TEN,1,Away,7,20,-13,2,0
2019-09-29,2019,4,Atlanta Falcons,ATL,10,Tennessee Titans,TEN,24,ATL,-3.5,46.5,34,0,10,24,-14,TEN,0,Away,24,10,14,-3.5,1
2019-10-06,2019,5,Tennessee Titans,TEN,7,Buffalo Bills,BUF,14,TEN,-3,39.5,21,0,7,14,-7,TEN,1,Home,7,14,-7,3,0
2019-10-13,2019,6,Denver Broncos,DEN,16,Tennessee Titans,TEN,0,DEN,-1.5,41,16,0,16,0,16,TEN,0,Away,0,16,-16,-1.5,0
2019-10-20,2019,7,Tennessee Titans,TEN,23,Los Angeles Chargers,LAC,20,TEN,-2.5,42.5,43,0,23,20,3,TEN,1,Home,23,20,3,2.5,1
2019-10-27,2019,8,Tennessee Titans,TEN,27,Tampa Bay Buccaneers,TB,23,TEN,-2,45.5,50,0,27,23,4,TEN,1,Home,27,23,4,2,1
2019-11-03,2019,9,Carolina Panthers,CAR,30,Tennessee Titans,TEN,20,CAR,-3.5,43,50,0,30,20,10,TEN,0,Away,20,30,-10,-3.5,0
2019-11-10,2019,10,Tennessee Titans,TEN,35,Kansas City Chiefs,KC,32,KC,-6,49,67,0,32,35,-3,TEN,0,Home,35,32,3,-6,1
2019-11-24,2019,12,Tennessee Titans,TEN,42,Jacksonville Jaguars,JAX,20,TEN,-4,42.5,62,0,42,20,22,TEN,1,Home,42,20,22,4,1
2019-12-01,2019,13,Indianapolis Colts,IND,17,Tennessee Titans,TEN,31,TEN,-1,41.5,48,0,31,17,14,TEN,1,Away,31,17,14,1,1
2019-12-08,2019,14,Oakland Raiders,OAK,21,Tennessee Titans,TEN,42,TEN,-2.5,47,63,0,42,21,21,TEN,1,Away,42,21,21,2.5,1
2019-12-15,2019,15,Tennessee Titans,TEN,21,Houston Texans,HOU,24,TEN,-3,50,45,0,21,24,-3,TEN,1,Home,21,24,-3,3,0
2019-12-22,2019,16,Tennessee Titans,TEN,28,New Orleans Saints,NO,38,NO,-3,49,66,0,38,28,10,TEN,0,Home,28,38,-10,-3,0
2019-12-29,2019,17,Houston Texans,HOU,14,Tennessee Titans,TEN,35,TEN,-10,43,49,0,35,14,21,TEN,1,Away,35,14,21,10,1
2000-09-03,2000,1,Green Bay Packers,GB,16,New York Jets,NYJ,20,GB,-2.5,44,36,0,16,20,-4,NYJ,0,Away,20,16,4,-2.5,1
2000-09-11,2000,2,New York Jets,NYJ,20,New England Patriots,NE,19,NYJ,-6.5,39.5,39,0,20,19,1,NYJ,1,Home,20,19,1,6.5,0
2000-09-17,2000,3,New York Jets,NYJ,27,Buffalo Bills,BUF,14,NYJ,-1,38.5,41,0,27,14,13,NYJ,1,Home,27,14,13,1,1
2000-09-24,2000,4,Tampa Bay Buccaneers,TB,17,New York Jets,NYJ,21,TB,-7,36,38,0,17,21,-4,NYJ,0,Away,21,17,4,-7,1
2000-10-08,2000,6,New York Jets,NYJ,3,Pittsburgh Steelers,PIT,20,NYJ,-8,37.5,23,0,3,20,-17,NYJ,1,Home,3,20,-17,8,0
2000-10-15,2000,7,New England Patriots,NE,17,New York Jets,NYJ,34,NE,-3,37,51,0,17,34,-17,NYJ,0,Away,34,17,17,-3,1
2000-10-23,2000,8,New York Jets,NYJ,40,Miami Dolphins,MIA,37,NYJ,-3,35,77,0,40,37,3,NYJ,1,Home,40,37,3,3,0
2000-10-29,2000,9,Buffalo Bills,BUF,23,New York Jets,NYJ,20,BUF,-3.5,41,43,0,23,20,3,NYJ,0,Away,20,23,-3,-3.5,1
2000-11-05,2000,10,New York Jets,NYJ,23,Denver Broncos,DEN,30,NYJ,-3,45.5,53,0,23,30,-7,NYJ,1,Home,23,30,-7,3,0
2000-11-12,2000,11,Indianapolis Colts,IND,23,New York Jets,NYJ,15,IND,-6,52.5,38,0,23,15,8,NYJ,0,Away,15,23,-8,-6,0
2000-11-19,2000,12,Miami Dolphins,MIA,3,New York Jets,NYJ,20,MIA,-3.5,38.5,23,0,3,20,-17,NYJ,0,Away,20,3,17,-3.5,1
2000-11-26,2000,13,New York Jets,NYJ,17,Chicago Bears,CHI,10,NYJ,-7,39.5,27,0,17,10,7,NYJ,1,Home,17,10,7,7,0
2000-12-03,2000,14,New York Jets,NYJ,27,Indianapolis Colts,IND,17,NYJ,-2.5,44,44,0,27,17,10,NYJ,1,Home,27,17,10,2.5,1
2000-12-10,2000,15,Oakland Raiders,OAK,31,New York Jets,NYJ,7,OAK,-3.5,47,38,0,31,7,24,NYJ,0,Away,7,31,-24,-3.5,0
2000-12-17,2000,16,New York Jets,NYJ,7,Detroit Lions,DET,10,NYJ,-6.5,39.5,17,0,7,10,-3,NYJ,1,Home,7,10,-3,6.5,0
2000-12-24,2000,17,Baltimore Ravens,BAL,34,New York Jets,NYJ,20,BAL,-6,35.5,54,0,34,20,14,NYJ,0,Away,20,34,-14,-6,0
2001-09-09,2001,1,New York Jets,NYJ,24,Indianapolis Colts,IND,45,IND,-1.5,44.5,69,0,45,24,21,NYJ,0,Home,24,45,-21,-1.5,0
2001-09-23,2001,2,New England Patriots,NE,3,New York Jets,NYJ,10,NYJ,-1.5,38.5,13,0,10,3,7,NYJ,1,Away,10,3,7,1.5,1
2001-10-01,2001,3,New York Jets,NYJ,17,San Francisco 49ers,SF,19,NYJ,-3,44.5,36,0,17,19,-2,NYJ,1,Home,17,19,-2,3,0
2001-10-07,2001,4,Buffalo Bills,BUF,36,New York Jets,NYJ,42,NYJ,-4.5,36,78,0,42,36,6,NYJ,1,Away,42,36,6,4.5,1
2001-10-14,2001,5,New York Jets,NYJ,21,Miami Dolphins,MIA,17,MIA,-3,38,38,0,17,21,-4,NYJ,0,Home,21,17,4,-3,1
2001-10-21,2001,6,New York Jets,NYJ,14,St. Louis Rams,LAR,34,LAR,-7,46.5,48,0,34,14,20,NYJ,0,Home,14,34,-20,-7,0
2001-10-28,2001,7,Carolina Panthers,CAR,12,New York Jets,NYJ,13,NYJ,-2.5,39,25,0,13,12,1,NYJ,1,Away,13,12,1,2.5,0
2001-11-04,2001,8,New Orleans Saints,NO,9,New York Jets,NYJ,16,NO,-6.5,42.5,25,0,9,16,-7,NYJ,0,Away,16,9,7,-6.5,1
2001-11-11,2001,9,New York Jets,NYJ,27,Kansas City Chiefs,KC,7,NYJ,-4.5,40.5,34,0,27,7,20,NYJ,1,Home,27,7,20,4.5,1
2001-11-18,2001,10,Miami Dolphins,MIA,0,New York Jets,NYJ,24,MIA,-5.5,37.5,24,0,0,24,-24,NYJ,0,Away,24,0,24,-5.5,1
2001-12-02,2001,12,New York Jets,NYJ,16,New England Patriots,NE,17,NYJ,-3,38,33,0,16,17,-1,NYJ,1,Home,16,17,-1,3,0
2001-12-09,2001,13,Pittsburgh Steelers,PIT,18,New York Jets,NYJ,7,PIT,-3.5,34.5,25,0,18,7,11,NYJ,0,Away,7,18,-11,-3.5,0
2001-12-16,2001,14,New York Jets,NYJ,15,Cincinnati Bengals,CIN,14,NYJ,-8.5,35,29,0,15,14,1,NYJ,1,Home,15,14,1,8.5,0
2001-12-23,2001,15,Indianapolis Colts,IND,28,New York Jets,NYJ,29,IND,-1,47,57,0,28,29,-1,NYJ,0,Away,29,28,1,-1,1
2001-12-30,2001,16,New York Jets,NYJ,9,Buffalo Bills,BUF,14,NYJ,-7,37,23,0,9,14,-5,NYJ,1,Home,9,14,-5,7,0
2002-01-06,2001,17,Oakland Raiders,OAK,22,New York Jets,NYJ,24,OAK,-4.5,41.5,46,0,22,24,-2,NYJ,0,Away,24,22,2,-4.5,1
2002-09-08,2002,1,Buffalo Bills,BUF,31,New York Jets,NYJ,37,NYJ,-3,43,68,0,37,31,6,NYJ,1,Away,37,31,6,3,1
2002-09-15,2002,2,New York Jets,NYJ,7,New England Patriots,NE,44,NYJ,-1,41,51,0,7,44,-37,NYJ,1,Home,7,44,-37,1,0
2002-09-22,2002,3,Miami Dolphins,MIA,30,New York Jets,NYJ,3,MIA,-6,40.5,33,0,30,3,27,NYJ,0,Away,3,30,-27,-6,0
2002-09-29,2002,4,Jacksonville Jaguars,JAX,28,New York Jets,NYJ,3,JAX,-3.5,41.5,31,0,28,3,25,NYJ,0,Away,3,28,-25,-3.5,0
2002-10-06,2002,5,New York Jets,NYJ,25,Kansas City Chiefs,KC,29,KC,-3,46.5,54,0,29,25,4,NYJ,0,Home,25,29,-4,-3,0
2002-10-20,2002,7,New York Jets,NYJ,20,Minnesota Vikings,MIN,7,NYJ,-3,49,27,0,20,7,13,NYJ,1,Home,20,7,13,3,1
2002-10-27,2002,8,New York Jets,NYJ,21,Cleveland Browns,CLE,24,NYJ,-3,44,45,0,21,24,-3,NYJ,1,Home,21,24,-3,3,0
2002-11-03,2002,9,San Diego Chargers,LAC,13,New York Jets,NYJ,44,LAC,-8.5,41,57,0,13,44,-31,NYJ,0,Away,44,13,31,-8.5,1
2002-11-10,2002,10,New York Jets,NYJ,13,Miami Dolphins,MIA,10,NYJ,-2.5,39.5,23,0,13,10,3,NYJ,1,Home,13,10,3,2.5,1
2002-11-17,2002,11,Detroit Lions,DET,14,New York Jets,NYJ,31,NYJ,-3,43,45,0,31,14,17,NYJ,1,Away,31,14,17,3,1
2002-11-24,2002,12,New York Jets,NYJ,31,Buffalo Bills,BUF,13,NYJ,-3,45.5,44,0,31,13,18,NYJ,1,Home,31,13,18,3,1
2002-12-02,2002,13,Oakland Raiders,OAK,26,New York Jets,NYJ,20,OAK,-6,47.5,46,0,26,20,6,NYJ,0,Away,20,26,-6,-6,0
2002-12-08,2002,14,New York Jets,NYJ,19,Denver Broncos,DEN,13,DEN,-1.5,43,32,0,13,19,-6,NYJ,0,Home,19,13,6,-1.5,1
2002-12-15,2002,15,Chicago Bears,CHI,20,New York Jets,NYJ,13,NYJ,-6.5,38,33,0,13,20,-7,NYJ,1,Away,13,20,-7,6.5,0
2002-12-22,2002,16,New England Patriots,NE,17,New York Jets,NYJ,30,NE,-3.5,41,47,0,17,30,-13,NYJ,0,Away,30,17,13,-3.5,1
2002-12-29,2002,17,New York Jets,NYJ,42,Green Bay Packers,GB,17,GB,-1.5,39.5,59,0,17,42,-25,NYJ,0,Home,42,17,25,-1.5,1
2003-09-04,2003,1,Washington Redskins,WAS,16,New York Jets,NYJ,13,WAS,-3,40,29,0,16,13,3,NYJ,0,Away,13,16,-3,-3,0
2003-09-14,2003,2,New York Jets,NYJ,10,Miami Dolphins,MIA,21,MIA,-3,37,31,0,21,10,11,NYJ,0,Home,10,21,-11,-3,0
2003-09-21,2003,3,New England Patriots,NE,23,New York Jets,NYJ,16,NE,-6,38,39,0,23,16,7,NYJ,0,Away,16,23,-7,-6,0
2003-09-28,2003,4,New York Jets,NYJ,6,Dallas Cowboys,DAL,17,NYJ,-3,37,23,0,6,17,-11,NYJ,1,Home,6,17,-11,3,0
2003-10-12,2003,6,New York Jets,NYJ,30,Buffalo Bills,BUF,3,BUF,-1,36.5,33,0,3,30,-27,NYJ,0,Home,30,3,27,-1,1
2003-10-19,2003,7,Houston Texans,HOU,14,New York Jets,NYJ,19,NYJ,-3.5,38,33,0,19,14,5,NYJ,1,Away,19,14,5,3.5,1
2003-10-26,2003,8,Philadelphia Eagles,PHI,24,New York Jets,NYJ,17,PHI,-3,36,41,0,24,17,7,NYJ,0,Away,17,24,-7,-3,0
2003-11-02,2003,9,New York Jets,NYJ,28,New York Giants,NYG,31,NYG,-3.5,40,59,0,31,28,3,NYJ,0,Home,28,31,-3,-3.5,1
2003-11-09,2003,10,Oakland Raiders,OAK,24,New York Jets,NYJ,27,NYJ,-3,38,51,0,27,24,3,NYJ,1,Away,27,24,3,3,0
2003-11-16,2003,11,Indianapolis Colts,IND,38,New York Jets,NYJ,31,IND,-6,43.5,69,0,38,31,7,NYJ,0,Away,31,38,-7,-6,0
2003-11-23,2003,12,New York Jets,NYJ,13,Jacksonville Jaguars,JAX,10,NYJ,-4,43,23,0,13,10,3,NYJ,1,Home,13,10,3,4,0
2003-12-01,2003,13,New York Jets,NYJ,24,Tennessee Titans,TEN,17,TEN,-3,42,41,0,17,24,-7,NYJ,0,Home,24,17,7,-3,1
2003-12-07,2003,14,Buffalo Bills,BUF,17,New York Jets,NYJ,6,BUF,-3,37,23,0,17,6,11,NYJ,0,Away,6,17,-11,-3,0
2003-12-14,2003,15,New York Jets,NYJ,6,Pittsburgh Steelers,PIT,0,NYJ,-3,36,6,0,6,0,6,NYJ,1,Home,6,0,6,3,1
2003-12-20,2003,16,New York Jets,NYJ,16,New England Patriots,NE,21,NE,-3,35,37,0,21,16,5,NYJ,0,Home,16,21,-5,-3,0
2003-12-28,2003,17,Miami Dolphins,MIA,23,New York Jets,NYJ,21,MIA,-3.5,37.5,44,0,23,21,2,NYJ,0,Away,21,23,-2,-3.5,1
2004-09-12,2004,1,New York Jets,NYJ,31,Cincinnati Bengals,CIN,24,NYJ,-5.5,42,55,0,31,24,7,NYJ,1,Home,31,24,7,5.5,1
2004-09-19,2004,2,San Diego Chargers,LAC,28,New York Jets,NYJ,34,NYJ,-3,47,62,0,34,28,6,NYJ,1,Away,34,28,6,3,1
2004-10-03,2004,4,Miami Dolphins,MIA,9,New York Jets,NYJ,17,NYJ,-5.5,36,26,0,17,9,8,NYJ,1,Away,17,9,8,5.5,1
2004-10-10,2004,5,New York Jets,NYJ,16,Buffalo Bills,BUF,14,NYJ,-6.5,37,30,0,16,14,2,NYJ,1,Home,16,14,2,6.5,0
2004-10-17,2004,6,New York Jets,NYJ,22,San Francisco 49ers,SF,14,NYJ,-9.5,43,36,0,22,14,8,NYJ,1,Home,22,14,8,9.5,0
2004-10-24,2004,7,New England Patriots,NE,13,New York Jets,NYJ,7,NE,-6,43.5,20,0,13,7,6,NYJ,0,Away,7,13,-6,-6,0
2004-11-01,2004,8,New York Jets,NYJ,41,Miami Dolphins,MIA,14,NYJ,-7,35.5,55,0,41,14,27,NYJ,1,Home,41,14,27,7,1
2004-11-07,2004,9,Buffalo Bills,BUF,22,New York Jets,NYJ,17,NYJ,-3,34,39,0,17,22,-5,NYJ,1,Away,17,22,-5,3,0
2004-11-14,2004,10,New York Jets,NYJ,17,Baltimore Ravens,BAL,20,BAL,-1,32,37,0,20,17,3,NYJ,0,Home,17,20,-3,-1,0
2004-11-21,2004,11,Cleveland Browns,CLE,7,New York Jets,NYJ,10,NYJ,-1.5,38,17,0,10,7,3,NYJ,1,Away,10,7,3,1.5,1
2004-11-28,2004,12,Arizona Cardinals,ARI,3,New York Jets,NYJ,13,NYJ,-3,36.5,16,0,13,3,10,NYJ,1,Away,13,3,10,3,1
2004-12-05,2004,13,New York Jets,NYJ,29,Houston Texans,HOU,7,NYJ,-7,42,36,0,29,7,22,NYJ,1,Home,29,7,22,7,1
2004-12-12,2004,14,Pittsburgh Steelers,PIT,17,New York Jets,NYJ,6,PIT,-4.5,35,23,0,17,6,11,NYJ,0,Away,6,17,-11,-4.5,0
2004-12-19,2004,15,New York Jets,NYJ,37,Seattle Seahawks,SEA,14,NYJ,-6.5,41.5,51,0,37,14,23,NYJ,1,Home,37,14,23,6.5,1
2004-12-26,2004,16,New York Jets,NYJ,7,New England Patriots,NE,23,PICK,0,41.5,30,0,23,7,16,NYJ,0,Home,7,23,-16,0,0
2005-01-02,2004,17,St. Louis Rams,LAR,32,New York Jets,NYJ,29,NYJ,-3.5,46,61,0,29,32,-3,NYJ,1,Away,29,32,-3,3.5,0
2005-09-11,2005,1,Kansas City Chiefs,KC,27,New York Jets,NYJ,7,KC,-3,48.5,34,0,27,7,20,NYJ,0,Away,7,27,-20,-3,0
2005-09-18,2005,2,New York Jets,NYJ,17,Miami Dolphins,MIA,7,NYJ,-6,37,24,0,17,7,10,NYJ,1,Home,17,7,10,6,1
2005-09-25,2005,3,New York Jets,NYJ,20,Jacksonville Jaguars,JAX,26,NYJ,-2.5,34.5,46,0,20,26,-6,NYJ,1,Home,20,26,-6,2.5,0
2005-10-02,2005,4,Baltimore Ravens,BAL,13,New York Jets,NYJ,3,BAL,-7.5,31.5,16,0,13,3,10,NYJ,0,Away,3,13,-10,-7.5,0
2005-10-09,2005,5,New York Jets,NYJ,14,Tampa Bay Buccaneers,TB,12,TB,-3.5,32,26,0,12,14,-2,NYJ,0,Home,14,12,2,-3.5,1
2005-10-16,2005,6,Buffalo Bills,BUF,27,New York Jets,NYJ,17,BUF,-3,33,44,0,27,17,10,NYJ,0,Away,17,27,-10,-3,0
2005-10-24,2005,7,Atlanta Falcons,ATL,27,New York Jets,NYJ,14,ATL,-7.5,41,41,0,27,14,13,NYJ,0,Away,14,27,-13,-7.5,0
2005-11-06,2005,9,New York Jets,NYJ,26,San Diego Chargers,LAC,31,LAC,-5.5,41.5,57,0,31,26,5,NYJ,0,Home,26,31,-5,-5.5,1
2005-11-13,2005,10,Carolina Panthers,CAR,30,New York Jets,NYJ,3,CAR,-9.5,40.5,33,0,30,3,27,NYJ,0,Away,3,30,-27,-9.5,0
2005-11-20,2005,11,Denver Broncos,DEN,27,New York Jets,NYJ,0,DEN,-13,41,27,0,27,0,27,NYJ,0,Away,0,27,-27,-13,0
2005-11-27,2005,12,New York Jets,NYJ,19,New Orleans Saints,NO,21,NO,-1,37,40,0,21,19,2,NYJ,0,Home,19,21,-2,-1,0
2005-12-04,2005,13,New England Patriots,NE,16,New York Jets,NYJ,3,NE,-7.5,42.5,19,0,16,3,13,NYJ,0,Away,3,16,-13,-7.5,0
2005-12-11,2005,14,New York Jets,NYJ,26,Oakland Raiders,OAK,10,OAK,-3,37.5,36,0,10,26,-16,NYJ,0,Home,26,10,16,-3,1
2005-12-18,2005,15,Miami Dolphins,MIA,24,New York Jets,NYJ,20,MIA,-7.5,35.5,44,0,24,20,4,NYJ,0,Away,20,24,-4,-7.5,1
2005-12-26,2005,16,New York Jets,NYJ,21,New England Patriots,NE,31,NE,-4,37.5,52,0,31,21,10,NYJ,0,Home,21,31,-10,-4,0
2006-01-01,2005,17,New York Jets,NYJ,30,Buffalo Bills,BUF,26,NYJ,-1.5,37.5,56,0,30,26,4,NYJ,1,Home,30,26,4,1.5,1
2006-09-10,2006,1,Tennessee Titans,TEN,16,New York Jets,NYJ,23,TEN,-2.5,35,39,0,16,23,-7,NYJ,0,Away,23,16,7,-2.5,1
2006-09-17,2006,2,New York Jets,NYJ,17,New England Patriots,NE,24,NE,-6,38.5,41,0,24,17,7,NYJ,0,Home,17,24,-7,-6,0
2006-09-24,2006,3,Buffalo Bills,BUF,20,New York Jets,NYJ,28,BUF,-6,33,48,0,20,28,-8,NYJ,0,Away,28,20,8,-6,1
2006-10-01,2006,4,New York Jets,NYJ,28,Indianapolis Colts,IND,31,IND,-8,46,59,0,31,28,3,NYJ,0,Home,28,31,-3,-8,1
2006-10-08,2006,5,Jacksonville Jaguars,JAX,41,New York Jets,NYJ,0,JAX,-7,38,41,0,41,0,41,NYJ,0,Away,0,41,-41,-7,0
2006-10-15,2006,6,New York Jets,NYJ,20,Miami Dolphins,MIA,17,NYJ,-2.5,36.5,37,0,20,17,3,NYJ,1,Home,20,17,3,2.5,1
2006-10-22,2006,7,New York Jets,NYJ,31,Detroit Lions,DET,24,NYJ,-3.5,43.5,55,0,31,24,7,NYJ,1,Home,31,24,7,3.5,1
2006-10-29,2006,8,Cleveland Browns,CLE,20,New York Jets,NYJ,13,CLE,-1.5,37.5,33,0,20,13,7,NYJ,0,Away,13,20,-7,-1.5,0
2006-11-12,2006,10,New England Patriots,NE,14,New York Jets,NYJ,17,NE,-10.5,38,31,0,14,17,-3,NYJ,0,Away,17,14,3,-10.5,1
2006-11-19,2006,11,New York Jets,NYJ,0,Chicago Bears,CHI,10,CHI,-5.5,40.5,10,0,10,0,10,NYJ,0,Home,0,10,-10,-5.5,0
2006-11-26,2006,12,New York Jets,NYJ,26,Houston Texans,HOU,11,NYJ,-5.5,40,37,0,26,11,15,NYJ,1,Home,26,11,15,5.5,1
2006-12-03,2006,13,Green Bay Packers,GB,10,New York Jets,NYJ,38,PICK,0,42.5,48,0,38,10,28,NYJ,0,Away,38,10,28,0,1
2006-12-10,2006,14,New York Jets,NYJ,13,Buffalo Bills,BUF,31,NYJ,-3.5,37.5,44,0,13,31,-18,NYJ,1,Home,13,31,-18,3.5,0
2006-12-17,2006,15,Minnesota Vikings,MIN,13,New York Jets,NYJ,26,MIN,-3,40.5,39,0,13,26,-13,NYJ,0,Away,26,13,13,-3,1
2006-12-25,2006,16,Miami Dolphins,MIA,10,New York Jets,NYJ,13,MIA,-3,36.5,23,0,10,13,-3,NYJ,0,Away,13,10,3,-3,1
2006-12-31,2006,17,New York Jets,NYJ,23,Oakland Raiders,OAK,3,NYJ,-10.5,34.5,26,0,23,3,20,NYJ,1,Home,23,3,20,10.5,1
2007-09-09,2007,1,New York Jets,NYJ,14,New England Patriots,NE,38,NE,-6.5,41,52,0,38,14,24,NYJ,0,Home,14,38,-24,-6.5,0
2007-09-16,2007,2,Baltimore Ravens,BAL,20,New York Jets,NYJ,13,BAL,-10,33,33,0,20,13,7,NYJ,0,Away,13,20,-7,-10,1
2007-09-23,2007,3,New York Jets,NYJ,31,Miami Dolphins,MIA,28,NYJ,-3,36.5,59,0,31,28,3,NYJ,1,Home,31,28,3,3,0
2007-09-30,2007,4,Buffalo Bills,BUF,17,New York Jets,NYJ,14,NYJ,-3,37,31,0,14,17,-3,NYJ,1,Away,14,17,-3,3,0
2007-10-07,2007,5,New York Giants,NYG,35,New York Jets,NYJ,24,NYG,-4,40.5,59,0,35,24,11,NYJ,0,Away,24,35,-11,-4,0
2007-10-14,2007,6,New York Jets,NYJ,9,Philadelphia Eagles,PHI,16,PHI,-4.5,43.5,25,0,16,9,7,NYJ,0,Home,9,16,-7,-4.5,0
2007-10-21,2007,7,Cincinnati Bengals,CIN,38,New York Jets,NYJ,31,CIN,-6,48.5,69,0,38,31,7,NYJ,0,Away,31,38,-7,-6,0
2007-10-28,2007,8,New York Jets,NYJ,3,Buffalo Bills,BUF,13,NYJ,-3,38.5,16,0,3,13,-10,NYJ,1,Home,3,13,-10,3,0
2007-11-04,2007,9,New York Jets,NYJ,20,Washington Redskins,WAS,23,WAS,-3.5,36,43,0,23,20,3,NYJ,0,Home,20,23,-3,-3.5,1
2007-11-18,2007,11,New York Jets,NYJ,19,Pittsburgh Steelers,PIT,16,PIT,-9.5,40.5,35,0,16,19,-3,NYJ,0,Home,19,16,3,-9.5,1
2007-11-22,2007,12,Dallas Cowboys,DAL,34,New York Jets,NYJ,3,DAL,-14.5,47.5,37,0,34,3,31,NYJ,0,Away,3,34,-31,-14.5,0
2007-12-02,2007,13,Miami Dolphins,MIA,13,New York Jets,NYJ,40,MIA,-1,37.5,53,0,13,40,-27,NYJ,0,Away,40,13,27,-1,1
2007-12-09,2007,14,New York Jets,NYJ,18,Cleveland Browns,CLE,24,CLE,-3.5,47.5,42,0,24,18,6,NYJ,0,Home,18,24,-6,-3.5,0
2007-12-16,2007,15,New England Patriots,NE,20,New York Jets,NYJ,10,NE,-20.5,41,30,0,20,10,10,NYJ,0,Away,10,20,-10,-20.5,1
2007-12-23,2007,16,Tennessee Titans,TEN,10,New York Jets,NYJ,6,TEN,-9,37.5,16,0,10,6,4,NYJ,0,Away,6,10,-4,-9,1
2007-12-30,2007,17,New York Jets,NYJ,13,Kansas City Chiefs,KC,10,NYJ,-4.5,35,23,0,13,10,3,NYJ,1,Home,13,10,3,4.5,0
2008-09-07,2008,1,Miami Dolphins,MIA,14,New York Jets,NYJ,20,NYJ,-3,36,34,0,20,14,6,NYJ,1,Away,20,14,6,3,1
2008-09-14,2008,2,New York Jets,NYJ,10,New England Patriots,NE,19,NYJ,-1,37,29,0,10,19,-9,NYJ,1,Home,10,19,-9,1,0
2008-09-22,2008,3,San Diego Chargers,LAC,48,New York Jets,NYJ,29,LAC,-8,46.5,77,0,48,29,19,NYJ,0,Away,29,48,-19,-8,0
2008-09-28,2008,4,New York Jets,NYJ,56,Arizona Cardinals,ARI,35,NYJ,-1.5,43.5,91,0,56,35,21,NYJ,1,Home,56,35,21,1.5,1
2008-10-12,2008,6,New York Jets,NYJ,26,Cincinnati Bengals,CIN,14,NYJ,-8,42.5,40,0,26,14,12,NYJ,1,Home,26,14,12,8,1
2008-10-19,2008,7,Oakland Raiders,OAK,16,New York Jets,NYJ,13,NYJ,-3,41,29,0,13,16,-3,NYJ,1,Away,13,16,-3,3,0
2008-10-26,2008,8,New York Jets,NYJ,28,Kansas City Chiefs,KC,24,NYJ,-14,41,52,0,28,24,4,NYJ,1,Home,28,24,4,14,0
2008-11-02,2008,9,Buffalo Bills,BUF,17,New York Jets,NYJ,26,BUF,-5,43,43,0,17,26,-9,NYJ,0,Away,26,17,9,-5,1
2008-11-09,2008,10,New York Jets,NYJ,47,St. Louis Rams,LAR,3,NYJ,-9.5,43.5,50,0,47,3,44,NYJ,1,Home,47,3,44,9.5,1
2008-11-13,2008,11,New England Patriots,NE,31,New York Jets,NYJ,34,NE,-3.5,42.5,65,0,31,34,-3,NYJ,0,Away,34,31,3,-3.5,1
2008-11-23,2008,12,Tennessee Titans,TEN,13,New York Jets,NYJ,34,TEN,-5.5,41,47,0,13,34,-21,NYJ,0,Away,34,13,21,-5.5,1
2008-11-30,2008,13,New York Jets,NYJ,17,Denver Broncos,DEN,34,NYJ,-8,48,51,0,17,34,-17,NYJ,1,Home,17,34,-17,8,0
2008-12-07,2008,14,San Francisco 49ers,SF,24,New York Jets,NYJ,14,NYJ,-5,45.5,38,0,14,24,-10,NYJ,1,Away,14,24,-10,5,0
2008-12-14,2008,15,New York Jets,NYJ,31,Buffalo Bills,BUF,27,NYJ,-8,41,58,0,31,27,4,NYJ,1,Home,31,27,4,8,0
2008-12-21,2008,16,Seattle Seahawks,SEA,13,New York Jets,NYJ,3,NYJ,-3.5,41,16,0,3,13,-10,NYJ,1,Away,3,13,-10,3.5,0
2008-12-28,2008,17,New York Jets,NYJ,17,Miami Dolphins,MIA,24,NYJ,-2.5,43,41,0,17,24,-7,NYJ,1,Home,17,24,-7,2.5,0
2009-09-13,2009,1,Houston Texans,HOU,7,New York Jets,NYJ,24,HOU,-4.5,45,31,0,7,24,-17,NYJ,0,Away,24,7,17,-4.5,1
2009-09-20,2009,2,New York Jets,NYJ,16,New England Patriots,NE,9,NE,-3.5,45,25,0,9,16,-7,NYJ,0,Home,16,9,7,-3.5,1
2009-09-27,2009,3,New York Jets,NYJ,24,Tennessee Titans,TEN,17,NYJ,-1,36,41,0,24,17,7,NYJ,1,Home,24,17,7,1,1
2009-10-04,2009,4,New Orleans Saints,NO,24,New York Jets,NYJ,10,NO,-7.5,47,34,0,24,10,14,NYJ,0,Away,10,24,-14,-7.5,0
2009-10-12,2009,5,Miami Dolphins,MIA,31,New York Jets,NYJ,27,NYJ,-3,36.5,58,0,27,31,-4,NYJ,1,Away,27,31,-4,3,0
2009-10-18,2009,6,New York Jets,NYJ,13,Buffalo Bills,BUF,16,NYJ,-9.5,35.5,29,0,13,16,-3,NYJ,1,Home,13,16,-3,9.5,0
2009-10-25,2009,7,Oakland Raiders,OAK,0,New York Jets,NYJ,38,NYJ,-6,34,38,0,38,0,38,NYJ,1,Away,38,0,38,6,1
2009-11-01,2009,8,New York Jets,NYJ,25,Miami Dolphins,MIA,30,NYJ,-3.5,40.5,55,0,25,30,-5,NYJ,1,Home,25,30,-5,3.5,0
2009-11-15,2009,10,New York Jets,NYJ,22,Jacksonville Jaguars,JAX,24,NYJ,-6.5,41,46,0,22,24,-2,NYJ,1,Home,22,24,-2,6.5,0
2009-11-22,2009,11,New England Patriots,NE,31,New York Jets,NYJ,14,NE,-11,45,45,0,31,14,17,NYJ,0,Away,14,31,-17,-11,0
2009-11-29,2009,12,New York Jets,NYJ,17,Carolina Panthers,CAR,6,NYJ,-3.5,41.5,23,0,17,6,11,NYJ,1,Home,17,6,11,3.5,1
2009-12-13,2009,14,Tampa Bay Buccaneers,TB,3,New York Jets,NYJ,26,NYJ,-3.5,36.5,29,0,26,3,23,NYJ,1,Away,26,3,23,3.5,1
2009-12-20,2009,15,New York Jets,NYJ,7,Atlanta Falcons,ATL,10,NYJ,-7,35.5,17,0,7,10,-3,NYJ,1,Home,7,10,-3,7,0
2009-12-27,2009,16,Indianapolis Colts,IND,15,New York Jets,NYJ,29,IND,-3,40.5,44,0,15,29,-14,NYJ,0,Away,29,15,14,-3,1
2010-01-03,2009,17,New York Jets,NYJ,37,Cincinnati Bengals,CIN,0,NYJ,-10,33.5,37,0,37,0,37,NYJ,1,Home,37,0,37,10,1
2010-09-13,2010,1,New York Jets,NYJ,9,Baltimore Ravens,BAL,10,NYJ,-1,36.5,19,0,9,10,-1,NYJ,1,Home,9,10,-1,1,0
2010-09-19,2010,2,New York Jets,NYJ,28,New England Patriots,NE,14,NE,-3,39.5,42,0,14,28,-14,NYJ,0,Home,28,14,14,-3,1
2010-09-26,2010,3,Miami Dolphins,MIA,23,New York Jets,NYJ,31,MIA,-2.5,36,54,0,23,31,-8,NYJ,0,Away,31,23,8,-2.5,1
2010-10-03,2010,4,Buffalo Bills,BUF,14,New York Jets,NYJ,38,NYJ,-6,37,52,0,38,14,24,NYJ,1,Away,38,14,24,6,1
2010-10-11,2010,5,New York Jets,NYJ,29,Minnesota Vikings,MIN,20,NYJ,-4.5,40,49,0,29,20,9,NYJ,1,Home,29,20,9,4.5,1
2010-10-17,2010,6,Denver Broncos,DEN,20,New York Jets,NYJ,24,NYJ,-3.5,43,44,0,24,20,4,NYJ,1,Away,24,20,4,3.5,1
2010-10-31,2010,8,New York Jets,NYJ,0,Green Bay Packers,GB,9,NYJ,-6,42,9,0,0,9,-9,NYJ,1,Home,0,9,-9,6,0
2010-11-07,2010,9,Detroit Lions,DET,20,New York Jets,NYJ,23,NYJ,-5.5,42,43,0,23,20,3,NYJ,1,Away,23,20,3,5.5,0
2010-11-14,2010,10,Cleveland Browns,CLE,20,New York Jets,NYJ,26,NYJ,-3.5,37,46,0,26,20,6,NYJ,1,Away,26,20,6,3.5,1
2010-11-21,2010,11,New York Jets,NYJ,30,Houston Texans,HOU,27,NYJ,-6.5,46,57,0,30,27,3,NYJ,1,Home,30,27,3,6.5,0
2010-11-25,2010,12,New York Jets,NYJ,26,Cincinnati Bengals,CIN,10,NYJ,-9.5,43.5,36,0,26,10,16,NYJ,1,Home,26,10,16,9.5,1
2010-12-06,2010,13,New England Patriots,NE,45,New York Jets,NYJ,3,NE,-4,44.5,48,0,45,3,42,NYJ,0,Away,3,45,-42,-4,0
2010-12-12,2010,14,New York Jets,NYJ,6,Miami Dolphins,MIA,10,NYJ,-5.5,38,16,0,6,10,-4,NYJ,1,Home,6,10,-4,5.5,0
2010-12-19,2010,15,Pittsburgh Steelers,PIT,17,New York Jets,NYJ,22,PIT,-4,35.5,39,0,17,22,-5,NYJ,0,Away,22,17,5,-4,1
2010-12-26,2010,16,Chicago Bears,CHI,38,New York Jets,NYJ,34,CHI,-3,36,72,0,38,34,4,NYJ,0,Away,34,38,-4,-3,0
2011-01-02,2010,17,New York Jets,NYJ,38,Buffalo Bills,BUF,7,NYJ,-1.5,38,45,0,38,7,31,NYJ,1,Home,38,7,31,1.5,1
2011-09-11,2011,1,New York Jets,NYJ,27,Dallas Cowboys,DAL,24,NYJ,-6,41,51,0,27,24,3,NYJ,1,Home,27,24,3,6,0
2011-09-18,2011,2,New York Jets,NYJ,32,Jacksonville Jaguars,JAX,3,NYJ,-9,38.5,35,0,32,3,29,NYJ,1,Home,32,3,29,9,1
2011-09-25,2011,3,Oakland Raiders,OAK,34,New York Jets,NYJ,24,NYJ,-3,41,58,0,24,34,-10,NYJ,1,Away,24,34,-10,3,0
2011-10-02,2011,4,Baltimore Ravens,BAL,34,New York Jets,NYJ,17,BAL,-5,43.5,51,0,34,17,17,NYJ,0,Away,17,34,-17,-5,0
2011-10-09,2011,5,New England Patriots,NE,30,New York Jets,NYJ,21,NE,-7.5,50,51,0,30,21,9,NYJ,0,Away,21,30,-9,-7.5,0
2011-10-17,2011,6,New York Jets,NYJ,24,Miami Dolphins,MIA,6,NYJ,-7.5,41.5,30,0,24,6,18,NYJ,1,Home,24,6,18,7.5,1
2011-10-23,2011,7,New York Jets,NYJ,27,San Diego Chargers,LAC,21,LAC,-1,43.5,48,0,21,27,-6,NYJ,0,Home,27,21,6,-1,1
2011-11-06,2011,9,Buffalo Bills,BUF,11,New York Jets,NYJ,27,BUF,-2.5,45,38,0,11,27,-16,NYJ,0,Away,27,11,16,-2.5,1
2011-11-13,2011,10,New York Jets,NYJ,16,New England Patriots,NE,37,NYJ,-2.5,47,53,0,16,37,-21,NYJ,1,Home,16,37,-21,2.5,0
2011-11-17,2011,11,Denver Broncos,DEN,17,New York Jets,NYJ,13,NYJ,-6.5,38.5,30,0,13,17,-4,NYJ,1,Away,13,17,-4,6.5,0
2011-11-27,2011,12,New York Jets,NYJ,28,Buffalo Bills,BUF,24,NYJ,-9.5,42.5,52,0,28,24,4,NYJ,1,Home,28,24,4,9.5,0
2011-12-04,2011,13,Washington Redskins,WAS,19,New York Jets,NYJ,34,NYJ,-3,38.5,53,0,34,19,15,NYJ,1,Away,34,19,15,3,1
2011-12-11,2011,14,New York Jets,NYJ,37,Kansas City Chiefs,KC,10,NYJ,-10.5,35.5,47,0,37,10,27,NYJ,1,Home,37,10,27,10.5,1
2011-12-18,2011,15,Philadelphia Eagles,PHI,45,New York Jets,NYJ,19,PHI,-3,44,64,0,45,19,26,NYJ,0,Away,19,45,-26,-3,0
2011-12-24,2011,16,New York Jets,NYJ,14,New York Giants,NYG,29,NYJ,-3,46,43,0,14,29,-15,NYJ,1,Home,14,29,-15,3,0
2012-01-01,2011,17,Miami Dolphins,MIA,19,New York Jets,NYJ,17,MIA,-2,39,36,0,19,17,2,NYJ,0,Away,17,19,-2,-2,0
2012-09-09,2012,1,New York Jets,NYJ,48,Buffalo Bills,BUF,28,NYJ,-3,39,76,0,48,28,20,NYJ,1,Home,48,28,20,3,1
2012-09-16,2012,2,Pittsburgh Steelers,PIT,27,New York Jets,NYJ,10,PIT,-4.5,43,37,0,27,10,17,NYJ,0,Away,10,27,-17,-4.5,0
2012-09-23,2012,3,Miami Dolphins,MIA,20,New York Jets,NYJ,23,NYJ,-3,40.5,43,0,23,20,3,NYJ,1,Away,23,20,3,3,0
2012-09-30,2012,4,New York Jets,NYJ,0,San Francisco 49ers,SF,34,SF,-4,41,34,0,34,0,34,NYJ,0,Home,0,34,-34,-4,0
2012-10-08,2012,5,New York Jets,NYJ,17,Houston Texans,HOU,23,HOU,-10,41,40,0,23,17,6,NYJ,0,Home,17,23,-6,-10,1
2012-10-14,2012,6,New York Jets,NYJ,35,Indianapolis Colts,IND,9,NYJ,-3,44,44,0,35,9,26,NYJ,1,Home,35,9,26,3,1
2012-10-21,2012,7,New England Patriots,NE,29,New York Jets,NYJ,26,NE,-10.5,47,55,0,29,26,3,NYJ,0,Away,26,29,-3,-10.5,1
2012-10-28,2012,8,New York Jets,NYJ,9,Miami Dolphins,MIA,30,NYJ,-1,39,39,0,9,30,-21,NYJ,1,Home,9,30,-21,1,0
2012-11-11,2012,10,Seattle Seahawks,SEA,28,New York Jets,NYJ,7,SEA,-5.5,38.5,35,0,28,7,21,NYJ,0,Away,7,28,-21,-5.5,0
2012-11-18,2012,11,St. Louis Rams,LAR,13,New York Jets,NYJ,27,LAR,-3.5,38.5,40,0,13,27,-14,NYJ,0,Away,27,13,14,-3.5,1
2012-11-22,2012,12,New York Jets,NYJ,19,New England Patriots,NE,49,NE,-7,48.5,68,0,49,19,30,NYJ,0,Home,19,49,-30,-7,0
2012-12-02,2012,13,New York Jets,NYJ,7,Arizona Cardinals,ARI,6,NYJ,-6,36.5,13,0,7,6,1,NYJ,1,Home,7,6,1,6,0
2012-12-09,2012,14,Jacksonville Jaguars,JAX,10,New York Jets,NYJ,17,NYJ,-3,39,27,0,17,10,7,NYJ,1,Away,17,10,7,3,1
2012-12-17,2012,15,Tennessee Titans,TEN,14,New York Jets,NYJ,10,TEN,-1,42,24,0,14,10,4,NYJ,0,Away,10,14,-4,-1,0
2012-12-23,2012,16,New York Jets,NYJ,17,San Diego Chargers,LAC,27,NYJ,-3,38,44,0,17,27,-10,NYJ,1,Home,17,27,-10,3,0
2012-12-30,2012,17,Buffalo Bills,BUF,28,New York Jets,NYJ,9,BUF,-3.5,41,37,0,28,9,19,NYJ,0,Away,9,28,-19,-3.5,0
2013-09-08,2013,1,New York Jets,NYJ,18,Tampa Bay Buccaneers,TB,17,TB,-6,39,35,0,17,18,-1,NYJ,0,Home,18,17,1,-6,1
2013-09-12,2013,2,New England Patriots,NE,13,New York Jets,NYJ,10,NE,-11.5,43.5,23,0,13,10,3,NYJ,0,Away,10,13,-3,-11.5,1
2013-09-22,2013,3,New York Jets,NYJ,27,Buffalo Bills,BUF,20,NYJ,-2.5,41,47,0,27,20,7,NYJ,1,Home,27,20,7,2.5,1
2013-09-29,2013,4,Tennessee Titans,TEN,38,New York Jets,NYJ,13,TEN,-3.5,40.5,51,0,38,13,25,NYJ,0,Away,13,38,-25,-3.5,0
2013-10-07,2013,5,Atlanta Falcons,ATL,28,New York Jets,NYJ,30,ATL,-10.5,45,58,0,28,30,-2,NYJ,0,Away,30,28,2,-10.5,1
2013-10-13,2013,6,New York Jets,NYJ,6,Pittsburgh Steelers,PIT,19,PIT,-1.5,41,25,0,19,6,13,NYJ,0,Home,6,19,-13,-1.5,0
2013-10-20,2013,7,New York Jets,NYJ,30,New England Patriots,NE,27,NE,-3,43,57,0,27,30,-3,NYJ,0,Home,30,27,3,-3,1
2013-10-27,2013,8,Cincinnati Bengals,CIN,49,New York Jets,NYJ,9,CIN,-4.5,41.5,58,0,49,9,40,NYJ,0,Away,9,49,-40,-4.5,0
2013-11-03,2013,9,New York Jets,NYJ,26,New Orleans Saints,NO,20,NO,-5.5,46,46,0,20,26,-6,NYJ,0,Home,26,20,6,-5.5,1
2013-11-17,2013,11,Buffalo Bills,BUF,37,New York Jets,NYJ,14,NYJ,-2,39.5,51,0,14,37,-23,NYJ,1,Away,14,37,-23,2,0
2013-11-24,2013,12,Baltimore Ravens,BAL,19,New York Jets,NYJ,3,BAL,-3.5,38.5,22,0,19,3,16,NYJ,0,Away,3,19,-16,-3.5,0
2013-12-01,2013,13,New York Jets,NYJ,3,Miami Dolphins,MIA,23,NYJ,-2,40.5,26,0,3,23,-20,NYJ,1,Home,3,23,-20,2,0
2013-12-08,2013,14,New York Jets,NYJ,37,Oakland Raiders,OAK,27,NYJ,-3,39.5,64,0,37,27,10,NYJ,1,Home,37,27,10,3,1
2013-12-15,2013,15,Carolina Panthers,CAR,30,New York Jets,NYJ,20,CAR,-10,40.5,50,0,30,20,10,NYJ,0,Away,20,30,-10,-10,0
2013-12-22,2013,16,New York Jets,NYJ,24,Cleveland Browns,CLE,13,NYJ,-1.5,42,37,0,24,13,11,NYJ,1,Home,24,13,11,1.5,1
2013-12-29,2013,17,Miami Dolphins,MIA,7,New York Jets,NYJ,20,MIA,-7,41,27,0,7,20,-13,NYJ,0,Away,20,7,13,-7,1
2014-09-07,2014,1,New York Jets,NYJ,19,Oakland Raiders,OAK,14,NYJ,-6.5,40.5,33,0,19,14,5,NYJ,1,Home,19,14,5,6.5,0
2014-09-14,2014,2,Green Bay Packers,GB,31,New York Jets,NYJ,24,GB,-7,46.5,55,0,31,24,7,NYJ,0,Away,24,31,-7,-7,0
2014-09-22,2014,3,New York Jets,NYJ,19,Chicago Bears,CHI,27,NYJ,-1.5,45,46,0,19,27,-8,NYJ,1,Home,19,27,-8,1.5,0
2014-09-28,2014,4,New York Jets,NYJ,17,Detroit Lions,DET,24,NYJ,-2,44,41,0,17,24,-7,NYJ,1,Home,17,24,-7,2,0
2014-10-05,2014,5,San Diego Chargers,LAC,31,New York Jets,NYJ,0,LAC,-7,44.5,31,0,31,0,31,NYJ,0,Away,0,31,-31,-7,0
2014-10-12,2014,6,New York Jets,NYJ,17,Denver Broncos,DEN,31,DEN,-10,47.5,48,0,31,17,14,NYJ,0,Home,17,31,-14,-10,0
2014-10-16,2014,7,New England Patriots,NE,27,New York Jets,NYJ,25,NE,-9.5,44.5,52,0,27,25,2,NYJ,0,Away,25,27,-2,-9.5,1
2014-10-26,2014,8,New York Jets,NYJ,23,Buffalo Bills,BUF,43,NYJ,-3,40.5,66,0,23,43,-20,NYJ,1,Home,23,43,-20,3,0
2014-11-02,2014,9,Kansas City Chiefs,KC,24,New York Jets,NYJ,10,KC,-9.5,41.5,34,0,24,10,14,NYJ,0,Away,10,24,-14,-9.5,0
2014-11-09,2014,10,New York Jets,NYJ,20,Pittsburgh Steelers,PIT,13,PIT,-4.5,47,33,0,13,20,-7,NYJ,0,Home,20,13,7,-4.5,1
2014-11-24,2014,12,Buffalo Bills,BUF,38,New York Jets,NYJ,3,BUF,-2.5,42.5,41,0,38,3,35,NYJ,0,Away,3,38,-35,-2.5,0
2014-12-01,2014,13,New York Jets,NYJ,13,Miami Dolphins,MIA,16,MIA,-6.5,41.5,29,0,16,13,3,NYJ,0,Home,13,16,-3,-6.5,1
2014-12-07,2014,14,Minnesota Vikings,MIN,30,New York Jets,NYJ,24,MIN,-4.5,40,54,0,30,24,6,NYJ,0,Away,24,30,-6,-4.5,0
2014-12-14,2014,15,Tennessee Titans,TEN,11,New York Jets,NYJ,16,NYJ,-3.5,41.5,27,0,16,11,5,NYJ,1,Away,16,11,5,3.5,1
2014-12-21,2014,16,New York Jets,NYJ,16,New England Patriots,NE,17,NE,-10,47,33,0,17,16,1,NYJ,0,Home,16,17,-1,-10,1
2014-12-28,2014,17,Miami Dolphins,MIA,24,New York Jets,NYJ,37,MIA,-7,41,61,0,24,37,-13,NYJ,0,Away,37,24,13,-7,1
2015-09-13,2015,1,New York Jets,NYJ,31,Cleveland Browns,CLE,10,NYJ,-3.5,38.5,41,0,31,10,21,NYJ,1,Home,31,10,21,3.5,1
2015-09-21,2015,2,Indianapolis Colts,IND,7,New York Jets,NYJ,20,IND,-6,46,27,0,7,20,-13,NYJ,0,Away,20,7,13,-6,1
2015-09-27,2015,3,New York Jets,NYJ,17,Philadelphia Eagles,PHI,24,NYJ,-3,47,41,0,17,24,-7,NYJ,1,Home,17,24,-7,3,0
2015-10-18,2015,6,New York Jets,NYJ,34,Washington Redskins,WAS,20,NYJ,-7.5,40,54,0,34,20,14,NYJ,1,Home,34,20,14,7.5,1
2015-10-25,2015,7,New England Patriots,NE,30,New York Jets,NYJ,23,NE,-7,47.5,53,0,30,23,7,NYJ,0,Away,23,30,-7,-7,0
2015-11-01,2015,8,Oakland Raiders,OAK,34,New York Jets,NYJ,20,NYJ,-3,44,54,0,20,34,-14,NYJ,1,Away,20,34,-14,3,0
2015-11-08,2015,9,New York Jets,NYJ,28,Jacksonville Jaguars,JAX,23,NYJ,-8,42.5,51,0,28,23,5,NYJ,1,Home,28,23,5,8,0
2015-11-12,2015,10,New York Jets,NYJ,17,Buffalo Bills,BUF,22,NYJ,-2.5,42,39,0,17,22,-5,NYJ,1,Home,17,22,-5,2.5,0
2015-11-22,2015,11,Houston Texans,HOU,24,New York Jets,NYJ,17,NYJ,-4,40,41,0,17,24,-7,NYJ,1,Away,17,24,-7,4,0
2015-11-29,2015,12,New York Jets,NYJ,38,Miami Dolphins,MIA,20,NYJ,-4.5,43.5,58,0,38,20,18,NYJ,1,Home,38,20,18,4.5,1
2015-12-06,2015,13,New York Giants,NYG,20,New York Jets,NYJ,23,NYJ,-2.5,46,43,0,23,20,3,NYJ,1,Away,23,20,3,2.5,1
2015-12-13,2015,14,New York Jets,NYJ,30,Tennessee Titans,TEN,8,NYJ,-8,43,38,0,30,8,22,NYJ,1,Home,30,8,22,8,1
2015-12-19,2015,15,Dallas Cowboys,DAL,16,New York Jets,NYJ,19,NYJ,-3.5,41,35,0,19,16,3,NYJ,1,Away,19,16,3,3.5,0
2015-12-27,2015,16,New York Jets,NYJ,26,New England Patriots,NE,20,NE,-2.5,45.5,46,0,20,26,-6,NYJ,0,Home,26,20,6,-2.5,1
2016-01-03,2015,17,Buffalo Bills,BUF,22,New York Jets,NYJ,17,NYJ,-3,41,39,0,17,22,-5,NYJ,1,Away,17,22,-5,3,0
2016-09-11,2016,1,New York Jets,NYJ,22,Cincinnati Bengals,CIN,23,CIN,-1,42,45,0,23,22,1,NYJ,0,Home,22,23,-1,-1,0
2016-09-15,2016,2,Buffalo Bills,BUF,31,New York Jets,NYJ,37,PICK,0,40.5,68,0,37,31,6,NYJ,0,Away,37,31,6,0,1
2016-09-25,2016,3,Kansas City Chiefs,KC,24,New York Jets,NYJ,3,KC,-3,44.5,27,0,24,3,21,NYJ,0,Away,3,24,-21,-3,0
2016-10-02,2016,4,New York Jets,NYJ,17,Seattle Seahawks,SEA,27,SEA,-1,40,44,0,27,17,10,NYJ,0,Home,17,27,-10,-1,0
2016-10-09,2016,5,Pittsburgh Steelers,PIT,31,New York Jets,NYJ,13,PIT,-10,50,44,0,31,13,18,NYJ,0,Away,13,31,-18,-10,0
2016-10-17,2016,6,Arizona Cardinals,ARI,28,New York Jets,NYJ,3,ARI,-7,45.5,31,0,28,3,25,NYJ,0,Away,3,28,-25,-7,0
2016-10-23,2016,7,New York Jets,NYJ,24,Baltimore Ravens,BAL,16,NYJ,-2.5,40,40,0,24,16,8,NYJ,1,Home,24,16,8,2.5,1
2016-10-30,2016,8,Cleveland Browns,CLE,28,New York Jets,NYJ,31,NYJ,-2.5,45.5,59,0,31,28,3,NYJ,1,Away,31,28,3,2.5,1
2016-11-06,2016,9,Miami Dolphins,MIA,27,New York Jets,NYJ,23,MIA,-3.5,45,50,0,27,23,4,NYJ,0,Away,23,27,-4,-3.5,0
2016-11-13,2016,10,New York Jets,NYJ,6,Los Angeles Rams,LAR,9,LAR,-1,38.5,15,0,9,6,3,NYJ,0,Home,6,9,-3,-1,0
2016-11-27,2016,12,New York Jets,NYJ,17,New England Patriots,NE,22,NE,-9.5,48.5,39,0,22,17,5,NYJ,0,Home,17,22,-5,-9.5,1
2016-12-05,2016,13,New York Jets,NYJ,10,Indianapolis Colts,IND,41,NYJ,-1,48.5,51,0,10,41,-31,NYJ,1,Home,10,41,-31,1,0
2016-12-11,2016,14,San Francisco 49ers,SF,17,New York Jets,NYJ,23,SF,-3,43,40,0,17,23,-6,NYJ,0,Away,23,17,6,-3,1
2016-12-17,2016,15,New York Jets,NYJ,13,Miami Dolphins,MIA,34,MIA,-2.5,40,47,0,34,13,21,NYJ,0,Home,13,34,-21,-2.5,0
2016-12-24,2016,16,New England Patriots,NE,41,New York Jets,NYJ,3,NE,-17,45,44,0,41,3,38,NYJ,0,Away,3,41,-38,-17,0
2017-01-01,2016,17,New York Jets,NYJ,30,Buffalo Bills,BUF,10,BUF,-3.5,43,40,0,10,30,-20,NYJ,0,Home,30,10,20,-3.5,1
2017-09-10,2017,1,Buffalo Bills,BUF,21,New York Jets,NYJ,12,BUF,-9.5,40,33,0,21,12,9,NYJ,0,Away,12,21,-9,-9.5,1
2017-09-17,2017,2,Oakland Raiders,OAK,45,New York Jets,NYJ,20,OAK,-14,43.5,65,0,45,20,25,NYJ,0,Away,20,45,-25,-14,0
2017-09-24,2017,3,New York Jets,NYJ,20,Miami Dolphins,MIA,6,MIA,-5.5,43,26,0,6,20,-14,NYJ,0,Home,20,6,14,-5.5,1
2017-10-01,2017,4,New York Jets,NYJ,23,Jacksonville Jaguars,JAX,20,JAX,-3,38,43,0,20,23,-3,NYJ,0,Home,23,20,3,-3,1
2017-10-08,2017,5,Cleveland Browns,CLE,14,New York Jets,NYJ,17,NYJ,-1.5,41.5,31,0,17,14,3,NYJ,1,Away,17,14,3,1.5,1
2017-10-15,2017,6,New York Jets,NYJ,17,New England Patriots,NE,24,NE,-9,48.5,41,0,24,17,7,NYJ,0,Home,17,24,-7,-9,1
2017-10-22,2017,7,Miami Dolphins,MIA,31,New York Jets,NYJ,28,MIA,-3,39.5,59,0,31,28,3,NYJ,0,Away,28,31,-3,-3,0
2017-10-29,2017,8,New York Jets,NYJ,20,Atlanta Falcons,ATL,25,ATL,-4.5,46,45,0,25,20,5,NYJ,0,Home,20,25,-5,-4.5,0
2017-11-02,2017,9,New York Jets,NYJ,34,Buffalo Bills,BUF,21,BUF,-3,43,55,0,21,34,-13,NYJ,0,Home,34,21,13,-3,1
2017-11-12,2017,10,Tampa Bay Buccaneers,TB,15,New York Jets,NYJ,10,TB,-1,44.5,25,0,15,10,5,NYJ,0,Away,10,15,-5,-1,0
2017-11-26,2017,12,New York Jets,NYJ,27,Carolina Panthers,CAR,35,CAR,-5,40,62,0,35,27,8,NYJ,0,Home,27,35,-8,-5,0
2017-12-03,2017,13,New York Jets,NYJ,38,Kansas City Chiefs,KC,31,KC,-3,43.5,69,0,31,38,-7,NYJ,0,Home,38,31,7,-3,1
2017-12-10,2017,14,Denver Broncos,DEN,23,New York Jets,NYJ,0,NYJ,-1,40.5,23,0,0,23,-23,NYJ,1,Away,0,23,-23,1,0
2017-12-17,2017,15,New Orleans Saints,NO,31,New York Jets,NYJ,19,NO,-16.5,47,50,0,31,19,12,NYJ,0,Away,19,31,-12,-16.5,1
2017-12-24,2017,16,New York Jets,NYJ,7,Los Angeles Chargers,LAC,14,LAC,-7.5,42.5,21,0,14,7,7,NYJ,0,Home,7,14,-7,-7.5,1
2017-12-31,2017,17,New England Patriots,NE,26,New York Jets,NYJ,6,NE,-17,43.5,32,0,26,6,20,NYJ,0,Away,6,26,-20,-17,0
2018-09-10,2018,1,Detroit Lions,DET,17,New York Jets,NYJ,48,DET,-7,44,65,0,17,48,-31,NYJ,0,Away,48,17,31,-7,1
2018-09-16,2018,2,New York Jets,NYJ,12,Miami Dolphins,MIA,20,NYJ,-3,43,32,0,12,20,-8,NYJ,1,Home,12,20,-8,3,0
2018-09-20,2018,3,Cleveland Browns,CLE,21,New York Jets,NYJ,17,CLE,-3,41,38,0,21,17,4,NYJ,0,Away,17,21,-4,-3,0
2018-09-30,2018,4,Jacksonville Jaguars,JAX,31,New York Jets,NYJ,12,JAX,-7.5,40.5,43,0,31,12,19,NYJ,0,Away,12,31,-19,-7.5,0
2018-10-07,2018,5,New York Jets,NYJ,34,Denver Broncos,DEN,16,NYJ,-1,43,50,0,34,16,18,NYJ,1,Home,34,16,18,1,1
2018-10-14,2018,6,New York Jets,NYJ,42,Indianapolis Colts,IND,34,NYJ,-2.5,47.5,76,0,42,34,8,NYJ,1,Home,42,34,8,2.5,1
2018-10-21,2018,7,New York Jets,NYJ,17,Minnesota Vikings,MIN,37,MIN,-3.5,45,54,0,37,17,20,NYJ,0,Home,17,37,-20,-3.5,0
2018-10-28,2018,8,Chicago Bears,CHI,24,New York Jets,NYJ,10,CHI,-8.5,42.5,34,0,24,10,14,NYJ,0,Away,10,24,-14,-8.5,0
2018-11-04,2018,9,Miami Dolphins,MIA,13,New York Jets,NYJ,6,MIA,-3,43,19,0,13,6,7,NYJ,0,Away,6,13,-7,-3,0
2018-11-11,2018,10,New York Jets,NYJ,10,Buffalo Bills,BUF,41,NYJ,-7,38,51,0,10,41,-31,NYJ,1,Home,10,41,-31,7,0
2018-11-25,2018,12,New York Jets,NYJ,13,New England Patriots,NE,27,NE,-13,46.5,40,0,27,13,14,NYJ,0,Home,13,27,-14,-13,0
2018-12-02,2018,13,Tennessee Titans,TEN,26,New York Jets,NYJ,22,TEN,-10.5,40.5,48,0,26,22,4,NYJ,0,Away,22,26,-4,-10.5,1
2018-12-09,2018,14,Buffalo Bills,BUF,23,New York Jets,NYJ,27,BUF,-4.5,37,50,0,23,27,-4,NYJ,0,Away,27,23,4,-4.5,1
2018-12-15,2018,15,New York Jets,NYJ,22,Houston Texans,HOU,29,HOU,-7,44,51,0,29,22,7,NYJ,0,Home,22,29,-7,-7,0
2018-12-23,2018,16,New York Jets,NYJ,38,Green Bay Packers,GB,44,GB,-3,47.5,82,0,44,38,6,NYJ,0,Home,38,44,-6,-3,0
2018-12-30,2018,17,New England Patriots,NE,38,New York Jets,NYJ,3,NE,-14.5,46.5,41,0,38,3,35,NYJ,0,Away,3,38,-35,-14.5,0
2019-09-08,2019,1,New York Jets,NYJ,16,Buffalo Bills,BUF,17,NYJ,-2.5,41,33,0,16,17,-1,NYJ,1,Home,16,17,-1,2.5,0
2019-09-16,2019,2,New York Jets,NYJ,3,Cleveland Browns,CLE,23,CLE,-6.5,45,26,0,23,3,20,NYJ,0,Home,3,23,-20,-6.5,0
2019-09-22,2019,3,New England Patriots,NE,30,New York Jets,NYJ,14,NE,-21,43,44,0,30,14,16,NYJ,0,Away,14,30,-16,-21,1
2019-10-06,2019,5,Philadelphia Eagles,PHI,31,New York Jets,NYJ,6,PHI,-14,43,37,0,31,6,25,NYJ,0,Away,6,31,-25,-14,0
2019-10-13,2019,6,New York Jets,NYJ,24,Dallas Cowboys,DAL,22,DAL,-7,43.5,46,0,22,24,-2,NYJ,0,Home,24,22,2,-7,1
2019-10-21,2019,7,New York Jets,NYJ,0,New England Patriots,NE,33,NE,-10,43,33,0,33,0,33,NYJ,0,Home,0,33,-33,-10,0
2019-10-27,2019,8,Jacksonville Jaguars,JAX,29,New York Jets,NYJ,15,JAX,-6.5,40,44,0,29,15,14,NYJ,0,Away,15,29,-14,-6.5,0
2019-11-03,2019,9,Miami Dolphins,MIA,26,New York Jets,NYJ,18,NYJ,-3,42.5,44,0,18,26,-8,NYJ,1,Away,18,26,-8,3,0
2019-11-10,2019,10,New York Jets,NYJ,34,New York Giants,NYG,27,NYG,-3,43,61,0,27,34,-7,NYJ,0,Home,34,27,7,-3,1
2019-11-17,2019,11,Washington Redskins,WAS,17,New York Jets,NYJ,34,WAS,-2,37.5,51,0,17,34,-17,NYJ,0,Away,34,17,17,-2,1
2019-11-24,2019,12,New York Jets,NYJ,34,Oakland Raiders,OAK,3,OAK,-3,44.5,37,0,3,34,-31,NYJ,0,Home,34,3,31,-3,1
2019-12-01,2019,13,Cincinnati Bengals,CIN,22,New York Jets,NYJ,6,NYJ,-3,43,28,0,6,22,-16,NYJ,1,Away,6,22,-16,3,0
2019-12-08,2019,14,New York Jets,NYJ,22,Miami Dolphins,MIA,21,NYJ,-5,47,43,0,22,21,1,NYJ,1,Home,22,21,1,5,0
2019-12-12,2019,15,Baltimore Ravens,BAL,42,New York Jets,NYJ,21,BAL,-17,44,63,0,42,21,21,NYJ,0,Away,21,42,-21,-17,0
2019-12-22,2019,16,New York Jets,NYJ,16,Pittsburgh Steelers,PIT,10,PIT,-3,36.5,26,0,10,16,-6,NYJ,0,Home,16,10,6,-3,1
2019-12-29,2019,17,Buffalo Bills,BUF,6,New York Jets,NYJ,13,NYJ,-1,37,19,0,13,6,7,NYJ,1,Away,13,6,7,1,1
2000-09-03,2000,1,Washington Redskins,WAS,20,Carolina Panthers,CAR,17,WAS,-10.5,47.5,37,0,20,17,3,CAR,0,Away,17,20,-3,-10.5,1
2000-09-10,2000,2,San Francisco 49ers,SF,22,Carolina Panthers,CAR,38,CAR,-3,48,60,0,38,22,16,CAR,1,Away,38,22,16,3,1
2000-09-17,2000,3,Carolina Panthers,CAR,10,Atlanta Falcons,ATL,15,CAR,-6,48.5,25,0,10,15,-5,CAR,1,Home,10,15,-5,6,0
2000-10-01,2000,5,Carolina Panthers,CAR,13,Dallas Cowboys,DAL,16,CAR,-6.5,47.5,29,0,13,16,-3,CAR,1,Home,13,16,-3,6.5,0
2000-10-08,2000,6,Carolina Panthers,CAR,26,Seattle Seahawks,SEA,3,CAR,-3.5,43,29,0,26,3,23,CAR,1,Home,26,3,23,3.5,1
2000-10-15,2000,7,New Orleans Saints,NO,24,Carolina Panthers,CAR,6,PICK,0,40.5,30,0,6,24,-18,CAR,0,Away,6,24,-18,0,0
2000-10-22,2000,8,Carolina Panthers,CAR,34,San Francisco 49ers,SF,16,CAR,-3,50,50,0,34,16,18,CAR,1,Home,34,16,18,3,1
2000-10-29,2000,9,Atlanta Falcons,ATL,13,Carolina Panthers,CAR,12,CAR,-3,45.5,25,0,12,13,-1,CAR,1,Away,12,13,-1,3,0
2000-11-05,2000,10,St. Louis Rams,LAR,24,Carolina Panthers,CAR,27,LAR,-13.5,59.5,51,0,24,27,-3,CAR,0,Away,27,24,3,-13.5,1
2000-11-12,2000,11,Carolina Panthers,CAR,10,New Orleans Saints,NO,20,NO,-2,37.5,30,0,20,10,10,CAR,0,Home,10,20,-10,-2,0
2000-11-19,2000,12,Minnesota Vikings,MIN,31,Carolina Panthers,CAR,17,MIN,-9.5,46.5,48,0,31,17,14,CAR,0,Away,17,31,-14,-9.5,0
2000-11-27,2000,13,Carolina Panthers,CAR,31,Green Bay Packers,GB,14,PICK,0,44,45,0,14,31,-17,CAR,0,Home,31,14,17,0,1
2000-12-03,2000,14,Carolina Panthers,CAR,16,St. Louis Rams,LAR,3,LAR,-8,58,19,0,3,16,-13,CAR,0,Home,16,3,13,-8,1
2000-12-10,2000,15,Kansas City Chiefs,KC,15,Carolina Panthers,CAR,14,KC,-2.5,42,29,0,15,14,1,CAR,0,Away,14,15,-1,-2.5,1
2000-12-17,2000,16,Carolina Panthers,CAR,30,San Diego Chargers,LAC,22,CAR,-8.5,38.5,52,0,30,22,8,CAR,1,Home,30,22,8,8.5,0
2000-12-24,2000,17,Oakland Raiders,OAK,52,Carolina Panthers,CAR,9,OAK,-9,45.5,61,0,52,9,43,CAR,0,Away,9,52,-43,-9,0
2001-09-09,2001,1,Minnesota Vikings,MIN,13,Carolina Panthers,CAR,24,MIN,-10,45,37,0,13,24,-11,CAR,0,Away,24,13,11,-10,1
2001-09-23,2001,2,Atlanta Falcons,ATL,24,Carolina Panthers,CAR,16,ATL,-3.5,41,40,0,24,16,8,CAR,0,Away,16,24,-8,-3.5,0
2001-09-30,2001,3,Carolina Panthers,CAR,7,Green Bay Packers,GB,28,GB,-3.5,41,35,0,28,7,21,CAR,0,Home,7,28,-21,-3.5,0
2001-10-07,2001,4,San Francisco 49ers,SF,24,Carolina Panthers,CAR,14,SF,-6.5,45,38,0,24,14,10,CAR,0,Away,14,24,-10,-6.5,0
2001-10-14,2001,5,Carolina Panthers,CAR,25,New Orleans Saints,NO,27,NO,-5,39.5,52,0,27,25,2,CAR,0,Home,25,27,-2,-5,1
2001-10-21,2001,6,Washington Redskins,WAS,17,Carolina Panthers,CAR,14,CAR,-3.5,36,31,0,14,17,-3,CAR,1,Away,14,17,-3,3.5,0
2001-10-28,2001,7,Carolina Panthers,CAR,12,New York Jets,NYJ,13,NYJ,-2.5,39,25,0,13,12,1,CAR,0,Home,12,13,-1,-2.5,1
2001-11-04,2001,8,Miami Dolphins,MIA,23,Carolina Panthers,CAR,6,MIA,-10,34.5,29,0,23,6,17,CAR,0,Away,6,23,-17,-10,0
2001-11-11,2001,9,St. Louis Rams,LAR,48,Carolina Panthers,CAR,14,LAR,-18,47,62,0,48,14,34,CAR,0,Away,14,48,-34,-18,0
2001-11-18,2001,10,Carolina Panthers,CAR,22,San Francisco 49ers,SF,25,SF,-7,43,47,0,25,22,3,CAR,0,Home,22,25,-3,-7,1
2001-11-25,2001,11,Carolina Panthers,CAR,7,Atlanta Falcons,ATL,10,ATL,-3,40,17,0,10,7,3,CAR,0,Home,7,10,-3,-3,0
2001-12-02,2001,12,New Orleans Saints,NO,27,Carolina Panthers,CAR,23,NO,-10,41,50,0,27,23,4,CAR,0,Away,23,27,-4,-10,1
2001-12-09,2001,13,Buffalo Bills,BUF,25,Carolina Panthers,CAR,24,BUF,-3.5,36.5,49,0,25,24,1,CAR,0,Away,24,25,-1,-3.5,1
2001-12-23,2001,15,Carolina Panthers,CAR,32,St. Louis Rams,LAR,38,LAR,-12.5,46.5,70,0,38,32,6,CAR,0,Home,32,38,-6,-12.5,1
2001-12-30,2001,16,Carolina Panthers,CAR,7,Arizona Cardinals,ARI,30,CAR,-1,39.5,37,0,7,30,-23,CAR,1,Home,7,30,-23,1,0
2002-01-06,2001,17,Carolina Panthers,CAR,6,New England Patriots,NE,38,NE,-6.5,36,44,0,38,6,32,CAR,0,Home,6,38,-32,-6.5,0
2002-09-08,2002,1,Carolina Panthers,CAR,10,Baltimore Ravens,BAL,7,PICK,0,33,17,0,7,10,-3,CAR,0,Home,10,7,3,0,1
2002-09-15,2002,2,Carolina Panthers,CAR,31,Detroit Lions,DET,7,CAR,-3,35.5,38,0,31,7,24,CAR,1,Home,31,7,24,3,1
2002-09-22,2002,3,Minnesota Vikings,MIN,14,Carolina Panthers,CAR,21,MIN,-6.5,44.5,35,0,14,21,-7,CAR,0,Away,21,14,7,-6.5,1
2002-09-29,2002,4,Green Bay Packers,GB,17,Carolina Panthers,CAR,14,GB,-6.5,41.5,31,0,17,14,3,CAR,0,Away,14,17,-3,-6.5,1
2002-10-06,2002,5,Carolina Panthers,CAR,13,Arizona Cardinals,ARI,16,CAR,-5,35,29,0,13,16,-3,CAR,1,Home,13,16,-3,5,0
2002-10-13,2002,6,Dallas Cowboys,DAL,14,Carolina Panthers,CAR,13,DAL,-2,35,27,0,14,13,1,CAR,0,Away,13,14,-1,-2,1
2002-10-20,2002,7,Atlanta Falcons,ATL,30,Carolina Panthers,CAR,0,ATL,-4,35.5,30,0,30,0,30,CAR,0,Away,0,30,-30,-4,0
2002-10-27,2002,8,Carolina Panthers,CAR,9,Tampa Bay Buccaneers,TB,12,TB,-8,31.5,21,0,12,9,3,CAR,0,Home,9,12,-3,-8,1
2002-11-10,2002,10,Carolina Panthers,CAR,24,New Orleans Saints,NO,34,NO,-4,39.5,58,0,34,24,10,CAR,0,Home,24,34,-10,-4,0
2002-11-17,2002,11,Tampa Bay Buccaneers,TB,23,Carolina Panthers,CAR,10,TB,-8,34.5,33,0,23,10,13,CAR,0,Away,10,23,-13,-8,0
2002-11-24,2002,12,Carolina Panthers,CAR,0,Atlanta Falcons,ATL,41,ATL,-3.5,37,41,0,41,0,41,CAR,0,Home,0,41,-41,-3.5,0
2002-12-01,2002,13,Cleveland Browns,CLE,6,Carolina Panthers,CAR,13,CLE,-7.5,34.5,19,0,6,13,-7,CAR,0,Away,13,6,7,-7.5,1
2002-12-08,2002,14,Carolina Panthers,CAR,52,Cincinnati Bengals,CIN,31,CAR,-3,37.5,83,0,52,31,21,CAR,1,Home,52,31,21,3,1
2002-12-15,2002,15,Pittsburgh Steelers,PIT,30,Carolina Panthers,CAR,14,PIT,-9,39,44,0,30,14,16,CAR,0,Away,14,30,-16,-9,0
2002-12-22,2002,16,Carolina Panthers,CAR,24,Chicago Bears,CHI,14,CAR,-4,36.5,38,0,24,14,10,CAR,1,Home,24,14,10,4,1
2002-12-29,2002,17,New Orleans Saints,NO,6,Carolina Panthers,CAR,10,NO,-6,43.5,16,0,6,10,-4,CAR,0,Away,10,6,4,-6,1
2003-09-07,2003,1,Carolina Panthers,CAR,24,Jacksonville Jaguars,JAX,23,CAR,-4,34.5,47,0,24,23,1,CAR,1,Home,24,23,1,4,0
2003-09-14,2003,2,Tampa Bay Buccaneers,TB,9,Carolina Panthers,CAR,12,TB,-9,34.5,21,0,9,12,-3,CAR,0,Away,12,9,3,-9,1
2003-09-28,2003,4,Carolina Panthers,CAR,23,Atlanta Falcons,ATL,3,CAR,-6,35.5,26,0,23,3,20,CAR,1,Home,23,3,20,6,1
2003-10-05,2003,5,Carolina Panthers,CAR,19,New Orleans Saints,NO,13,CAR,-7,37.5,32,0,19,13,6,CAR,1,Home,19,13,6,7,0
2003-10-12,2003,6,Indianapolis Colts,IND,20,Carolina Panthers,CAR,23,IND,-4,37.5,43,0,20,23,-3,CAR,0,Away,23,20,3,-4,1
2003-10-19,2003,7,Carolina Panthers,CAR,17,Tennessee Titans,TEN,37,PICK,0,37.5,54,0,37,17,20,CAR,0,Home,17,37,-20,0,0
2003-10-26,2003,8,New Orleans Saints,NO,20,Carolina Panthers,CAR,23,NO,-3,39.5,43,0,20,23,-3,CAR,0,Away,23,20,3,-3,1
2003-11-02,2003,9,Houston Texans,HOU,14,Carolina Panthers,CAR,10,CAR,-6,37,24,0,10,14,-4,CAR,1,Away,10,14,-4,6,0
2003-11-09,2003,10,Carolina Panthers,CAR,27,Tampa Bay Buccaneers,TB,24,TB,-3.5,34.5,51,0,24,27,-3,CAR,0,Home,27,24,3,-3.5,1
2003-11-16,2003,11,Carolina Panthers,CAR,20,Washington Redskins,WAS,17,CAR,-6,37,37,0,20,17,3,CAR,1,Home,20,17,3,6,0
2003-11-23,2003,12,Dallas Cowboys,DAL,24,Carolina Panthers,CAR,20,DAL,-3,33,44,0,24,20,4,CAR,0,Away,20,24,-4,-3,0
2003-11-30,2003,13,Carolina Panthers,CAR,16,Philadelphia Eagles,PHI,25,CAR,-1.5,37,41,0,16,25,-9,CAR,1,Home,16,25,-9,1.5,0
2003-12-07,2003,14,Atlanta Falcons,ATL,20,Carolina Panthers,CAR,14,CAR,-1,41,34,0,14,20,-6,CAR,1,Away,14,20,-6,1,0
2003-12-14,2003,15,Arizona Cardinals,ARI,17,Carolina Panthers,CAR,20,CAR,-7,38.5,37,0,20,17,3,CAR,1,Away,20,17,3,7,0
2003-12-21,2003,16,Carolina Panthers,CAR,20,Detroit Lions,DET,14,CAR,-7.5,37,34,0,20,14,6,CAR,1,Home,20,14,6,7.5,0
2003-12-28,2003,17,New York Giants,NYG,24,Carolina Panthers,CAR,37,CAR,-4.5,34.5,61,0,37,24,13,CAR,1,Away,37,24,13,4.5,1
2004-09-13,2004,1,Carolina Panthers,CAR,14,Green Bay Packers,GB,24,CAR,-3,43.5,38,0,14,24,-10,CAR,1,Home,14,24,-10,3,0
2004-09-19,2004,2,Kansas City Chiefs,KC,17,Carolina Panthers,CAR,28,KC,-7,46,45,0,17,28,-11,CAR,0,Away,28,17,11,-7,1
2004-10-03,2004,4,Carolina Panthers,CAR,10,Atlanta Falcons,ATL,27,CAR,-3.5,39,37,0,10,27,-17,CAR,1,Home,10,27,-17,3.5,0
2004-10-10,2004,5,Denver Broncos,DEN,20,Carolina Panthers,CAR,17,DEN,-4,38,37,0,20,17,3,CAR,0,Away,17,20,-3,-4,1
2004-10-17,2004,6,Philadelphia Eagles,PHI,30,Carolina Panthers,CAR,8,PHI,-10,42,38,0,30,8,22,CAR,0,Away,8,30,-22,-10,0
2004-10-24,2004,7,Carolina Panthers,CAR,6,San Diego Chargers,LAC,17,CAR,-3,42,23,0,6,17,-11,CAR,1,Home,6,17,-11,3,0
2004-10-31,2004,8,Seattle Seahawks,SEA,23,Carolina Panthers,CAR,17,SEA,-8,39,40,0,23,17,6,CAR,0,Away,17,23,-6,-8,1
2004-11-07,2004,9,Carolina Panthers,CAR,24,Oakland Raiders,OAK,27,CAR,-6,41,51,0,24,27,-3,CAR,1,Home,24,27,-3,6,0
2004-11-14,2004,10,San Francisco 49ers,SF,27,Carolina Panthers,CAR,37,SF,-1.5,41.5,64,0,27,37,-10,CAR,0,Away,37,27,10,-1.5,1
2004-11-21,2004,11,Carolina Panthers,CAR,35,Arizona Cardinals,ARI,10,CAR,-3,38,45,0,35,10,25,CAR,1,Home,35,10,25,3,1
2004-11-28,2004,12,Carolina Panthers,CAR,21,Tampa Bay Buccaneers,TB,14,TB,-3,39,35,0,14,21,-7,CAR,0,Home,21,14,7,-3,1
2004-12-05,2004,13,New Orleans Saints,NO,21,Carolina Panthers,CAR,32,CAR,-2,46.5,53,0,32,21,11,CAR,1,Away,32,21,11,2,1
2004-12-12,2004,14,Carolina Panthers,CAR,20,St. Louis Rams,LAR,7,CAR,-7,44.5,27,0,20,7,13,CAR,1,Home,20,7,13,7,1
2004-12-18,2004,15,Atlanta Falcons,ATL,34,Carolina Panthers,CAR,31,ATL,-3.5,41,65,0,34,31,3,CAR,0,Away,31,34,-3,-3.5,1
2004-12-26,2004,16,Tampa Bay Buccaneers,TB,20,Carolina Panthers,CAR,37,TB,-1.5,39,57,0,20,37,-17,CAR,0,Away,37,20,17,-1.5,1
2005-01-02,2004,17,Carolina Panthers,CAR,18,New Orleans Saints,NO,21,CAR,-7,46,39,0,18,21,-3,CAR,1,Home,18,21,-3,7,0
2005-09-11,2005,1,Carolina Panthers,CAR,20,New Orleans Saints,NO,23,CAR,-6.5,45.5,43,0,20,23,-3,CAR,1,Home,20,23,-3,6.5,0
2005-09-18,2005,2,Carolina Panthers,CAR,27,New England Patriots,NE,17,NE,-3,44,44,0,17,27,-10,CAR,0,Home,27,17,10,-3,1
2005-09-25,2005,3,Miami Dolphins,MIA,27,Carolina Panthers,CAR,24,CAR,-3.5,37.5,51,0,24,27,-3,CAR,1,Away,24,27,-3,3.5,0
2005-10-03,2005,4,Carolina Panthers,CAR,32,Green Bay Packers,GB,29,CAR,-3,43,61,0,32,29,3,CAR,1,Home,32,29,3,3,0
2005-10-09,2005,5,Arizona Cardinals,ARI,20,Carolina Panthers,CAR,24,CAR,-3,42,44,0,24,20,4,CAR,1,Away,24,20,4,3,1
2005-10-16,2005,6,Detroit Lions,DET,20,Carolina Panthers,CAR,21,PICK,0,42,41,0,21,20,1,CAR,0,Away,21,20,1,0,1
2005-10-30,2005,8,Carolina Panthers,CAR,38,Minnesota Vikings,MIN,13,CAR,-8,44,51,0,38,13,25,CAR,1,Home,38,13,25,8,1
2005-11-06,2005,9,Tampa Bay Buccaneers,TB,14,Carolina Panthers,CAR,34,PICK,0,36.5,48,0,34,14,20,CAR,0,Away,34,14,20,0,1
2005-11-13,2005,10,Carolina Panthers,CAR,30,New York Jets,NYJ,3,CAR,-9.5,40.5,33,0,30,3,27,CAR,1,Home,30,3,27,9.5,1
2005-11-20,2005,11,Chicago Bears,CHI,13,Carolina Panthers,CAR,3,CAR,-3,34.5,16,0,3,13,-10,CAR,1,Away,3,13,-10,3,0
2005-11-27,2005,12,Buffalo Bills,BUF,9,Carolina Panthers,CAR,13,CAR,-4,36.5,22,0,13,9,4,CAR,1,Away,13,9,4,4,0
2005-12-04,2005,13,Carolina Panthers,CAR,24,Atlanta Falcons,ATL,6,CAR,-3,43.5,30,0,24,6,18,CAR,1,Home,24,6,18,3,1
2005-12-11,2005,14,Carolina Panthers,CAR,10,Tampa Bay Buccaneers,TB,20,CAR,-5.5,37,30,0,10,20,-10,CAR,1,Home,10,20,-10,5.5,0
2005-12-18,2005,15,New Orleans Saints,NO,10,Carolina Panthers,CAR,27,CAR,-7,40.5,37,0,27,10,17,CAR,1,Away,27,10,17,7,1
2005-12-24,2005,16,Carolina Panthers,CAR,20,Dallas Cowboys,DAL,24,CAR,-5.5,38.5,44,0,20,24,-4,CAR,1,Home,20,24,-4,5.5,0
2006-01-01,2005,17,Atlanta Falcons,ATL,11,Carolina Panthers,CAR,44,CAR,-3.5,42,55,0,44,11,33,CAR,1,Away,44,11,33,3.5,1
2006-09-10,2006,1,Carolina Panthers,CAR,6,Atlanta Falcons,ATL,20,CAR,-4.5,39,26,0,6,20,-14,CAR,1,Home,6,20,-14,4.5,0
2006-09-17,2006,2,Minnesota Vikings,MIN,16,Carolina Panthers,CAR,13,MIN,-2,37.5,29,0,16,13,3,CAR,0,Away,13,16,-3,-2,0
2006-09-24,2006,3,Tampa Bay Buccaneers,TB,24,Carolina Panthers,CAR,26,CAR,-3,33.5,50,0,26,24,2,CAR,1,Away,26,24,2,3,0
2006-10-01,2006,4,Carolina Panthers,CAR,21,New Orleans Saints,NO,18,CAR,-7.5,41,39,0,21,18,3,CAR,1,Home,21,18,3,7.5,0
2006-10-08,2006,5,Carolina Panthers,CAR,20,Cleveland Browns,CLE,12,CAR,-7.5,38,32,0,20,12,8,CAR,1,Home,20,12,8,7.5,1
2006-10-15,2006,6,Baltimore Ravens,BAL,21,Carolina Panthers,CAR,23,BAL,-3,33,44,0,21,23,-2,CAR,0,Away,23,21,2,-3,1
2006-10-22,2006,7,Cincinnati Bengals,CIN,17,Carolina Panthers,CAR,14,CIN,-3,44.5,31,0,17,14,3,CAR,0,Away,14,17,-3,-3,0
2006-10-29,2006,8,Carolina Panthers,CAR,14,Dallas Cowboys,DAL,35,CAR,-5.5,40.5,49,0,14,35,-21,CAR,1,Home,14,35,-21,5.5,0
2006-11-13,2006,10,Carolina Panthers,CAR,24,Tampa Bay Buccaneers,TB,10,CAR,-10,37,34,0,24,10,14,CAR,1,Home,24,10,14,10,1
2006-11-19,2006,11,Carolina Panthers,CAR,15,St. Louis Rams,LAR,0,CAR,-6.5,44.5,15,0,15,0,15,CAR,1,Home,15,0,15,6.5,1
2006-11-26,2006,12,Washington Redskins,WAS,17,Carolina Panthers,CAR,13,CAR,-6,36,30,0,13,17,-4,CAR,1,Away,13,17,-4,6,0
2006-12-04,2006,13,Philadelphia Eagles,PHI,27,Carolina Panthers,CAR,24,CAR,-3,37.5,51,0,24,27,-3,CAR,1,Away,24,27,-3,3,0
2006-12-10,2006,14,Carolina Panthers,CAR,13,New York Giants,NYG,27,NYG,-2.5,39,40,0,27,13,14,CAR,0,Home,13,27,-14,-2.5,0
2006-12-17,2006,15,Carolina Panthers,CAR,3,Pittsburgh Steelers,PIT,37,PIT,-2.5,39,40,0,37,3,34,CAR,0,Home,3,37,-34,-2.5,0
2006-12-24,2006,16,Atlanta Falcons,ATL,3,Carolina Panthers,CAR,10,ATL,-6,41,13,0,3,10,-7,CAR,0,Away,10,3,7,-6,1
2006-12-31,2006,17,New Orleans Saints,NO,21,Carolina Panthers,CAR,31,CAR,-2,38.5,52,0,31,21,10,CAR,1,Away,31,21,10,2,1
2007-09-09,2007,1,St. Louis Rams,LAR,13,Carolina Panthers,CAR,27,LAR,-1,43,40,0,13,27,-14,CAR,0,Away,27,13,14,-1,1
2007-09-16,2007,2,Carolina Panthers,CAR,21,Houston Texans,HOU,34,CAR,-6.5,38.5,55,0,21,34,-13,CAR,1,Home,21,34,-13,6.5,0
2007-09-23,2007,3,Atlanta Falcons,ATL,20,Carolina Panthers,CAR,27,CAR,-4,38.5,47,0,27,20,7,CAR,1,Away,27,20,7,4,1
2007-09-30,2007,4,Carolina Panthers,CAR,7,Tampa Bay Buccaneers,TB,20,CAR,-3,39.5,27,0,7,20,-13,CAR,1,Home,7,20,-13,3,0
2007-10-07,2007,5,New Orleans Saints,NO,13,Carolina Panthers,CAR,16,NO,-4,44,29,0,13,16,-3,CAR,0,Away,16,13,3,-4,1
2007-10-14,2007,6,Arizona Cardinals,ARI,10,Carolina Panthers,CAR,25,ARI,-6,38.5,35,0,10,25,-15,CAR,0,Away,25,10,15,-6,1
2007-10-28,2007,8,Carolina Panthers,CAR,7,Indianapolis Colts,IND,31,IND,-6.5,44,38,0,31,7,24,CAR,0,Home,7,31,-24,-6.5,0
2007-11-04,2007,9,Tennessee Titans,TEN,20,Carolina Panthers,CAR,7,TEN,-5.5,35.5,27,0,20,7,13,CAR,0,Away,7,20,-13,-5.5,0
2007-11-11,2007,10,Carolina Panthers,CAR,13,Atlanta Falcons,ATL,20,CAR,-4,35.5,33,0,13,20,-7,CAR,1,Home,13,20,-7,4,0
2007-11-18,2007,11,Green Bay Packers,GB,31,Carolina Panthers,CAR,17,GB,-10,37.5,48,0,31,17,14,CAR,0,Away,17,31,-14,-10,0
2007-11-25,2007,12,Carolina Panthers,CAR,6,New Orleans Saints,NO,31,NO,-3,42,37,0,31,6,25,CAR,0,Home,6,31,-25,-3,0
2007-12-02,2007,13,Carolina Panthers,CAR,31,San Francisco 49ers,SF,14,CAR,-3,35,45,0,31,14,17,CAR,1,Home,31,14,17,3,1
2007-12-09,2007,14,Jacksonville Jaguars,JAX,37,Carolina Panthers,CAR,6,JAX,-10.5,39,43,0,37,6,31,CAR,0,Away,6,37,-31,-10.5,0
2007-12-16,2007,15,Carolina Panthers,CAR,13,Seattle Seahawks,SEA,10,SEA,-8,37,23,0,10,13,-3,CAR,0,Home,13,10,3,-8,1
2007-12-22,2007,16,Carolina Panthers,CAR,13,Dallas Cowboys,DAL,20,DAL,-10.5,42.5,33,0,20,13,7,CAR,0,Home,13,20,-7,-10.5,1
2007-12-30,2007,17,Tampa Bay Buccaneers,TB,23,Carolina Panthers,CAR,31,CAR,-2.5,36,54,0,31,23,8,CAR,1,Away,31,23,8,2.5,1
2008-09-07,2008,1,San Diego Chargers,LAC,24,Carolina Panthers,CAR,26,LAC,-9.5,41,50,0,24,26,-2,CAR,0,Away,26,24,2,-9.5,1
2008-09-14,2008,2,Carolina Panthers,CAR,20,Chicago Bears,CHI,17,CAR,-3,37.5,37,0,20,17,3,CAR,1,Home,20,17,3,3,0
2008-09-21,2008,3,Minnesota Vikings,MIN,20,Carolina Panthers,CAR,10,MIN,-3,37.5,30,0,20,10,10,CAR,0,Away,10,20,-10,-3,0
2008-09-28,2008,4,Carolina Panthers,CAR,24,Atlanta Falcons,ATL,9,CAR,-7,39,33,0,24,9,15,CAR,1,Home,24,9,15,7,1
2008-10-05,2008,5,Carolina Panthers,CAR,34,Kansas City Chiefs,KC,0,CAR,-10,38,34,0,34,0,34,CAR,1,Home,34,0,34,10,1
2008-10-12,2008,6,Tampa Bay Buccaneers,TB,27,Carolina Panthers,CAR,3,TB,-1,36.5,30,0,27,3,24,CAR,0,Away,3,27,-24,-1,0
2008-10-19,2008,7,Carolina Panthers,CAR,30,New Orleans Saints,NO,7,CAR,-3,44.5,37,0,30,7,23,CAR,1,Home,30,7,23,3,1
2008-10-26,2008,8,Carolina Panthers,CAR,27,Arizona Cardinals,ARI,23,CAR,-5.5,43,50,0,27,23,4,CAR,1,Home,27,23,4,5.5,0
2008-11-09,2008,10,Oakland Raiders,OAK,6,Carolina Panthers,CAR,17,CAR,-9.5,37.5,23,0,17,6,11,CAR,1,Away,17,6,11,9.5,1
2008-11-16,2008,11,Carolina Panthers,CAR,31,Detroit Lions,DET,22,CAR,-14,40.5,53,0,31,22,9,CAR,1,Home,31,22,9,14,0
2008-11-23,2008,12,Atlanta Falcons,ATL,45,Carolina Panthers,CAR,28,ATL,-1,41.5,73,0,45,28,17,CAR,0,Away,28,45,-17,-1,0
2008-11-30,2008,13,Green Bay Packers,GB,31,Carolina Panthers,CAR,35,GB,-3,41.5,66,0,31,35,-4,CAR,0,Away,35,31,4,-3,1
2008-12-08,2008,14,Carolina Panthers,CAR,38,Tampa Bay Buccaneers,TB,23,CAR,-3,38.5,61,0,38,23,15,CAR,1,Home,38,23,15,3,1
2008-12-14,2008,15,Carolina Panthers,CAR,30,Denver Broncos,DEN,10,CAR,-7.5,48,40,0,30,10,20,CAR,1,Home,30,10,20,7.5,1
2008-12-21,2008,16,New York Giants,NYG,34,Carolina Panthers,CAR,28,NYG,-4,38,62,0,34,28,6,CAR,0,Away,28,34,-6,-4,0
2008-12-28,2008,17,New Orleans Saints,NO,31,Carolina Panthers,CAR,33,CAR,-1.5,51.5,64,0,33,31,2,CAR,1,Away,33,31,2,1.5,1
2009-09-13,2009,1,Carolina Panthers,CAR,10,Philadelphia Eagles,PHI,38,PHI,-2.5,43.5,48,0,38,10,28,CAR,0,Home,10,38,-28,-2.5,0
2009-09-20,2009,2,Atlanta Falcons,ATL,28,Carolina Panthers,CAR,20,ATL,-5.5,43.5,48,0,28,20,8,CAR,0,Away,20,28,-8,-5.5,0
2009-09-28,2009,3,Dallas Cowboys,DAL,21,Carolina Panthers,CAR,7,DAL,-8.5,48.5,28,0,21,7,14,CAR,0,Away,7,21,-14,-8.5,0
2009-10-11,2009,5,Carolina Panthers,CAR,20,Washington Redskins,WAS,17,CAR,-5.5,38,37,0,20,17,3,CAR,1,Home,20,17,3,5.5,0
2009-10-18,2009,6,Tampa Bay Buccaneers,TB,21,Carolina Panthers,CAR,28,CAR,-3,40.5,49,0,28,21,7,CAR,1,Away,28,21,7,3,1
2009-10-25,2009,7,Carolina Panthers,CAR,9,Buffalo Bills,BUF,20,CAR,-7,37,29,0,9,20,-11,CAR,1,Home,9,20,-11,7,0
2009-11-01,2009,8,Arizona Cardinals,ARI,21,Carolina Panthers,CAR,34,ARI,-10,41,55,0,21,34,-13,CAR,0,Away,34,21,13,-10,1
2009-11-08,2009,9,New Orleans Saints,NO,30,Carolina Panthers,CAR,20,NO,-13,51.5,50,0,30,20,10,CAR,0,Away,20,30,-10,-13,1
2009-11-15,2009,10,Carolina Panthers,CAR,28,Atlanta Falcons,ATL,19,ATL,-1,43.5,47,0,19,28,-9,CAR,0,Home,28,19,9,-1,1
2009-11-19,2009,11,Carolina Panthers,CAR,17,Miami Dolphins,MIA,24,CAR,-3.5,42,41,0,17,24,-7,CAR,1,Home,17,24,-7,3.5,0
2009-11-29,2009,12,New York Jets,NYJ,17,Carolina Panthers,CAR,6,NYJ,-3.5,41.5,23,0,17,6,11,CAR,0,Away,6,17,-11,-3.5,0
2009-12-06,2009,13,Carolina Panthers,CAR,16,Tampa Bay Buccaneers,TB,6,CAR,-3.5,40,22,0,16,6,10,CAR,1,Home,16,6,10,3.5,1
2009-12-13,2009,14,New England Patriots,NE,20,Carolina Panthers,CAR,10,NE,-12.5,43.5,30,0,20,10,10,CAR,0,Away,10,20,-10,-12.5,1
2009-12-20,2009,15,Carolina Panthers,CAR,26,Minnesota Vikings,MIN,7,MIN,-9,43,33,0,7,26,-19,CAR,0,Home,26,7,19,-9,1
2009-12-27,2009,16,New York Giants,NYG,9,Carolina Panthers,CAR,41,NYG,-8.5,43,50,0,9,41,-32,CAR,0,Away,41,9,32,-8.5,1
2010-01-03,2009,17,Carolina Panthers,CAR,23,New Orleans Saints,NO,10,CAR,-10,41,33,0,23,10,13,CAR,1,Home,23,10,13,10,1
2010-09-12,2010,1,New York Giants,NYG,31,Carolina Panthers,CAR,18,NYG,-6,41,49,0,31,18,13,CAR,0,Away,18,31,-13,-6,0
2010-09-19,2010,2,Carolina Panthers,CAR,7,Tampa Bay Buccaneers,TB,20,CAR,-4,37.5,27,0,7,20,-13,CAR,1,Home,7,20,-13,4,0
2010-09-26,2010,3,Carolina Panthers,CAR,7,Cincinnati Bengals,CIN,20,CIN,-3.5,37,27,0,20,7,13,CAR,0,Home,7,20,-13,-3.5,0
2010-10-03,2010,4,New Orleans Saints,NO,16,Carolina Panthers,CAR,14,NO,-12.5,44,30,0,16,14,2,CAR,0,Away,14,16,-2,-12.5,1
2010-10-10,2010,5,Carolina Panthers,CAR,6,Chicago Bears,CHI,23,CAR,-3,33,29,0,6,23,-17,CAR,1,Home,6,23,-17,3,0
2010-10-24,2010,7,Carolina Panthers,CAR,23,San Francisco 49ers,SF,20,SF,-2.5,35.5,43,0,20,23,-3,CAR,0,Home,23,20,3,-2.5,1
2010-10-31,2010,8,St. Louis Rams,LAR,20,Carolina Panthers,CAR,10,LAR,-2.5,37,30,0,20,10,10,CAR,0,Away,10,20,-10,-2.5,0
2010-11-07,2010,9,Carolina Panthers,CAR,3,New Orleans Saints,NO,34,NO,-6.5,40.5,37,0,34,3,31,CAR,0,Home,3,34,-31,-6.5,0
2010-11-14,2010,10,Tampa Bay Buccaneers,TB,31,Carolina Panthers,CAR,16,TB,-7,37,47,0,31,16,15,CAR,0,Away,16,31,-15,-7,0
2010-11-21,2010,11,Carolina Panthers,CAR,13,Baltimore Ravens,BAL,37,BAL,-13.5,37,50,0,37,13,24,CAR,0,Home,13,37,-24,-13.5,0
2010-11-28,2010,12,Cleveland Browns,CLE,24,Carolina Panthers,CAR,23,CLE,-7.5,37.5,47,0,24,23,1,CAR,0,Away,23,24,-1,-7.5,1
2010-12-05,2010,13,Seattle Seahawks,SEA,31,Carolina Panthers,CAR,14,SEA,-5,40,45,0,31,14,17,CAR,0,Away,14,31,-17,-5,0
2010-12-12,2010,14,Carolina Panthers,CAR,10,Atlanta Falcons,ATL,31,ATL,-7.5,41,41,0,31,10,21,CAR,0,Home,10,31,-21,-7.5,0
2010-12-19,2010,15,Carolina Panthers,CAR,19,Arizona Cardinals,ARI,12,CAR,-2.5,37.5,31,0,19,12,7,CAR,1,Home,19,12,7,2.5,1
2010-12-23,2010,16,Pittsburgh Steelers,PIT,27,Carolina Panthers,CAR,3,PIT,-14.5,38,30,0,27,3,24,CAR,0,Away,3,27,-24,-14.5,0
2011-01-02,2010,17,Atlanta Falcons,ATL,31,Carolina Panthers,CAR,10,ATL,-14.5,41.5,41,0,31,10,21,CAR,0,Away,10,31,-21,-14.5,0
2011-09-11,2011,1,Arizona Cardinals,ARI,28,Carolina Panthers,CAR,21,ARI,-7,37.5,49,0,28,21,7,CAR,0,Away,21,28,-7,-7,0
2011-09-18,2011,2,Carolina Panthers,CAR,23,Green Bay Packers,GB,30,GB,-11,45,53,0,30,23,7,CAR,0,Home,23,30,-7,-11,1
2011-09-25,2011,3,Carolina Panthers,CAR,16,Jacksonville Jaguars,JAX,10,CAR,-3.5,43.5,26,0,16,10,6,CAR,1,Home,16,10,6,3.5,1
2011-10-02,2011,4,Chicago Bears,CHI,34,Carolina Panthers,CAR,29,CHI,-7,42,63,0,34,29,5,CAR,0,Away,29,34,-5,-7,1
2011-10-09,2011,5,Carolina Panthers,CAR,27,New Orleans Saints,NO,30,NO,-6.5,51.5,57,0,30,27,3,CAR,0,Home,27,30,-3,-6.5,1
2011-10-16,2011,6,Atlanta Falcons,ATL,31,Carolina Panthers,CAR,17,ATL,-3.5,49.5,48,0,31,17,14,CAR,0,Away,17,31,-14,-3.5,0
2011-10-23,2011,7,Carolina Panthers,CAR,33,Washington Redskins,WAS,20,CAR,-2.5,44.5,53,0,33,20,13,CAR,1,Home,33,20,13,2.5,1
2011-10-30,2011,8,Carolina Panthers,CAR,21,Minnesota Vikings,MIN,24,CAR,-3,47,45,0,21,24,-3,CAR,1,Home,21,24,-3,3,0
2011-11-13,2011,10,Carolina Panthers,CAR,3,Tennessee Titans,TEN,30,CAR,-3.5,47.5,33,0,3,30,-27,CAR,1,Home,3,30,-27,3.5,0
2011-11-20,2011,11,Detroit Lions,DET,49,Carolina Panthers,CAR,35,DET,-7,47.5,84,0,49,35,14,CAR,0,Away,35,49,-14,-7,0
2011-11-27,2011,12,Indianapolis Colts,IND,19,Carolina Panthers,CAR,27,CAR,-3.5,46.5,46,0,27,19,8,CAR,1,Away,27,19,8,3.5,1
2011-12-04,2011,13,Tampa Bay Buccaneers,TB,19,Carolina Panthers,CAR,38,CAR,-2.5,46.5,57,0,38,19,19,CAR,1,Away,38,19,19,2.5,1
2011-12-11,2011,14,Carolina Panthers,CAR,23,Atlanta Falcons,ATL,31,ATL,-3,47.5,54,0,31,23,8,CAR,0,Home,23,31,-8,-3,0
2011-12-18,2011,15,Houston Texans,HOU,13,Carolina Panthers,CAR,28,HOU,-6,45.5,41,0,13,28,-15,CAR,0,Away,28,13,15,-6,1
2011-12-24,2011,16,Carolina Panthers,CAR,48,Tampa Bay Buccaneers,TB,16,CAR,-7.5,48,64,0,48,16,32,CAR,1,Home,48,16,32,7.5,1
2012-01-01,2011,17,New Orleans Saints,NO,45,Carolina Panthers,CAR,17,NO,-7,55,62,0,45,17,28,CAR,0,Away,17,45,-28,-7,0
2012-09-09,2012,1,Tampa Bay Buccaneers,TB,16,Carolina Panthers,CAR,10,CAR,-3,45.5,26,0,10,16,-6,CAR,1,Away,10,16,-6,3,0
2012-09-16,2012,2,Carolina Panthers,CAR,35,New Orleans Saints,NO,27,NO,-3,54,62,0,27,35,-8,CAR,0,Home,35,27,8,-3,1
2012-09-20,2012,3,Carolina Panthers,CAR,7,New York Giants,NYG,36,CAR,-3,49,43,0,7,36,-29,CAR,1,Home,7,36,-29,3,0
2012-09-30,2012,4,Atlanta Falcons,ATL,30,Carolina Panthers,CAR,28,ATL,-7,48,58,0,30,28,2,CAR,0,Away,28,30,-2,-7,1
2012-10-07,2012,5,Carolina Panthers,CAR,12,Seattle Seahawks,SEA,16,CAR,-2,42,28,0,12,16,-4,CAR,1,Home,12,16,-4,2,0
2012-10-21,2012,7,Carolina Panthers,CAR,14,Dallas Cowboys,DAL,19,DAL,-2.5,45,33,0,19,14,5,CAR,0,Home,14,19,-5,-2.5,0
2012-10-28,2012,8,Chicago Bears,CHI,23,Carolina Panthers,CAR,22,CHI,-7.5,41.5,45,0,23,22,1,CAR,0,Away,22,23,-1,-7.5,1
2012-11-04,2012,9,Washington Redskins,WAS,13,Carolina Panthers,CAR,21,WAS,-3,48.5,34,0,13,21,-8,CAR,0,Away,21,13,8,-3,1
2012-11-11,2012,10,Carolina Panthers,CAR,14,Denver Broncos,DEN,36,DEN,-4,47,50,0,36,14,22,CAR,0,Home,14,36,-22,-4,0
2012-11-18,2012,11,Carolina Panthers,CAR,21,Tampa Bay Buccaneers,TB,27,TB,-1.5,47,48,0,27,21,6,CAR,0,Home,21,27,-6,-1.5,0
2012-11-26,2012,12,Philadelphia Eagles,PHI,22,Carolina Panthers,CAR,30,CAR,-3,42,52,0,30,22,8,CAR,1,Away,30,22,8,3,1
2012-12-02,2012,13,Kansas City Chiefs,KC,27,Carolina Panthers,CAR,21,CAR,-6,41,48,0,21,27,-6,CAR,1,Away,21,27,-6,6,0
2012-12-09,2012,14,Carolina Panthers,CAR,30,Atlanta Falcons,ATL,20,ATL,-3.5,47,50,0,20,30,-10,CAR,0,Home,30,20,10,-3.5,1
2012-12-16,2012,15,San Diego Chargers,LAC,7,Carolina Panthers,CAR,31,LAC,-3,45.5,38,0,7,31,-24,CAR,0,Away,31,7,24,-3,1
2012-12-23,2012,16,Carolina Panthers,CAR,17,Oakland Raiders,OAK,6,CAR,-9.5,47,23,0,17,6,11,CAR,1,Home,17,6,11,9.5,1
2012-12-30,2012,17,New Orleans Saints,NO,38,Carolina Panthers,CAR,44,NO,-4,54,82,0,38,44,-6,CAR,0,Away,44,38,6,-4,1
2013-09-08,2013,1,Carolina Panthers,CAR,7,Seattle Seahawks,SEA,12,SEA,-3.5,45,19,0,12,7,5,CAR,0,Home,7,12,-5,-3.5,0
2013-09-15,2013,2,Buffalo Bills,BUF,24,Carolina Panthers,CAR,23,CAR,-3.5,43.5,47,0,23,24,-1,CAR,1,Away,23,24,-1,3.5,0
2013-09-22,2013,3,Carolina Panthers,CAR,38,New York Giants,NYG,0,NYG,-3,47,38,0,0,38,-38,CAR,0,Home,38,0,38,-3,1
2013-10-06,2013,5,Arizona Cardinals,ARI,22,Carolina Panthers,CAR,6,CAR,-3,42.5,28,0,6,22,-16,CAR,1,Away,6,22,-16,3,0
2013-10-13,2013,6,Minnesota Vikings,MIN,10,Carolina Panthers,CAR,35,MIN,-2.5,44.5,45,0,10,35,-25,CAR,0,Away,35,10,25,-2.5,1
2013-10-20,2013,7,Carolina Panthers,CAR,30,St. Louis Rams,LAR,15,CAR,-7,42,45,0,30,15,15,CAR,1,Home,30,15,15,7,1
2013-10-24,2013,8,Tampa Bay Buccaneers,TB,13,Carolina Panthers,CAR,31,CAR,-6.5,38.5,44,0,31,13,18,CAR,1,Away,31,13,18,6.5,1
2013-11-03,2013,9,Carolina Panthers,CAR,34,Atlanta Falcons,ATL,10,CAR,-8,47,44,0,34,10,24,CAR,1,Home,34,10,24,8,1
2013-11-10,2013,10,San Francisco 49ers,SF,9,Carolina Panthers,CAR,10,SF,-5.5,42.5,19,0,9,10,-1,CAR,0,Away,10,9,1,-5.5,1
2013-11-18,2013,11,Carolina Panthers,CAR,24,New England Patriots,NE,20,CAR,-3,45.5,44,0,24,20,4,CAR,1,Home,24,20,4,3,1
2013-11-24,2013,12,Miami Dolphins,MIA,16,Carolina Panthers,CAR,20,CAR,-4,40.5,36,0,20,16,4,CAR,1,Away,20,16,4,4,0
2013-12-01,2013,13,Carolina Panthers,CAR,27,Tampa Bay Buccaneers,TB,6,CAR,-6.5,40.5,33,0,27,6,21,CAR,1,Home,27,6,21,6.5,1
2013-12-08,2013,14,New Orleans Saints,NO,31,Carolina Panthers,CAR,13,NO,-3,46.5,44,0,31,13,18,CAR,0,Away,13,31,-18,-3,0
2013-12-15,2013,15,Carolina Panthers,CAR,30,New York Jets,NYJ,20,CAR,-10,40.5,50,0,30,20,10,CAR,1,Home,30,20,10,10,0
2013-12-22,2013,16,Carolina Panthers,CAR,17,New Orleans Saints,NO,13,CAR,-3,44.5,30,0,17,13,4,CAR,1,Home,17,13,4,3,1
2013-12-29,2013,17,Atlanta Falcons,ATL,20,Carolina Panthers,CAR,21,CAR,-5.5,46.5,41,0,21,20,1,CAR,1,Away,21,20,1,5.5,0
2014-09-07,2014,1,Tampa Bay Buccaneers,TB,14,Carolina Panthers,CAR,20,TB,-5.5,37.5,34,0,14,20,-6,CAR,0,Away,20,14,6,-5.5,1
2014-09-14,2014,2,Carolina Panthers,CAR,24,Detroit Lions,DET,7,CAR,-1,43.5,31,0,24,7,17,CAR,1,Home,24,7,17,1,1
2014-09-21,2014,3,Carolina Panthers,CAR,19,Pittsburgh Steelers,PIT,37,CAR,-3,42.5,56,0,19,37,-18,CAR,1,Home,19,37,-18,3,0
2014-09-28,2014,4,Baltimore Ravens,BAL,38,Carolina Panthers,CAR,10,BAL,-3.5,42,48,0,38,10,28,CAR,0,Away,10,38,-28,-3.5,0
2014-10-05,2014,5,Carolina Panthers,CAR,31,Chicago Bears,CHI,24,CAR,-1.5,47,55,0,31,24,7,CAR,1,Home,31,24,7,1.5,1
2014-10-12,2014,6,Cincinnati Bengals,CIN,37,Carolina Panthers,CAR,37,CIN,-7,44,74,0,37,37,0,CAR,0,Away,37,37,0,-7,1
2014-10-19,2014,7,Green Bay Packers,GB,38,Carolina Panthers,CAR,17,GB,-6.5,49.5,55,0,38,17,21,CAR,0,Away,17,38,-21,-6.5,0
2014-10-26,2014,8,Carolina Panthers,CAR,9,Seattle Seahawks,SEA,13,SEA,-6,45,22,0,13,9,4,CAR,0,Home,9,13,-4,-6,1
2014-10-30,2014,9,Carolina Panthers,CAR,10,New Orleans Saints,NO,28,NO,-3,49,38,0,28,10,18,CAR,0,Home,10,28,-18,-3,0
2014-11-10,2014,10,Philadelphia Eagles,PHI,45,Carolina Panthers,CAR,21,PHI,-7,48.5,66,0,45,21,24,CAR,0,Away,21,45,-24,-7,0
2014-11-16,2014,11,Carolina Panthers,CAR,17,Atlanta Falcons,ATL,19,ATL,-2.5,47,36,0,19,17,2,CAR,0,Home,17,19,-2,-2.5,1
2014-11-30,2014,13,Minnesota Vikings,MIN,31,Carolina Panthers,CAR,13,MIN,-2.5,41.5,44,0,31,13,18,CAR,0,Away,13,31,-18,-2.5,0
2014-12-07,2014,14,New Orleans Saints,NO,10,Carolina Panthers,CAR,41,NO,-8.5,50.5,51,0,10,41,-31,CAR,0,Away,41,10,31,-8.5,1
2014-12-14,2014,15,Carolina Panthers,CAR,19,Tampa Bay Buccaneers,TB,17,CAR,-3.5,41.5,36,0,19,17,2,CAR,1,Home,19,17,2,3.5,0
2014-12-21,2014,16,Carolina Panthers,CAR,17,Cleveland Browns,CLE,13,CAR,-6,40,30,0,17,13,4,CAR,1,Home,17,13,4,6,0
2014-12-28,2014,17,Atlanta Falcons,ATL,3,Carolina Panthers,CAR,34,ATL,-2.5,48,37,0,3,34,-31,CAR,0,Away,34,3,31,-2.5,1
2015-09-13,2015,1,Jacksonville Jaguars,JAX,9,Carolina Panthers,CAR,20,CAR,-3,41,29,0,20,9,11,CAR,1,Away,20,9,11,3,1
2015-09-20,2015,2,Carolina Panthers,CAR,24,Houston Texans,HOU,17,CAR,-3,41,41,0,24,17,7,CAR,1,Home,24,17,7,3,1
2015-09-27,2015,3,Carolina Panthers,CAR,27,New Orleans Saints,NO,22,CAR,-9.5,43,49,0,27,22,5,CAR,1,Home,27,22,5,9.5,0
2015-10-04,2015,4,Tampa Bay Buccaneers,TB,23,Carolina Panthers,CAR,37,CAR,-3,40.5,60,0,37,23,14,CAR,1,Away,37,23,14,3,1
2015-10-18,2015,6,Seattle Seahawks,SEA,23,Carolina Panthers,CAR,27,SEA,-7,41,50,0,23,27,-4,CAR,0,Away,27,23,4,-7,1
2015-10-25,2015,7,Carolina Panthers,CAR,27,Philadelphia Eagles,PHI,16,CAR,-2.5,46,43,0,27,16,11,CAR,1,Home,27,16,11,2.5,1
2015-11-02,2015,8,Carolina Panthers,CAR,29,Indianapolis Colts,IND,26,CAR,-5.5,45.5,55,0,29,26,3,CAR,1,Home,29,26,3,5.5,0
2015-11-08,2015,9,Carolina Panthers,CAR,37,Green Bay Packers,GB,29,GB,-2.5,46,66,0,29,37,-8,CAR,0,Home,37,29,8,-2.5,1
2015-11-15,2015,10,Tennessee Titans,TEN,10,Carolina Panthers,CAR,27,CAR,-3.5,43,37,0,27,10,17,CAR,1,Away,27,10,17,3.5,1
2015-11-22,2015,11,Carolina Panthers,CAR,44,Washington Redskins,WAS,16,CAR,-7,44.5,60,0,44,16,28,CAR,1,Home,44,16,28,7,1
2015-11-26,2015,12,Dallas Cowboys,DAL,14,Carolina Panthers,CAR,33,CAR,-1,44.5,47,0,33,14,19,CAR,1,Away,33,14,19,1,1
2015-12-06,2015,13,New Orleans Saints,NO,38,Carolina Panthers,CAR,41,CAR,-6,50.5,79,0,41,38,3,CAR,1,Away,41,38,3,6,0
2015-12-13,2015,14,Carolina Panthers,CAR,38,Atlanta Falcons,ATL,0,CAR,-8.5,45.5,38,0,38,0,38,CAR,1,Home,38,0,38,8.5,1
2015-12-20,2015,15,New York Giants,NYG,35,Carolina Panthers,CAR,38,CAR,-5,46.5,73,0,38,35,3,CAR,1,Away,38,35,3,5,0
2015-12-27,2015,16,Atlanta Falcons,ATL,20,Carolina Panthers,CAR,13,CAR,-7,46,33,0,13,20,-7,CAR,1,Away,13,20,-7,7,0
2016-01-03,2015,17,Carolina Panthers,CAR,38,Tampa Bay Buccaneers,TB,10,CAR,-10,45,48,0,38,10,28,CAR,1,Home,38,10,28,10,1
2016-09-08,2016,1,Denver Broncos,DEN,21,Carolina Panthers,CAR,20,CAR,-3,40.5,41,0,20,21,-1,CAR,1,Away,20,21,-1,3,0
2016-09-18,2016,2,Carolina Panthers,CAR,46,San Francisco 49ers,SF,27,CAR,-12.5,44,73,0,46,27,19,CAR,1,Home,46,27,19,12.5,1
2016-09-25,2016,3,Carolina Panthers,CAR,10,Minnesota Vikings,MIN,22,CAR,-6.5,42.5,32,0,10,22,-12,CAR,1,Home,10,22,-12,6.5,0
2016-10-02,2016,4,Atlanta Falcons,ATL,48,Carolina Panthers,CAR,33,CAR,-3,48.5,81,0,33,48,-15,CAR,1,Away,33,48,-15,3,0
2016-10-10,2016,5,Carolina Panthers,CAR,14,Tampa Bay Buccaneers,TB,17,CAR,-6,46.5,31,0,14,17,-3,CAR,1,Home,14,17,-3,6,0
2016-10-16,2016,6,New Orleans Saints,NO,41,Carolina Panthers,CAR,38,CAR,-2.5,53.5,79,0,38,41,-3,CAR,1,Away,38,41,-3,2.5,0
2016-10-30,2016,8,Carolina Panthers,CAR,30,Arizona Cardinals,ARI,20,CAR,-2.5,45.5,50,0,30,20,10,CAR,1,Home,30,20,10,2.5,1
2016-11-06,2016,9,Los Angeles Rams,LAR,10,Carolina Panthers,CAR,13,CAR,-3,44.5,23,0,13,10,3,CAR,1,Away,13,10,3,3,0
2016-11-13,2016,10,Carolina Panthers,CAR,17,Kansas City Chiefs,KC,20,CAR,-3,44,37,0,17,20,-3,CAR,1,Home,17,20,-3,3,0
2016-11-17,2016,11,Carolina Panthers,CAR,23,New Orleans Saints,NO,20,CAR,-3.5,53.5,43,0,23,20,3,CAR,1,Home,23,20,3,3.5,0
2016-11-27,2016,12,Oakland Raiders,OAK,35,Carolina Panthers,CAR,32,OAK,-3.5,48.5,67,0,35,32,3,CAR,0,Away,32,35,-3,-3.5,1
2016-12-04,2016,13,Seattle Seahawks,SEA,40,Carolina Panthers,CAR,7,SEA,-8.5,44,47,0,40,7,33,CAR,0,Away,7,40,-33,-8.5,0
2016-12-11,2016,14,Carolina Panthers,CAR,28,San Diego Chargers,LAC,16,CAR,-1,48.5,44,0,28,16,12,CAR,1,Home,28,16,12,1,1
2016-12-19,2016,15,Washington Redskins,WAS,15,Carolina Panthers,CAR,26,WAS,-7,50.5,41,0,15,26,-11,CAR,0,Away,26,15,11,-7,1
2016-12-24,2016,16,Carolina Panthers,CAR,16,Atlanta Falcons,ATL,33,ATL,-3,49,49,0,33,16,17,CAR,0,Home,16,33,-17,-3,0
2017-01-01,2016,17,Tampa Bay Buccaneers,TB,17,Carolina Panthers,CAR,16,TB,-3,44.5,33,0,17,16,1,CAR,0,Away,16,17,-1,-3,1
2017-09-10,2017,1,San Francisco 49ers,SF,3,Carolina Panthers,CAR,23,CAR,-5.5,48,26,0,23,3,20,CAR,1,Away,23,3,20,5.5,1
2017-09-17,2017,2,Carolina Panthers,CAR,9,Buffalo Bills,BUF,3,CAR,-7,42.5,12,0,9,3,6,CAR,1,Home,9,3,6,7,0
2017-09-24,2017,3,Carolina Panthers,CAR,13,New Orleans Saints,NO,34,CAR,-5,46.5,47,0,13,34,-21,CAR,1,Home,13,34,-21,5,0
2017-10-01,2017,4,New England Patriots,NE,30,Carolina Panthers,CAR,33,NE,-9,49,63,0,30,33,-3,CAR,0,Away,33,30,3,-9,1
2017-10-08,2017,5,Detroit Lions,DET,24,Carolina Panthers,CAR,27,DET,-2.5,43.5,51,0,24,27,-3,CAR,0,Away,27,24,3,-2.5,1
2017-10-12,2017,6,Carolina Panthers,CAR,23,Philadelphia Eagles,PHI,28,CAR,-3,45.5,51,0,23,28,-5,CAR,1,Home,23,28,-5,3,0
2017-10-22,2017,7,Chicago Bears,CHI,17,Carolina Panthers,CAR,3,CAR,-3,40,20,0,3,17,-14,CAR,1,Away,3,17,-14,3,0
2017-10-29,2017,8,Tampa Bay Buccaneers,TB,3,Carolina Panthers,CAR,17,TB,-2,46,20,0,3,17,-14,CAR,0,Away,17,3,14,-2,1
2017-11-05,2017,9,Carolina Panthers,CAR,20,Atlanta Falcons,ATL,17,ATL,-3,42,37,0,17,20,-3,CAR,0,Home,20,17,3,-3,1
2017-11-13,2017,10,Carolina Panthers,CAR,45,Miami Dolphins,MIA,21,CAR,-8,38.5,66,0,45,21,24,CAR,1,Home,45,21,24,8,1
2017-11-26,2017,12,New York Jets,NYJ,27,Carolina Panthers,CAR,35,CAR,-5,40,62,0,35,27,8,CAR,1,Away,35,27,8,5,1
2017-12-03,2017,13,New Orleans Saints,NO,31,Carolina Panthers,CAR,21,NO,-4.5,48,52,0,31,21,10,CAR,0,Away,21,31,-10,-4.5,0
2017-12-10,2017,14,Carolina Panthers,CAR,31,Minnesota Vikings,MIN,24,MIN,-2.5,40.5,55,0,24,31,-7,CAR,0,Home,31,24,7,-2.5,1
2017-12-17,2017,15,Carolina Panthers,CAR,31,Green Bay Packers,GB,24,CAR,-3,46.5,55,0,31,24,7,CAR,1,Home,31,24,7,3,1
2017-12-24,2017,16,Carolina Panthers,CAR,22,Tampa Bay Buccaneers,TB,19,CAR,-10,46.5,41,0,22,19,3,CAR,1,Home,22,19,3,10,0
2017-12-31,2017,17,Atlanta Falcons,ATL,22,Carolina Panthers,CAR,10,ATL,-5,44.5,32,0,22,10,12,CAR,0,Away,10,22,-12,-5,0
2018-09-09,2018,1,Carolina Panthers,CAR,16,Dallas Cowboys,DAL,8,CAR,-2.5,42.5,24,0,16,8,8,CAR,1,Home,16,8,8,2.5,1
2018-09-16,2018,2,Atlanta Falcons,ATL,31,Carolina Panthers,CAR,24,ATL,-5.5,44,55,0,31,24,7,CAR,0,Away,24,31,-7,-5.5,0
2018-09-23,2018,3,Carolina Panthers,CAR,31,Cincinnati Bengals,CIN,21,CAR,-2.5,44,52,0,31,21,10,CAR,1,Home,31,21,10,2.5,1
2018-10-07,2018,5,Carolina Panthers,CAR,33,New York Giants,NYG,31,CAR,-7,43.5,64,0,33,31,2,CAR,1,Home,33,31,2,7,0
2018-10-14,2018,6,Washington Redskins,WAS,23,Carolina Panthers,CAR,17,CAR,-1,44.5,40,0,17,23,-6,CAR,1,Away,17,23,-6,1,0
2018-10-21,2018,7,Philadelphia Eagles,PHI,17,Carolina Panthers,CAR,21,PHI,-5,45,38,0,17,21,-4,CAR,0,Away,21,17,4,-5,1
2018-10-28,2018,8,Carolina Panthers,CAR,36,Baltimore Ravens,BAL,21,BAL,-2.5,44,57,0,21,36,-15,CAR,0,Home,36,21,15,-2.5,1
2018-11-04,2018,9,Carolina Panthers,CAR,42,Tampa Bay Buccaneers,TB,28,CAR,-6,55.5,70,0,42,28,14,CAR,1,Home,42,28,14,6,1
2018-11-08,2018,10,Pittsburgh Steelers,PIT,52,Carolina Panthers,CAR,21,PIT,-3.5,51,73,0,52,21,31,CAR,0,Away,21,52,-31,-3.5,0
2018-11-18,2018,11,Detroit Lions,DET,20,Carolina Panthers,CAR,19,CAR,-4,48,39,0,19,20,-1,CAR,1,Away,19,20,-1,4,0
2018-11-25,2018,12,Carolina Panthers,CAR,27,Seattle Seahawks,SEA,30,CAR,-3,46.5,57,0,27,30,-3,CAR,1,Home,27,30,-3,3,0
2018-12-02,2018,13,Tampa Bay Buccaneers,TB,24,Carolina Panthers,CAR,17,CAR,-3.5,52,41,0,17,24,-7,CAR,1,Away,17,24,-7,3.5,0
2018-12-09,2018,14,Cleveland Browns,CLE,26,Carolina Panthers,CAR,20,CAR,-1,47.5,46,0,20,26,-6,CAR,1,Away,20,26,-6,1,0
2018-12-17,2018,15,Carolina Panthers,CAR,9,New Orleans Saints,NO,12,NO,-6,50.5,21,0,12,9,3,CAR,0,Home,9,12,-3,-6,1
2018-12-23,2018,16,Carolina Panthers,CAR,10,Atlanta Falcons,ATL,24,ATL,-3,46,34,0,24,10,14,CAR,0,Home,10,24,-14,-3,0
2018-12-30,2018,17,New Orleans Saints,NO,14,Carolina Panthers,CAR,33,NO,-8,42,47,0,14,33,-19,CAR,0,Away,33,14,19,-8,1
2019-09-08,2019,1,Carolina Panthers,CAR,27,Los Angeles Rams,LAR,30,LAR,-2,49.5,57,0,30,27,3,CAR,0,Home,27,30,-3,-2,0
2019-09-12,2019,2,Carolina Panthers,CAR,14,Tampa Bay Buccaneers,TB,20,CAR,-6.5,48,34,0,14,20,-6,CAR,1,Home,14,20,-6,6.5,0
2019-09-22,2019,3,Arizona Cardinals,ARI,20,Carolina Panthers,CAR,38,ARI,-2.5,45.5,58,0,20,38,-18,CAR,0,Away,38,20,18,-2.5,1
2019-09-29,2019,4,Houston Texans,HOU,10,Carolina Panthers,CAR,16,HOU,-5,47.5,26,0,10,16,-6,CAR,0,Away,16,10,6,-5,1
2019-10-06,2019,5,Carolina Panthers,CAR,34,Jacksonville Jaguars,JAX,27,CAR,-3,40.5,61,0,34,27,7,CAR,1,Home,34,27,7,3,1
2019-10-27,2019,8,San Francisco 49ers,SF,51,Carolina Panthers,CAR,13,SF,-4,40.5,64,0,51,13,38,CAR,0,Away,13,51,-38,-4,0
2019-11-03,2019,9,Carolina Panthers,CAR,30,Tennessee Titans,TEN,20,CAR,-3.5,43,50,0,30,20,10,CAR,1,Home,30,20,10,3.5,1
2019-11-10,2019,10,Green Bay Packers,GB,24,Carolina Panthers,CAR,16,GB,-5,49,40,0,24,16,8,CAR,0,Away,16,24,-8,-5,0
2019-11-17,2019,11,Carolina Panthers,CAR,3,Atlanta Falcons,ATL,29,CAR,-4,49,32,0,3,29,-26,CAR,1,Home,3,29,-26,4,0
2019-11-24,2019,12,New Orleans Saints,NO,34,Carolina Panthers,CAR,31,NO,-10,46.5,65,0,34,31,3,CAR,0,Away,31,34,-3,-10,1
2019-12-01,2019,13,Carolina Panthers,CAR,21,Washington Redskins,WAS,29,CAR,-10.5,38.5,50,0,21,29,-8,CAR,1,Home,21,29,-8,10.5,0
2019-12-08,2019,14,Atlanta Falcons,ATL,40,Carolina Panthers,CAR,20,ATL,-3.5,48,60,0,40,20,20,CAR,0,Away,20,40,-20,-3.5,0
2019-12-15,2019,15,Carolina Panthers,CAR,24,Seattle Seahawks,SEA,30,SEA,-6,48.5,54,0,30,24,6,CAR,0,Home,24,30,-6,-6,0
2019-12-22,2019,16,Indianapolis Colts,IND,38,Carolina Panthers,CAR,6,IND,-7,46.5,44,0,38,6,32,CAR,0,Away,6,38,-32,-7,0
2019-12-29,2019,17,Carolina Panthers,CAR,10,New Orleans Saints,NO,42,NO,-14,44.5,52,0,42,10,32,CAR,0,Home,10,42,-32,-14,0
2000-09-03,2000,1,Minnesota Vikings,MIN,30,Chicago Bears,CHI,27,MIN,-4.5,46.5,57,0,30,27,3,CHI,0,Away,27,30,-3,-4.5,1
2000-09-10,2000,2,Tampa Bay Buccaneers,TB,41,Chicago Bears,CHI,0,TB,-7,36.5,41,0,41,0,41,CHI,0,Away,0,41,-41,-7,0
2000-09-17,2000,3,Chicago Bears,CHI,7,New York Giants,NYG,14,CHI,-2,42,21,0,7,14,-7,CHI,1,Home,7,14,-7,2,0
2000-09-24,2000,4,Chicago Bears,CHI,14,Detroit Lions,DET,21,CHI,-1,37.5,35,0,14,21,-7,CHI,1,Home,14,21,-7,1,0
2000-10-01,2000,5,Green Bay Packers,GB,24,Chicago Bears,CHI,27,GB,-5.5,41,51,0,24,27,-3,CHI,0,Away,27,24,3,-5.5,1
2000-10-08,2000,6,Chicago Bears,CHI,10,New Orleans Saints,NO,31,CHI,-5.5,40,41,0,10,31,-21,CHI,1,Home,10,31,-21,5.5,0
2000-10-15,2000,7,Chicago Bears,CHI,16,Minnesota Vikings,MIN,28,MIN,-6,44,44,0,28,16,12,CHI,0,Home,16,28,-12,-6,0
2000-10-22,2000,8,Philadelphia Eagles,PHI,13,Chicago Bears,CHI,9,PHI,-6.5,41,22,0,13,9,4,CHI,0,Away,9,13,-4,-6.5,1
2000-11-05,2000,10,Chicago Bears,CHI,27,Indianapolis Colts,IND,24,IND,-7,45,51,0,24,27,-3,CHI,0,Home,27,24,3,-7,1
2000-11-12,2000,11,Buffalo Bills,BUF,20,Chicago Bears,CHI,3,BUF,-7,39.5,23,0,20,3,17,CHI,0,Away,3,20,-17,-7,0
2000-11-19,2000,12,Chicago Bears,CHI,13,Tampa Bay Buccaneers,TB,10,TB,-8,36,23,0,10,13,-3,CHI,0,Home,13,10,3,-8,1
2000-11-26,2000,13,New York Jets,NYJ,17,Chicago Bears,CHI,10,NYJ,-7,39.5,27,0,17,10,7,CHI,0,Away,10,17,-7,-7,0
2000-12-03,2000,14,Chicago Bears,CHI,6,Green Bay Packers,GB,28,GB,-2.5,39,34,0,28,6,22,CHI,0,Home,6,28,-22,-2.5,0
2000-12-10,2000,15,Chicago Bears,CHI,24,New England Patriots,NE,17,CHI,-2,36.5,41,0,24,17,7,CHI,1,Home,24,17,7,2,1
2000-12-17,2000,16,San Francisco 49ers,SF,17,Chicago Bears,CHI,0,SF,-6,45.5,17,0,17,0,17,CHI,0,Away,0,17,-17,-6,0
2000-12-24,2000,17,Detroit Lions,DET,20,Chicago Bears,CHI,23,DET,-10,37,43,0,20,23,-3,CHI,0,Away,23,20,3,-10,1
2001-09-09,2001,1,Baltimore Ravens,BAL,17,Chicago Bears,CHI,6,BAL,-10.5,33.5,23,0,17,6,11,CHI,0,Away,6,17,-11,-10.5,0
2001-09-23,2001,2,Chicago Bears,CHI,17,Minnesota Vikings,MIN,10,MIN,-3,43.5,27,0,10,17,-7,CHI,0,Home,17,10,7,-3,1
2001-10-07,2001,4,Atlanta Falcons,ATL,3,Chicago Bears,CHI,31,ATL,-3.5,39.5,34,0,3,31,-28,CHI,0,Away,31,3,28,-3.5,1
2001-10-14,2001,5,Chicago Bears,CHI,20,Arizona Cardinals,ARI,13,CHI,-7,39.5,33,0,20,13,7,CHI,1,Home,20,13,7,7,0
2001-10-21,2001,6,Cincinnati Bengals,CIN,0,Chicago Bears,CHI,24,CIN,-1,36,24,0,0,24,-24,CHI,0,Away,24,0,24,-1,1
2001-10-28,2001,7,Chicago Bears,CHI,37,San Francisco 49ers,SF,31,CHI,-2,39,68,0,37,31,6,CHI,1,Home,37,31,6,2,1
2001-11-04,2001,8,Chicago Bears,CHI,27,Cleveland Browns,CLE,21,CHI,-4.5,34,48,0,27,21,6,CHI,1,Home,27,21,6,4.5,1
2001-11-11,2001,9,Chicago Bears,CHI,12,Green Bay Packers,GB,20,GB,-2.5,37.5,32,0,20,12,8,CHI,0,Home,12,20,-8,-2.5,0
2001-11-18,2001,10,Tampa Bay Buccaneers,TB,24,Chicago Bears,CHI,27,TB,-5,35,51,0,24,27,-3,CHI,0,Away,27,24,3,-5,1
2001-11-25,2001,11,Minnesota Vikings,MIN,6,Chicago Bears,CHI,13,MIN,-3,45,19,0,6,13,-7,CHI,0,Away,13,6,7,-3,1
2001-12-02,2001,12,Chicago Bears,CHI,13,Detroit Lions,DET,10,CHI,-7,38,23,0,13,10,3,CHI,1,Home,13,10,3,7,0
2001-12-09,2001,13,Green Bay Packers,GB,17,Chicago Bears,CHI,7,GB,-5.5,37.5,24,0,17,7,10,CHI,0,Away,7,17,-10,-5.5,0
2001-12-16,2001,14,Chicago Bears,CHI,27,Tampa Bay Buccaneers,TB,3,CHI,-2.5,33,30,0,27,3,24,CHI,1,Home,27,3,24,2.5,1
2001-12-23,2001,15,Washington Redskins,WAS,15,Chicago Bears,CHI,20,WAS,-1,33,35,0,15,20,-5,CHI,0,Away,20,15,5,-1,1
2001-12-30,2001,16,Detroit Lions,DET,0,Chicago Bears,CHI,24,CHI,-5.5,38.5,24,0,24,0,24,CHI,1,Away,24,0,24,5.5,1
2002-01-06,2001,17,Chicago Bears,CHI,33,Jacksonville Jaguars,JAX,13,CHI,-6,33.5,46,0,33,13,20,CHI,1,Home,33,13,20,6,1
2002-09-08,2002,1,Chicago Bears,CHI,27,Minnesota Vikings,MIN,23,CHI,-4.5,41,50,0,27,23,4,CHI,1,Home,27,23,4,4.5,0
2002-09-15,2002,2,Atlanta Falcons,ATL,13,Chicago Bears,CHI,14,ATL,-2.5,45,27,0,13,14,-1,CHI,0,Away,14,13,1,-2.5,1
2002-09-22,2002,3,Chicago Bears,CHI,23,New Orleans Saints,NO,29,NO,-2,40.5,52,0,29,23,6,CHI,0,Home,23,29,-6,-2,0
2002-09-29,2002,4,Buffalo Bills,BUF,33,Chicago Bears,CHI,27,BUF,-3,46.5,60,0,33,27,6,CHI,0,Away,27,33,-6,-3,0
2002-10-07,2002,5,Chicago Bears,CHI,21,Green Bay Packers,GB,34,CHI,-1,44,55,0,21,34,-13,CHI,1,Home,21,34,-13,1,0
2002-10-20,2002,7,Detroit Lions,DET,23,Chicago Bears,CHI,20,CHI,-3,44.5,43,0,20,23,-3,CHI,1,Away,20,23,-3,3,0
2002-10-27,2002,8,Minnesota Vikings,MIN,25,Chicago Bears,CHI,7,MIN,-2,46,32,0,25,7,18,CHI,0,Away,7,25,-18,-2,0
2002-11-03,2002,9,Chicago Bears,CHI,13,Philadelphia Eagles,PHI,19,PHI,-7,37.5,32,0,19,13,6,CHI,0,Home,13,19,-6,-7,1
2002-11-10,2002,10,Chicago Bears,CHI,30,New England Patriots,NE,33,NE,-5,39,63,0,33,30,3,CHI,0,Home,30,33,-3,-5,1
2002-11-18,2002,11,St. Louis Rams,LAR,21,Chicago Bears,CHI,16,LAR,-10.5,43.5,37,0,21,16,5,CHI,0,Away,16,21,-5,-10.5,1
2002-11-24,2002,12,Chicago Bears,CHI,20,Detroit Lions,DET,17,CHI,-5,37.5,37,0,20,17,3,CHI,1,Home,20,17,3,5,0
2002-12-01,2002,13,Green Bay Packers,GB,30,Chicago Bears,CHI,20,GB,-9.5,37.5,50,0,30,20,10,CHI,0,Away,20,30,-10,-9.5,0
2002-12-09,2002,14,Miami Dolphins,MIA,27,Chicago Bears,CHI,9,MIA,-10.5,37,36,0,27,9,18,CHI,0,Away,9,27,-18,-10.5,0
2002-12-15,2002,15,Chicago Bears,CHI,20,New York Jets,NYJ,13,NYJ,-6.5,38,33,0,13,20,-7,CHI,0,Home,20,13,7,-6.5,1
2002-12-22,2002,16,Carolina Panthers,CAR,24,Chicago Bears,CHI,14,CAR,-4,36.5,38,0,24,14,10,CHI,0,Away,14,24,-10,-4,0
2002-12-29,2002,17,Chicago Bears,CHI,0,Tampa Bay Buccaneers,TB,15,TB,-7,32,15,0,15,0,15,CHI,0,Home,0,15,-15,-7,0
2003-09-07,2003,1,San Francisco 49ers,SF,49,Chicago Bears,CHI,7,SF,-6.5,40.5,56,0,49,7,42,CHI,0,Away,7,49,-42,-6.5,0
2003-09-14,2003,2,Minnesota Vikings,MIN,24,Chicago Bears,CHI,13,MIN,-9,44.5,37,0,24,13,11,CHI,0,Away,13,24,-11,-9,0
2003-09-29,2003,4,Chicago Bears,CHI,23,Green Bay Packers,GB,38,GB,-4,41.5,61,0,38,23,15,CHI,0,Home,23,38,-15,-4,0
2003-10-05,2003,5,Chicago Bears,CHI,24,Oakland Raiders,OAK,21,OAK,-3.5,43.5,45,0,21,24,-3,CHI,0,Home,24,21,3,-3.5,1
2003-10-12,2003,6,New Orleans Saints,NO,20,Chicago Bears,CHI,13,NO,-6.5,43,33,0,20,13,7,CHI,0,Away,13,20,-7,-6.5,0
2003-10-19,2003,7,Seattle Seahawks,SEA,24,Chicago Bears,CHI,17,SEA,-11,41.5,41,0,24,17,7,CHI,0,Away,17,24,-7,-11,1
2003-10-26,2003,8,Chicago Bears,CHI,24,Detroit Lions,DET,16,CHI,-3,37.5,40,0,24,16,8,CHI,1,Home,24,16,8,3,1
2003-11-02,2003,9,Chicago Bears,CHI,20,San Diego Chargers,LAC,7,CHI,-1,39,27,0,20,7,13,CHI,1,Home,20,7,13,1,1
2003-11-09,2003,10,Detroit Lions,DET,12,Chicago Bears,CHI,10,PICK,0,37.5,22,0,10,12,-2,CHI,0,Away,10,12,-2,0,0
2003-11-16,2003,11,Chicago Bears,CHI,21,St. Louis Rams,LAR,23,LAR,-6,41,44,0,23,21,2,CHI,0,Home,21,23,-2,-6,1
2003-11-23,2003,12,Denver Broncos,DEN,10,Chicago Bears,CHI,19,DEN,-10.5,38.5,29,0,10,19,-9,CHI,0,Away,19,10,9,-10.5,1
2003-11-30,2003,13,Chicago Bears,CHI,28,Arizona Cardinals,ARI,3,CHI,-4.5,36,31,0,28,3,25,CHI,1,Home,28,3,25,4.5,1
2003-12-07,2003,14,Green Bay Packers,GB,34,Chicago Bears,CHI,21,GB,-7.5,39,55,0,34,21,13,CHI,0,Away,21,34,-13,-7.5,0
2003-12-14,2003,15,Chicago Bears,CHI,13,Minnesota Vikings,MIN,10,MIN,-3,39.5,23,0,10,13,-3,CHI,0,Home,13,10,3,-3,1
2003-12-21,2003,16,Chicago Bears,CHI,27,Washington Redskins,WAS,24,CHI,-4,35,51,0,27,24,3,CHI,1,Home,27,24,3,4,0
2003-12-28,2003,17,Kansas City Chiefs,KC,31,Chicago Bears,CHI,3,KC,-7.5,43.5,34,0,31,3,28,CHI,0,Away,3,31,-28,-7.5,0
2004-09-12,2004,1,Chicago Bears,CHI,16,Detroit Lions,DET,20,CHI,-1.5,38.5,36,0,16,20,-4,CHI,1,Home,16,20,-4,1.5,0
2004-09-19,2004,2,Green Bay Packers,GB,10,Chicago Bears,CHI,21,GB,-9,41,31,0,10,21,-11,CHI,0,Away,21,10,11,-9,1
2004-09-26,2004,3,Minnesota Vikings,MIN,27,Chicago Bears,CHI,22,MIN,-12,45,49,0,27,22,5,CHI,0,Away,22,27,-5,-12,1
2004-10-03,2004,4,Chicago Bears,CHI,9,Philadelphia Eagles,PHI,19,PHI,-8.5,40.5,28,0,19,9,10,CHI,0,Home,9,19,-10,-8.5,0
2004-10-17,2004,6,Chicago Bears,CHI,10,Washington Redskins,WAS,13,CHI,-1.5,33.5,23,0,10,13,-3,CHI,1,Home,10,13,-3,1.5,0
2004-10-24,2004,7,Tampa Bay Buccaneers,TB,19,Chicago Bears,CHI,7,TB,-7,32,26,0,19,7,12,CHI,0,Away,7,19,-12,-7,0
2004-10-31,2004,8,Chicago Bears,CHI,23,San Francisco 49ers,SF,13,CHI,-2,35.5,36,0,23,13,10,CHI,1,Home,23,13,10,2,1
2004-11-07,2004,9,New York Giants,NYG,21,Chicago Bears,CHI,28,NYG,-9,34.5,49,0,21,28,-7,CHI,0,Away,28,21,7,-9,1
2004-11-14,2004,10,Tennessee Titans,TEN,17,Chicago Bears,CHI,19,TEN,-5.5,34,36,0,17,19,-2,CHI,0,Away,19,17,2,-5.5,1
2004-11-21,2004,11,Chicago Bears,CHI,10,Indianapolis Colts,IND,41,IND,-8,44.5,51,0,41,10,31,CHI,0,Home,10,41,-31,-8,0
2004-11-25,2004,12,Dallas Cowboys,DAL,21,Chicago Bears,CHI,7,DAL,-3.5,36,28,0,21,7,14,CHI,0,Away,7,21,-14,-3.5,0
2004-12-05,2004,13,Chicago Bears,CHI,24,Minnesota Vikings,MIN,14,MIN,-7,40.5,38,0,14,24,-10,CHI,0,Home,24,14,10,-7,1
2004-12-12,2004,14,Jacksonville Jaguars,JAX,22,Chicago Bears,CHI,3,JAX,-7,34,25,0,22,3,19,CHI,0,Away,3,22,-19,-7,0
2004-12-19,2004,15,Chicago Bears,CHI,5,Houston Texans,HOU,24,CHI,-1,34,29,0,5,24,-19,CHI,1,Home,5,24,-19,1,0
2004-12-26,2004,16,Detroit Lions,DET,19,Chicago Bears,CHI,13,DET,-6,37,32,0,19,13,6,CHI,0,Away,13,19,-6,-6,0
2005-01-02,2004,17,Chicago Bears,CHI,14,Green Bay Packers,GB,31,CHI,-3,34,45,0,14,31,-17,CHI,1,Home,14,31,-17,3,0
2005-09-11,2005,1,Washington Redskins,WAS,9,Chicago Bears,CHI,7,WAS,-6,33,16,0,9,7,2,CHI,0,Away,7,9,-2,-6,1
2005-09-18,2005,2,Chicago Bears,CHI,38,Detroit Lions,DET,6,DET,-2.5,34,44,0,6,38,-32,CHI,0,Home,38,6,32,-2.5,1
2005-09-25,2005,3,Chicago Bears,CHI,7,Cincinnati Bengals,CIN,24,CIN,-3,39,31,0,24,7,17,CHI,0,Home,7,24,-17,-3,0
2005-10-09,2005,5,Cleveland Browns,CLE,20,Chicago Bears,CHI,10,CLE,-3,35,30,0,20,10,10,CHI,0,Away,10,20,-10,-3,0
2005-10-16,2005,6,Chicago Bears,CHI,28,Minnesota Vikings,MIN,3,CHI,-2,37.5,31,0,28,3,25,CHI,1,Home,28,3,25,2,1
2005-10-23,2005,7,Chicago Bears,CHI,10,Baltimore Ravens,BAL,6,CHI,-1,32,16,0,10,6,4,CHI,1,Home,10,6,4,1,1
2005-10-30,2005,8,Detroit Lions,DET,13,Chicago Bears,CHI,19,DET,-3,32.5,32,0,13,19,-6,CHI,0,Away,19,13,6,-3,1
2005-11-06,2005,9,New Orleans Saints,NO,17,Chicago Bears,CHI,20,CHI,-2.5,34.5,37,0,20,17,3,CHI,1,Away,20,17,3,2.5,1
2005-11-13,2005,10,Chicago Bears,CHI,17,San Francisco 49ers,SF,9,CHI,-12,33,26,0,17,9,8,CHI,1,Home,17,9,8,12,0
2005-11-20,2005,11,Chicago Bears,CHI,13,Carolina Panthers,CAR,3,CAR,-3,34.5,16,0,3,13,-10,CHI,0,Home,13,3,10,-3,1
2005-11-27,2005,12,Tampa Bay Buccaneers,TB,10,Chicago Bears,CHI,13,TB,-3,33,23,0,10,13,-3,CHI,0,Away,13,10,3,-3,1
2005-12-04,2005,13,Chicago Bears,CHI,19,Green Bay Packers,GB,7,CHI,-7,32,26,0,19,7,12,CHI,1,Home,19,7,12,7,1
2005-12-11,2005,14,Pittsburgh Steelers,PIT,21,Chicago Bears,CHI,9,PIT,-4,32,30,0,21,9,12,CHI,0,Away,9,21,-12,-4,0
2005-12-18,2005,15,Chicago Bears,CHI,16,Atlanta Falcons,ATL,3,CHI,-3,30.5,19,0,16,3,13,CHI,1,Home,16,3,13,3,1
2005-12-25,2005,16,Green Bay Packers,GB,17,Chicago Bears,CHI,24,CHI,-7,31,41,0,24,17,7,CHI,1,Away,24,17,7,7,0
2006-01-01,2005,17,Minnesota Vikings,MIN,34,Chicago Bears,CHI,10,MIN,-3,35,44,0,34,10,24,CHI,0,Away,10,34,-24,-3,0
2006-09-10,2006,1,Green Bay Packers,GB,0,Chicago Bears,CHI,26,CHI,-3.5,35,26,0,26,0,26,CHI,1,Away,26,0,26,3.5,1
2006-09-17,2006,2,Chicago Bears,CHI,34,Detroit Lions,DET,7,CHI,-7,32,41,0,34,7,27,CHI,1,Home,34,7,27,7,1
2006-09-24,2006,3,Minnesota Vikings,MIN,16,Chicago Bears,CHI,19,CHI,-3.5,35,35,0,19,16,3,CHI,1,Away,19,16,3,3.5,0
2006-10-01,2006,4,Chicago Bears,CHI,37,Seattle Seahawks,SEA,6,CHI,-3.5,37,43,0,37,6,31,CHI,1,Home,37,6,31,3.5,1
2006-10-08,2006,5,Chicago Bears,CHI,40,Buffalo Bills,BUF,7,CHI,-9.5,34.5,47,0,40,7,33,CHI,1,Home,40,7,33,9.5,1
2006-10-16,2006,6,Arizona Cardinals,ARI,23,Chicago Bears,CHI,24,CHI,-13,40.5,47,0,24,23,1,CHI,1,Away,24,23,1,13,0
2006-10-29,2006,8,Chicago Bears,CHI,41,San Francisco 49ers,SF,10,CHI,-16.5,42,51,0,41,10,31,CHI,1,Home,41,10,31,16.5,1
2006-11-05,2006,9,Chicago Bears,CHI,13,Miami Dolphins,MIA,31,CHI,-13.5,37.5,44,0,13,31,-18,CHI,1,Home,13,31,-18,13.5,0
2006-11-12,2006,10,New York Giants,NYG,20,Chicago Bears,CHI,38,NYG,-1,37.5,58,0,20,38,-18,CHI,0,Away,38,20,18,-1,1
2006-11-19,2006,11,New York Jets,NYJ,0,Chicago Bears,CHI,10,CHI,-5.5,40.5,10,0,10,0,10,CHI,1,Away,10,0,10,5.5,1
2006-11-26,2006,12,New England Patriots,NE,17,Chicago Bears,CHI,13,NE,-3.5,38,30,0,17,13,4,CHI,0,Away,13,17,-4,-3.5,0
2006-12-03,2006,13,Chicago Bears,CHI,23,Minnesota Vikings,MIN,13,CHI,-9,34.5,36,0,23,13,10,CHI,1,Home,23,13,10,9,1
2006-12-11,2006,14,St. Louis Rams,LAR,27,Chicago Bears,CHI,42,CHI,-6.5,41.5,69,0,42,27,15,CHI,1,Away,42,27,15,6.5,1
2006-12-17,2006,15,Chicago Bears,CHI,34,Tampa Bay Buccaneers,TB,31,CHI,-13.5,35,65,0,34,31,3,CHI,1,Home,34,31,3,13.5,0
2006-12-24,2006,16,Detroit Lions,DET,21,Chicago Bears,CHI,26,CHI,-6,41.5,47,0,26,21,5,CHI,1,Away,26,21,5,6,0
2006-12-31,2006,17,Chicago Bears,CHI,7,Green Bay Packers,GB,26,CHI,-2.5,37,33,0,7,26,-19,CHI,1,Home,7,26,-19,2.5,0
2007-09-09,2007,1,San Diego Chargers,LAC,14,Chicago Bears,CHI,3,LAC,-6,42.5,17,0,14,3,11,CHI,0,Away,3,14,-11,-6,0
2007-09-16,2007,2,Chicago Bears,CHI,20,Kansas City Chiefs,KC,10,CHI,-12,34.5,30,0,20,10,10,CHI,1,Home,20,10,10,12,0
2007-09-23,2007,3,Chicago Bears,CHI,10,Dallas Cowboys,DAL,34,CHI,-3,41.5,44,0,10,34,-24,CHI,1,Home,10,34,-24,3,0
2007-09-30,2007,4,Detroit Lions,DET,37,Chicago Bears,CHI,27,CHI,-2.5,46,64,0,27,37,-10,CHI,1,Away,27,37,-10,2.5,0
2007-10-07,2007,5,Green Bay Packers,GB,20,Chicago Bears,CHI,27,GB,-3.5,40.5,47,0,20,27,-7,CHI,0,Away,27,20,7,-3.5,1
2007-10-14,2007,6,Chicago Bears,CHI,31,Minnesota Vikings,MIN,34,CHI,-4.5,35.5,65,0,31,34,-3,CHI,1,Home,31,34,-3,4.5,0
2007-10-21,2007,7,Philadelphia Eagles,PHI,16,Chicago Bears,CHI,19,PHI,-5.5,43,35,0,16,19,-3,CHI,0,Away,19,16,3,-5.5,1
2007-10-28,2007,8,Chicago Bears,CHI,7,Detroit Lions,DET,16,CHI,-6,45.5,23,0,7,16,-9,CHI,1,Home,7,16,-9,6,0
2007-11-11,2007,10,Oakland Raiders,OAK,6,Chicago Bears,CHI,17,CHI,-3.5,38,23,0,17,6,11,CHI,1,Away,17,6,11,3.5,1
2007-11-18,2007,11,Seattle Seahawks,SEA,30,Chicago Bears,CHI,23,SEA,-5.5,37.5,53,0,30,23,7,CHI,0,Away,23,30,-7,-5.5,0
2007-11-25,2007,12,Chicago Bears,CHI,37,Denver Broncos,DEN,34,CHI,-1,41.5,71,0,37,34,3,CHI,1,Home,37,34,3,1,1
2007-12-02,2007,13,Chicago Bears,CHI,16,New York Giants,NYG,21,NYG,-1,39,37,0,21,16,5,CHI,0,Home,16,21,-5,-1,0
2007-12-06,2007,14,Washington Redskins,WAS,24,Chicago Bears,CHI,16,WAS,-3,40,40,0,24,16,8,CHI,0,Away,16,24,-8,-3,0
2007-12-17,2007,15,Minnesota Vikings,MIN,20,Chicago Bears,CHI,13,MIN,-10.5,43.5,33,0,20,13,7,CHI,0,Away,13,20,-7,-10.5,1
2007-12-23,2007,16,Chicago Bears,CHI,35,Green Bay Packers,GB,7,GB,-7.5,32,42,0,7,35,-28,CHI,0,Home,35,7,28,-7.5,1
2007-12-30,2007,17,Chicago Bears,CHI,33,New Orleans Saints,NO,25,CHI,-1,42,58,0,33,25,8,CHI,1,Home,33,25,8,1,1
2008-09-07,2008,1,Indianapolis Colts,IND,13,Chicago Bears,CHI,29,IND,-10,44,42,0,13,29,-16,CHI,0,Away,29,13,16,-10,1
2008-09-14,2008,2,Carolina Panthers,CAR,20,Chicago Bears,CHI,17,CAR,-3,37.5,37,0,20,17,3,CHI,0,Away,17,20,-3,-3,0
2008-09-21,2008,3,Chicago Bears,CHI,24,Tampa Bay Buccaneers,TB,27,CHI,-3,35,51,0,24,27,-3,CHI,1,Home,24,27,-3,3,0
2008-09-28,2008,4,Chicago Bears,CHI,24,Philadelphia Eagles,PHI,20,PHI,-3,39,44,0,20,24,-4,CHI,0,Home,24,20,4,-3,1
2008-10-05,2008,5,Detroit Lions,DET,7,Chicago Bears,CHI,34,CHI,-3,45.5,41,0,34,7,27,CHI,1,Away,34,7,27,3,1
2008-10-12,2008,6,Atlanta Falcons,ATL,22,Chicago Bears,CHI,20,CHI,-3,43.5,42,0,20,22,-2,CHI,1,Away,20,22,-2,3,0
2008-10-19,2008,7,Chicago Bears,CHI,48,Minnesota Vikings,MIN,41,CHI,-3,38,89,0,48,41,7,CHI,1,Home,48,41,7,3,1
2008-11-02,2008,9,Chicago Bears,CHI,27,Detroit Lions,DET,23,CHI,-12.5,43.5,50,0,27,23,4,CHI,1,Home,27,23,4,12.5,0
2008-11-09,2008,10,Chicago Bears,CHI,14,Tennessee Titans,TEN,21,TEN,-3,37,35,0,21,14,7,CHI,0,Home,14,21,-7,-3,0
2008-11-16,2008,11,Green Bay Packers,GB,37,Chicago Bears,CHI,3,GB,-3.5,43,40,0,37,3,34,CHI,0,Away,3,37,-34,-3.5,0
2008-11-23,2008,12,St. Louis Rams,LAR,3,Chicago Bears,CHI,27,CHI,-7,44.5,30,0,27,3,24,CHI,1,Away,27,3,24,7,1
2008-11-30,2008,13,Minnesota Vikings,MIN,34,Chicago Bears,CHI,14,MIN,-5,42.5,48,0,34,14,20,CHI,0,Away,14,34,-20,-5,0
2008-12-07,2008,14,Chicago Bears,CHI,23,Jacksonville Jaguars,JAX,10,CHI,-6.5,40,33,0,23,10,13,CHI,1,Home,23,10,13,6.5,1
2008-12-11,2008,15,Chicago Bears,CHI,27,New Orleans Saints,NO,24,CHI,-3,46,51,0,27,24,3,CHI,1,Home,27,24,3,3,0
2008-12-22,2008,16,Chicago Bears,CHI,20,Green Bay Packers,GB,17,CHI,-4,40,37,0,20,17,3,CHI,1,Home,20,17,3,4,0
2008-12-28,2008,17,Houston Texans,HOU,31,Chicago Bears,CHI,24,HOU,-3,46,55,0,31,24,7,CHI,0,Away,24,31,-7,-3,0
2009-09-13,2009,1,Green Bay Packers,GB,21,Chicago Bears,CHI,15,GB,-5,47,36,0,21,15,6,CHI,0,Away,15,21,-6,-5,0
2009-09-20,2009,2,Chicago Bears,CHI,17,Pittsburgh Steelers,PIT,14,PIT,-3,38.5,31,0,14,17,-3,CHI,0,Home,17,14,3,-3,1
2009-09-27,2009,3,Seattle Seahawks,SEA,19,Chicago Bears,CHI,25,CHI,-2.5,37.5,44,0,25,19,6,CHI,1,Away,25,19,6,2.5,1
2009-10-04,2009,4,Chicago Bears,CHI,48,Detroit Lions,DET,24,CHI,-9.5,43,72,0,48,24,24,CHI,1,Home,48,24,24,9.5,1
2009-10-18,2009,6,Atlanta Falcons,ATL,21,Chicago Bears,CHI,14,ATL,-3.5,45.5,35,0,21,14,7,CHI,0,Away,14,21,-7,-3.5,0
2009-10-25,2009,7,Cincinnati Bengals,CIN,45,Chicago Bears,CHI,10,CHI,-2,43,55,0,10,45,-35,CHI,1,Away,10,45,-35,2,0
2009-11-01,2009,8,Chicago Bears,CHI,30,Cleveland Browns,CLE,6,CHI,-13.5,40,36,0,30,6,24,CHI,1,Home,30,6,24,13.5,1
2009-11-08,2009,9,Chicago Bears,CHI,21,Arizona Cardinals,ARI,41,CHI,-3,44.5,62,0,21,41,-20,CHI,1,Home,21,41,-20,3,0
2009-11-12,2009,10,San Francisco 49ers,SF,10,Chicago Bears,CHI,6,SF,-3,43.5,16,0,10,6,4,CHI,0,Away,6,10,-4,-3,0
2009-11-22,2009,11,Chicago Bears,CHI,20,Philadelphia Eagles,PHI,24,PHI,-3.5,47,44,0,24,20,4,CHI,0,Home,20,24,-4,-3.5,0
2009-11-29,2009,12,Minnesota Vikings,MIN,36,Chicago Bears,CHI,10,MIN,-10,47,46,0,36,10,26,CHI,0,Away,10,36,-26,-10,0
2009-12-06,2009,13,Chicago Bears,CHI,17,St. Louis Rams,LAR,9,CHI,-9,41,26,0,17,9,8,CHI,1,Home,17,9,8,9,0
2009-12-13,2009,14,Chicago Bears,CHI,14,Green Bay Packers,GB,21,GB,-4,42,35,0,21,14,7,CHI,0,Home,14,21,-7,-4,0
2009-12-20,2009,15,Baltimore Ravens,BAL,31,Chicago Bears,CHI,7,BAL,-11,39,38,0,31,7,24,CHI,0,Away,7,31,-24,-11,0
2009-12-28,2009,16,Chicago Bears,CHI,36,Minnesota Vikings,MIN,30,MIN,-8.5,42,66,0,30,36,-6,CHI,0,Home,36,30,6,-8.5,1
2010-01-03,2009,17,Detroit Lions,DET,23,Chicago Bears,CHI,37,CHI,-4.5,44.5,60,0,37,23,14,CHI,1,Away,37,23,14,4.5,1
2010-09-12,2010,1,Chicago Bears,CHI,19,Detroit Lions,DET,14,CHI,-6.5,45,33,0,19,14,5,CHI,1,Home,19,14,5,6.5,0
2010-09-19,2010,2,Dallas Cowboys,DAL,20,Chicago Bears,CHI,27,DAL,-7,41.5,47,0,20,27,-7,CHI,0,Away,27,20,7,-7,1
2010-09-27,2010,3,Chicago Bears,CHI,20,Green Bay Packers,GB,17,GB,-3,46.5,37,0,17,20,-3,CHI,0,Home,20,17,3,-3,1
2010-10-03,2010,4,New York Giants,NYG,17,Chicago Bears,CHI,3,NYG,-3.5,44,20,0,17,3,14,CHI,0,Away,3,17,-14,-3.5,0
2010-10-10,2010,5,Carolina Panthers,CAR,6,Chicago Bears,CHI,23,CAR,-3,33,29,0,6,23,-17,CHI,0,Away,23,6,17,-3,1
2010-10-17,2010,6,Chicago Bears,CHI,20,Seattle Seahawks,SEA,23,CHI,-6,38,43,0,20,23,-3,CHI,1,Home,20,23,-3,6,0
2010-10-24,2010,7,Chicago Bears,CHI,14,Washington Redskins,WAS,17,CHI,-3,40,31,0,14,17,-3,CHI,1,Home,14,17,-3,3,0
2010-11-14,2010,10,Chicago Bears,CHI,27,Minnesota Vikings,MIN,13,MIN,-1,41.5,40,0,13,27,-14,CHI,0,Home,27,13,14,-1,1
2010-11-18,2010,11,Miami Dolphins,MIA,0,Chicago Bears,CHI,16,MIA,-2,40,16,0,0,16,-16,CHI,0,Away,16,0,16,-2,1
2010-11-28,2010,12,Chicago Bears,CHI,31,Philadelphia Eagles,PHI,26,PHI,-3.5,43,57,0,26,31,-5,CHI,0,Home,31,26,5,-3.5,1
2010-12-05,2010,13,Detroit Lions,DET,20,Chicago Bears,CHI,24,CHI,-5.5,43.5,44,0,24,20,4,CHI,1,Away,24,20,4,5.5,0
2010-12-12,2010,14,Chicago Bears,CHI,7,New England Patriots,NE,36,NE,-3,37,43,0,36,7,29,CHI,0,Home,7,36,-29,-3,0
2010-12-20,2010,15,Minnesota Vikings,MIN,14,Chicago Bears,CHI,40,CHI,-7,33,54,0,40,14,26,CHI,1,Away,40,14,26,7,1
2010-12-26,2010,16,Chicago Bears,CHI,38,New York Jets,NYJ,34,CHI,-3,36,72,0,38,34,4,CHI,1,Home,38,34,4,3,1
2011-01-02,2010,17,Green Bay Packers,GB,10,Chicago Bears,CHI,3,GB,-10.5,43.5,13,0,10,3,7,CHI,0,Away,3,10,-7,-10.5,1
2011-09-11,2011,1,Chicago Bears,CHI,30,Atlanta Falcons,ATL,12,ATL,-1.5,41,42,0,12,30,-18,CHI,0,Home,30,12,18,-1.5,1
2011-09-18,2011,2,New Orleans Saints,NO,30,Chicago Bears,CHI,13,NO,-5,46.5,43,0,30,13,17,CHI,0,Away,13,30,-17,-5,0
2011-09-25,2011,3,Chicago Bears,CHI,17,Green Bay Packers,GB,27,GB,-5,45.5,44,0,27,17,10,CHI,0,Home,17,27,-10,-5,0
2011-10-02,2011,4,Chicago Bears,CHI,34,Carolina Panthers,CAR,29,CHI,-7,42,63,0,34,29,5,CHI,1,Home,34,29,5,7,0
2011-10-10,2011,5,Detroit Lions,DET,24,Chicago Bears,CHI,13,DET,-7,47,37,0,24,13,11,CHI,0,Away,13,24,-11,-7,0
2011-10-16,2011,6,Chicago Bears,CHI,39,Minnesota Vikings,MIN,10,CHI,-2.5,42,49,0,39,10,29,CHI,1,Home,39,10,29,2.5,1
2011-11-07,2011,9,Philadelphia Eagles,PHI,24,Chicago Bears,CHI,30,PHI,-8,47.5,54,0,24,30,-6,CHI,0,Away,30,24,6,-8,1
2011-11-13,2011,10,Chicago Bears,CHI,37,Detroit Lions,DET,13,CHI,-3,42.5,50,0,37,13,24,CHI,1,Home,37,13,24,3,1
2011-11-20,2011,11,Chicago Bears,CHI,31,San Diego Chargers,LAC,20,CHI,-4.5,45.5,51,0,31,20,11,CHI,1,Home,31,20,11,4.5,1
2011-11-27,2011,12,Oakland Raiders,OAK,25,Chicago Bears,CHI,20,OAK,-3,41,45,0,25,20,5,CHI,0,Away,20,25,-5,-3,0
2011-12-04,2011,13,Chicago Bears,CHI,3,Kansas City Chiefs,KC,10,CHI,-9,35,13,0,3,10,-7,CHI,1,Home,3,10,-7,9,0
2011-12-11,2011,14,Denver Broncos,DEN,13,Chicago Bears,CHI,10,DEN,-3.5,35.5,23,0,13,10,3,CHI,0,Away,10,13,-3,-3.5,1
2011-12-18,2011,15,Chicago Bears,CHI,14,Seattle Seahawks,SEA,38,CHI,-3.5,35,52,0,14,38,-24,CHI,1,Home,14,38,-24,3.5,0
2011-12-25,2011,16,Green Bay Packers,GB,35,Chicago Bears,CHI,21,GB,-13,42,56,0,35,21,14,CHI,0,Away,21,35,-14,-13,0
2012-01-01,2011,17,Minnesota Vikings,MIN,13,Chicago Bears,CHI,17,MIN,-2.5,42,30,0,13,17,-4,CHI,0,Away,17,13,4,-2.5,1
2012-09-09,2012,1,Chicago Bears,CHI,41,Indianapolis Colts,IND,21,CHI,-10,42.5,62,0,41,21,20,CHI,1,Home,41,21,20,10,1
2012-09-13,2012,2,Green Bay Packers,GB,23,Chicago Bears,CHI,10,GB,-5.5,51,33,0,23,10,13,CHI,0,Away,10,23,-13,-5.5,0
2012-09-23,2012,3,Chicago Bears,CHI,23,St. Louis Rams,LAR,6,CHI,-7,42,29,0,23,6,17,CHI,1,Home,23,6,17,7,1
2012-10-01,2012,4,Dallas Cowboys,DAL,18,Chicago Bears,CHI,34,DAL,-3,41.5,52,0,18,34,-16,CHI,0,Away,34,18,16,-3,1
2012-10-07,2012,5,Jacksonville Jaguars,JAX,3,Chicago Bears,CHI,41,CHI,-6.5,40,44,0,41,3,38,CHI,1,Away,41,3,38,6.5,1
2012-10-22,2012,7,Chicago Bears,CHI,13,Detroit Lions,DET,7,CHI,-6.5,47,20,0,13,7,6,CHI,1,Home,13,7,6,6.5,0
2012-10-28,2012,8,Chicago Bears,CHI,23,Carolina Panthers,CAR,22,CHI,-7.5,41.5,45,0,23,22,1,CHI,1,Home,23,22,1,7.5,0
2012-11-04,2012,9,Tennessee Titans,TEN,20,Chicago Bears,CHI,51,CHI,-5,43.5,71,0,51,20,31,CHI,1,Away,51,20,31,5,1
2012-11-11,2012,10,Chicago Bears,CHI,6,Houston Texans,HOU,13,CHI,-1,40,19,0,6,13,-7,CHI,1,Home,6,13,-7,1,0
2012-11-19,2012,11,San Francisco 49ers,SF,32,Chicago Bears,CHI,7,SF,-5,35,39,0,32,7,25,CHI,0,Away,7,32,-25,-5,0
2012-11-25,2012,12,Chicago Bears,CHI,28,Minnesota Vikings,MIN,10,CHI,-6.5,39,38,0,28,10,18,CHI,1,Home,28,10,18,6.5,1
2012-12-02,2012,13,Chicago Bears,CHI,17,Seattle Seahawks,SEA,23,CHI,-3.5,37,40,0,17,23,-6,CHI,1,Home,17,23,-6,3.5,0
2012-12-09,2012,14,Minnesota Vikings,MIN,21,Chicago Bears,CHI,14,CHI,-1.5,40.5,35,0,14,21,-7,CHI,1,Away,14,21,-7,1.5,0
2012-12-16,2012,15,Chicago Bears,CHI,13,Green Bay Packers,GB,21,GB,-3,43.5,34,0,21,13,8,CHI,0,Home,13,21,-8,-3,0
2012-12-23,2012,16,Arizona Cardinals,ARI,13,Chicago Bears,CHI,28,CHI,-7,36.5,41,0,28,13,15,CHI,1,Away,28,13,15,7,1
2012-12-30,2012,17,Detroit Lions,DET,24,Chicago Bears,CHI,26,CHI,-3,46,50,0,26,24,2,CHI,1,Away,26,24,2,3,0
2013-09-08,2013,1,Chicago Bears,CHI,24,Cincinnati Bengals,CIN,21,CHI,-3,42,45,0,24,21,3,CHI,1,Home,24,21,3,3,0
2013-09-15,2013,2,Chicago Bears,CHI,31,Minnesota Vikings,MIN,30,CHI,-6.5,42,61,0,31,30,1,CHI,1,Home,31,30,1,6.5,0
2013-09-22,2013,3,Pittsburgh Steelers,PIT,23,Chicago Bears,CHI,40,CHI,-2.5,41,63,0,40,23,17,CHI,1,Away,40,23,17,2.5,1
2013-09-29,2013,4,Detroit Lions,DET,40,Chicago Bears,CHI,32,DET,-2.5,49.5,72,0,40,32,8,CHI,0,Away,32,40,-8,-2.5,0
2013-10-06,2013,5,Chicago Bears,CHI,18,New Orleans Saints,NO,26,NO,-1.5,51.5,44,0,26,18,8,CHI,0,Home,18,26,-8,-1.5,0
2013-10-10,2013,6,Chicago Bears,CHI,27,New York Giants,NYG,21,CHI,-8.5,48,48,0,27,21,6,CHI,1,Home,27,21,6,8.5,0
2013-10-20,2013,7,Washington Redskins,WAS,45,Chicago Bears,CHI,41,CHI,-1,48,86,0,41,45,-4,CHI,1,Away,41,45,-4,1,0
2013-11-04,2013,9,Green Bay Packers,GB,20,Chicago Bears,CHI,27,GB,-9.5,50.5,47,0,20,27,-7,CHI,0,Away,27,20,7,-9.5,1
2013-11-10,2013,10,Chicago Bears,CHI,19,Detroit Lions,DET,21,DET,-1.5,52,40,0,21,19,2,CHI,0,Home,19,21,-2,-1.5,0
2013-11-17,2013,11,Chicago Bears,CHI,23,Baltimore Ravens,BAL,20,CHI,-3.5,41,43,0,23,20,3,CHI,1,Home,23,20,3,3.5,0
2013-11-24,2013,12,St. Louis Rams,LAR,42,Chicago Bears,CHI,21,LAR,-1.5,45,63,0,42,21,21,CHI,0,Away,21,42,-21,-1.5,0
2013-12-01,2013,13,Minnesota Vikings,MIN,23,Chicago Bears,CHI,20,MIN,-1,50.5,43,0,23,20,3,CHI,0,Away,20,23,-3,-1,0
2013-12-09,2013,14,Chicago Bears,CHI,45,Dallas Cowboys,DAL,28,CHI,-1.5,49.5,73,0,45,28,17,CHI,1,Home,45,28,17,1.5,1
2013-12-15,2013,15,Cleveland Browns,CLE,31,Chicago Bears,CHI,38,CLE,-1,44,69,0,31,38,-7,CHI,0,Away,38,31,7,-1,1
2013-12-22,2013,16,Philadelphia Eagles,PHI,54,Chicago Bears,CHI,11,PHI,-3,55,65,0,54,11,43,CHI,0,Away,11,54,-43,-3,0
2013-12-29,2013,17,Chicago Bears,CHI,28,Green Bay Packers,GB,33,GB,-3,51.5,61,0,33,28,5,CHI,0,Home,28,33,-5,-3,0
2014-09-07,2014,1,Chicago Bears,CHI,20,Buffalo Bills,BUF,23,CHI,-7,47,43,0,20,23,-3,CHI,1,Home,20,23,-3,7,0
2014-09-14,2014,2,San Francisco 49ers,SF,20,Chicago Bears,CHI,28,SF,-7,47.5,48,0,20,28,-8,CHI,0,Away,28,20,8,-7,1
2014-09-22,2014,3,New York Jets,NYJ,19,Chicago Bears,CHI,27,NYJ,-1.5,45,46,0,19,27,-8,CHI,0,Away,27,19,8,-1.5,1
2014-09-28,2014,4,Chicago Bears,CHI,17,Green Bay Packers,GB,38,GB,-2,51,55,0,38,17,21,CHI,0,Home,17,38,-21,-2,0
2014-10-05,2014,5,Carolina Panthers,CAR,31,Chicago Bears,CHI,24,CAR,-1.5,47,55,0,31,24,7,CHI,0,Away,24,31,-7,-1.5,0
2014-10-12,2014,6,Atlanta Falcons,ATL,13,Chicago Bears,CHI,27,ATL,-3.5,56,40,0,13,27,-14,CHI,0,Away,27,13,14,-3.5,1
2014-10-19,2014,7,Chicago Bears,CHI,14,Miami Dolphins,MIA,27,CHI,-3,48,41,0,14,27,-13,CHI,1,Home,14,27,-13,3,0
2014-10-26,2014,8,New England Patriots,NE,51,Chicago Bears,CHI,23,NE,-6,52,74,0,51,23,28,CHI,0,Away,23,51,-28,-6,0
2014-11-09,2014,10,Green Bay Packers,GB,55,Chicago Bears,CHI,14,GB,-9.5,54,69,0,55,14,41,CHI,0,Away,14,55,-41,-9.5,0
2014-11-16,2014,11,Chicago Bears,CHI,21,Minnesota Vikings,MIN,13,CHI,-2.5,46.5,34,0,21,13,8,CHI,1,Home,21,13,8,2.5,1
2014-11-23,2014,12,Chicago Bears,CHI,21,Tampa Bay Buccaneers,TB,13,CHI,-4,46.5,34,0,21,13,8,CHI,1,Home,21,13,8,4,1
2014-11-27,2014,13,Detroit Lions,DET,34,Chicago Bears,CHI,17,DET,-7.5,46,51,0,34,17,17,CHI,0,Away,17,34,-17,-7.5,0
2014-12-04,2014,14,Chicago Bears,CHI,28,Dallas Cowboys,DAL,41,DAL,-3.5,50,69,0,41,28,13,CHI,0,Home,28,41,-13,-3.5,0
2014-12-15,2014,15,Chicago Bears,CHI,15,New Orleans Saints,NO,31,NO,-3,53.5,46,0,31,15,16,CHI,0,Home,15,31,-16,-3,0
2014-12-21,2014,16,Chicago Bears,CHI,14,Detroit Lions,DET,20,DET,-10,44.5,34,0,20,14,6,CHI,0,Home,14,20,-6,-10,1
2014-12-28,2014,17,Minnesota Vikings,MIN,13,Chicago Bears,CHI,9,MIN,-7,47.5,22,0,13,9,4,CHI,0,Away,9,13,-4,-7,1
2015-09-13,2015,1,Chicago Bears,CHI,23,Green Bay Packers,GB,31,GB,-6.5,48.5,54,0,31,23,8,CHI,0,Home,23,31,-8,-6.5,0
2015-09-20,2015,2,Chicago Bears,CHI,23,Arizona Cardinals,ARI,48,ARI,-2,46,71,0,48,23,25,CHI,0,Home,23,48,-25,-2,0
2015-09-27,2015,3,Seattle Seahawks,SEA,26,Chicago Bears,CHI,0,SEA,-16.5,43.5,26,0,26,0,26,CHI,0,Away,0,26,-26,-16.5,0
2015-10-04,2015,4,Chicago Bears,CHI,22,Oakland Raiders,OAK,20,OAK,-3,44.5,42,0,20,22,-2,CHI,0,Home,22,20,2,-3,1
2015-10-11,2015,5,Kansas City Chiefs,KC,17,Chicago Bears,CHI,18,KC,-9.5,44.5,35,0,17,18,-1,CHI,0,Away,18,17,1,-9.5,1
2015-10-18,2015,6,Detroit Lions,DET,37,Chicago Bears,CHI,34,DET,-3.5,45.5,71,0,37,34,3,CHI,0,Away,34,37,-3,-3.5,1
2015-11-01,2015,8,Chicago Bears,CHI,20,Minnesota Vikings,MIN,23,MIN,-1.5,44,43,0,23,20,3,CHI,0,Home,20,23,-3,-1.5,0
2015-11-09,2015,9,San Diego Chargers,LAC,19,Chicago Bears,CHI,22,LAC,-3.5,49.5,41,0,19,22,-3,CHI,0,Away,22,19,3,-3.5,1
2015-11-15,2015,10,St. Louis Rams,LAR,13,Chicago Bears,CHI,37,LAR,-7,42.5,50,0,13,37,-24,CHI,0,Away,37,13,24,-7,1
2015-11-22,2015,11,Chicago Bears,CHI,15,Denver Broncos,DEN,17,DEN,-2,41.5,32,0,17,15,2,CHI,0,Home,15,17,-2,-2,0
2015-11-26,2015,12,Green Bay Packers,GB,13,Chicago Bears,CHI,17,GB,-8,45,30,0,13,17,-4,CHI,0,Away,17,13,4,-8,1
2015-12-06,2015,13,Chicago Bears,CHI,20,San Francisco 49ers,SF,26,CHI,-6.5,43,46,0,20,26,-6,CHI,1,Home,20,26,-6,6.5,0
2015-12-13,2015,14,Chicago Bears,CHI,21,Washington Redskins,WAS,24,CHI,-4,43.5,45,0,21,24,-3,CHI,1,Home,21,24,-3,4,0
2015-12-20,2015,15,Minnesota Vikings,MIN,38,Chicago Bears,CHI,17,MIN,-4,44,55,0,38,17,21,CHI,0,Away,17,38,-21,-4,0
2015-12-27,2015,16,Tampa Bay Buccaneers,TB,21,Chicago Bears,CHI,26,TB,-3,44,47,0,21,26,-5,CHI,0,Away,26,21,5,-3,1
2016-01-03,2015,17,Chicago Bears,CHI,20,Detroit Lions,DET,24,DET,-2.5,45,44,0,24,20,4,CHI,0,Home,20,24,-4,-2.5,0
2016-09-11,2016,1,Houston Texans,HOU,23,Chicago Bears,CHI,14,HOU,-5.5,42.5,37,0,23,14,9,CHI,0,Away,14,23,-9,-5.5,0
2016-09-19,2016,2,Chicago Bears,CHI,14,Philadelphia Eagles,PHI,29,CHI,-3,43,43,0,14,29,-15,CHI,1,Home,14,29,-15,3,0
2016-09-25,2016,3,Dallas Cowboys,DAL,31,Chicago Bears,CHI,17,DAL,-6.5,45,48,0,31,17,14,CHI,0,Away,17,31,-14,-6.5,0
2016-10-02,2016,4,Chicago Bears,CHI,17,Detroit Lions,DET,14,DET,-3,48,31,0,14,17,-3,CHI,0,Home,17,14,3,-3,1
2016-10-09,2016,5,Indianapolis Colts,IND,29,Chicago Bears,CHI,23,IND,-4,47.5,52,0,29,23,6,CHI,0,Away,23,29,-6,-4,0
2016-10-16,2016,6,Chicago Bears,CHI,16,Jacksonville Jaguars,JAX,17,CHI,-2.5,46,33,0,16,17,-1,CHI,1,Home,16,17,-1,2.5,0
2016-10-20,2016,7,Green Bay Packers,GB,26,Chicago Bears,CHI,10,GB,-7.5,46.5,36,0,26,10,16,CHI,0,Away,10,26,-16,-7.5,0
2016-10-31,2016,8,Chicago Bears,CHI,20,Minnesota Vikings,MIN,10,MIN,-4.5,39.5,30,0,10,20,-10,CHI,0,Home,20,10,10,-4.5,1
2016-11-13,2016,10,Tampa Bay Buccaneers,TB,36,Chicago Bears,CHI,10,CHI,-2.5,45,46,0,10,36,-26,CHI,1,Away,10,36,-26,2.5,0
2016-11-20,2016,11,New York Giants,NYG,22,Chicago Bears,CHI,16,NYG,-7,41.5,38,0,22,16,6,CHI,0,Away,16,22,-6,-7,1
2016-11-27,2016,12,Chicago Bears,CHI,21,Tennessee Titans,TEN,27,TEN,-6.5,42,48,0,27,21,6,CHI,0,Home,21,27,-6,-6.5,1
2016-12-04,2016,13,Chicago Bears,CHI,26,San Francisco 49ers,SF,6,SF,-1,44,32,0,6,26,-20,CHI,0,Home,26,6,20,-1,1
2016-12-11,2016,14,Detroit Lions,DET,20,Chicago Bears,CHI,17,DET,-7.5,42,37,0,20,17,3,CHI,0,Away,17,20,-3,-7.5,1
2016-12-18,2016,15,Chicago Bears,CHI,27,Green Bay Packers,GB,30,GB,-4.5,40,57,0,30,27,3,CHI,0,Home,27,30,-3,-4.5,1
2016-12-24,2016,16,Chicago Bears,CHI,21,Washington Redskins,WAS,41,WAS,-3,49,62,0,41,21,20,CHI,0,Home,21,41,-20,-3,0
2017-01-01,2016,17,Minnesota Vikings,MIN,38,Chicago Bears,CHI,10,MIN,-6,44,48,0,38,10,28,CHI,0,Away,10,38,-28,-6,0
2017-09-10,2017,1,Chicago Bears,CHI,17,Atlanta Falcons,ATL,23,ATL,-7,49.5,40,0,23,17,6,CHI,0,Home,17,23,-6,-7,1
2017-09-17,2017,2,Tampa Bay Buccaneers,TB,29,Chicago Bears,CHI,7,TB,-7,43,36,0,29,7,22,CHI,0,Away,7,29,-22,-7,0
2017-09-24,2017,3,Chicago Bears,CHI,23,Pittsburgh Steelers,PIT,17,PIT,-7,43.5,40,0,17,23,-6,CHI,0,Home,23,17,6,-7,1
2017-09-28,2017,4,Green Bay Packers,GB,35,Chicago Bears,CHI,14,GB,-7.5,44.5,49,0,35,14,21,CHI,0,Away,14,35,-21,-7.5,0
2017-10-09,2017,5,Chicago Bears,CHI,17,Minnesota Vikings,MIN,20,MIN,-3,40,37,0,20,17,3,CHI,0,Home,17,20,-3,-3,0
2017-10-15,2017,6,Baltimore Ravens,BAL,24,Chicago Bears,CHI,27,BAL,-6.5,38.5,51,0,24,27,-3,CHI,0,Away,27,24,3,-6.5,1
2017-10-22,2017,7,Chicago Bears,CHI,17,Carolina Panthers,CAR,3,CAR,-3,40,20,0,3,17,-14,CHI,0,Home,17,3,14,-3,1
2017-10-29,2017,8,New Orleans Saints,NO,20,Chicago Bears,CHI,12,NO,-9,47.5,32,0,20,12,8,CHI,0,Away,12,20,-8,-9,1
2017-11-12,2017,10,Chicago Bears,CHI,16,Green Bay Packers,GB,23,CHI,-4.5,37.5,39,0,16,23,-7,CHI,1,Home,16,23,-7,4.5,0
2017-11-19,2017,11,Chicago Bears,CHI,24,Detroit Lions,DET,27,DET,-3,41,51,0,27,24,3,CHI,0,Home,24,27,-3,-3,0
2017-11-26,2017,12,Philadelphia Eagles,PHI,31,Chicago Bears,CHI,3,PHI,-13.5,44,34,0,31,3,28,CHI,0,Away,3,31,-28,-13.5,0
2017-12-03,2017,13,Chicago Bears,CHI,14,San Francisco 49ers,SF,15,CHI,-3,41,29,0,14,15,-1,CHI,1,Home,14,15,-1,3,0
2017-12-10,2017,14,Cincinnati Bengals,CIN,7,Chicago Bears,CHI,33,CIN,-6,40.5,40,0,7,33,-26,CHI,0,Away,33,7,26,-6,1
2017-12-16,2017,15,Detroit Lions,DET,20,Chicago Bears,CHI,10,DET,-5,43.5,30,0,20,10,10,CHI,0,Away,10,20,-10,-5,0
2017-12-24,2017,16,Chicago Bears,CHI,20,Cleveland Browns,CLE,3,CHI,-5.5,37,23,0,20,3,17,CHI,1,Home,20,3,17,5.5,1
2017-12-31,2017,17,Minnesota Vikings,MIN,23,Chicago Bears,CHI,10,MIN,-13.5,38.5,33,0,23,10,13,CHI,0,Away,10,23,-13,-13.5,1
2018-09-09,2018,1,Green Bay Packers,GB,24,Chicago Bears,CHI,23,GB,-6.5,45,47,0,24,23,1,CHI,0,Away,23,24,-1,-6.5,1
2018-09-17,2018,2,Chicago Bears,CHI,24,Seattle Seahawks,SEA,17,CHI,-4.5,42.5,41,0,24,17,7,CHI,1,Home,24,17,7,4.5,1
2018-09-23,2018,3,Arizona Cardinals,ARI,14,Chicago Bears,CHI,16,CHI,-5.5,39,30,0,16,14,2,CHI,1,Away,16,14,2,5.5,0
2018-09-30,2018,4,Chicago Bears,CHI,48,Tampa Bay Buccaneers,TB,10,CHI,-3,46,58,0,48,10,38,CHI,1,Home,48,10,38,3,1
2018-10-14,2018,6,Miami Dolphins,MIA,31,Chicago Bears,CHI,28,CHI,-7.5,40.5,59,0,28,31,-3,CHI,1,Away,28,31,-3,7.5,0
2018-10-21,2018,7,Chicago Bears,CHI,31,New England Patriots,NE,38,NE,-1,48.5,69,0,38,31,7,CHI,0,Home,31,38,-7,-1,0
2018-10-28,2018,8,Chicago Bears,CHI,24,New York Jets,NYJ,10,CHI,-8.5,42.5,34,0,24,10,14,CHI,1,Home,24,10,14,8.5,1
2018-11-04,2018,9,Buffalo Bills,BUF,9,Chicago Bears,CHI,41,CHI,-10.5,38,50,0,41,9,32,CHI,1,Away,41,9,32,10.5,1
2018-11-11,2018,10,Chicago Bears,CHI,34,Detroit Lions,DET,22,CHI,-7.5,44.5,56,0,34,22,12,CHI,1,Home,34,22,12,7.5,1
2018-11-18,2018,11,Chicago Bears,CHI,25,Minnesota Vikings,MIN,20,CHI,-2.5,44,45,0,25,20,5,CHI,1,Home,25,20,5,2.5,1
2018-11-22,2018,12,Detroit Lions,DET,16,Chicago Bears,CHI,23,CHI,-3,43,39,0,23,16,7,CHI,1,Away,23,16,7,3,1
2018-12-02,2018,13,New York Giants,NYG,30,Chicago Bears,CHI,27,CHI,-4,44,57,0,27,30,-3,CHI,1,Away,27,30,-3,4,0
2018-12-09,2018,14,Chicago Bears,CHI,15,Los Angeles Rams,LAR,6,LAR,-3,51,21,0,6,15,-9,CHI,0,Home,15,6,9,-3,1
2018-12-16,2018,15,Chicago Bears,CHI,24,Green Bay Packers,GB,17,CHI,-5.5,46.5,41,0,24,17,7,CHI,1,Home,24,17,7,5.5,1
2018-12-23,2018,16,San Francisco 49ers,SF,9,Chicago Bears,CHI,14,CHI,-4,44,23,0,14,9,5,CHI,1,Away,14,9,5,4,1
2018-12-30,2018,17,Minnesota Vikings,MIN,10,Chicago Bears,CHI,24,MIN,-6,40.5,34,0,10,24,-14,CHI,0,Away,24,10,14,-6,1
2019-09-05,2019,1,Chicago Bears,CHI,3,Green Bay Packers,GB,10,CHI,-3,46.5,13,0,3,10,-7,CHI,1,Home,3,10,-7,3,0
2019-09-15,2019,2,Denver Broncos,DEN,14,Chicago Bears,CHI,16,CHI,-3,40.5,30,0,16,14,2,CHI,1,Away,16,14,2,3,0
2019-09-23,2019,3,Washington Redskins,WAS,15,Chicago Bears,CHI,31,CHI,-5,41,46,0,31,15,16,CHI,1,Away,31,15,16,5,1
2019-09-29,2019,4,Chicago Bears,CHI,16,Minnesota Vikings,MIN,6,CHI,-1,38.5,22,0,16,6,10,CHI,1,Home,16,6,10,1,1
2019-10-20,2019,7,Chicago Bears,CHI,25,New Orleans Saints,NO,36,CHI,-4,37,61,0,25,36,-11,CHI,1,Home,25,36,-11,4,0
2019-10-27,2019,8,Chicago Bears,CHI,16,Los Angeles Chargers,LAC,17,CHI,-3.5,41,33,0,16,17,-1,CHI,1,Home,16,17,-1,3.5,0
2019-11-03,2019,9,Philadelphia Eagles,PHI,22,Chicago Bears,CHI,14,PHI,-5,41,36,0,22,14,8,CHI,0,Away,14,22,-8,-5,0
2019-11-10,2019,10,Chicago Bears,CHI,20,Detroit Lions,DET,13,CHI,-6,38,33,0,20,13,7,CHI,1,Home,20,13,7,6,1
2019-11-17,2019,11,Los Angeles Rams,LAR,17,Chicago Bears,CHI,7,LAR,-5.5,40,24,0,17,7,10,CHI,0,Away,7,17,-10,-5.5,0
2019-11-24,2019,12,Chicago Bears,CHI,19,New York Giants,NYG,14,CHI,-6,41,33,0,19,14,5,CHI,1,Home,19,14,5,6,0
2019-11-28,2019,13,Detroit Lions,DET,20,Chicago Bears,CHI,24,CHI,-5.5,37,44,0,24,20,4,CHI,1,Away,24,20,4,5.5,0
2019-12-05,2019,14,Chicago Bears,CHI,31,Dallas Cowboys,DAL,24,DAL,-3,43,55,0,24,31,-7,CHI,0,Home,31,24,7,-3,1
2019-12-15,2019,15,Green Bay Packers,GB,21,Chicago Bears,CHI,13,GB,-4.5,41,34,0,21,13,8,CHI,0,Away,13,21,-8,-4.5,0
2019-12-22,2019,16,Chicago Bears,CHI,3,Kansas City Chiefs,KC,26,KC,-7,45.5,29,0,26,3,23,CHI,0,Home,3,26,-23,-7,0
2019-12-29,2019,17,Minnesota Vikings,MIN,19,Chicago Bears,CHI,21,CHI,-4.5,36,40,0,21,19,2,CHI,1,Away,21,19,2,4.5,0
2000-09-03,2000,1,Cleveland Browns,CLE,7,Jacksonville Jaguars,JAX,27,JAX,-10.5,38.5,34,0,27,7,20,JAX,1,Away,27,7,20,10.5,1
2000-09-10,2000,2,Baltimore Ravens,BAL,39,Jacksonville Jaguars,JAX,36,BAL,-3,36.5,75,0,39,36,3,JAX,0,Away,36,39,-3,-3,0
2000-09-17,2000,3,Jacksonville Jaguars,JAX,13,Cincinnati Bengals,CIN,0,JAX,-13,41,13,0,13,0,13,JAX,1,Home,13,0,13,13,0
2000-09-25,2000,4,Indianapolis Colts,IND,43,Jacksonville Jaguars,JAX,14,IND,-3.5,45,57,0,43,14,29,JAX,0,Away,14,43,-29,-3.5,0
2000-10-01,2000,5,Jacksonville Jaguars,JAX,13,Pittsburgh Steelers,PIT,24,JAX,-11,38.5,37,0,13,24,-11,JAX,1,Home,13,24,-11,11,0
2000-10-08,2000,6,Jacksonville Jaguars,JAX,10,Baltimore Ravens,BAL,15,JAX,-2.5,37.5,25,0,10,15,-5,JAX,1,Home,10,15,-5,2.5,0
2000-10-16,2000,7,Tennessee Titans,TEN,27,Jacksonville Jaguars,JAX,13,TEN,-6,38,40,0,27,13,14,JAX,0,Away,13,27,-14,-6,0
2000-10-22,2000,8,Jacksonville Jaguars,JAX,16,Washington Redskins,WAS,35,WAS,-4,36,51,0,35,16,19,JAX,0,Home,16,35,-19,-4,0
2000-10-29,2000,9,Dallas Cowboys,DAL,17,Jacksonville Jaguars,JAX,23,DAL,-4,44.5,40,0,17,23,-6,JAX,0,Away,23,17,6,-4,1
2000-11-12,2000,11,Jacksonville Jaguars,JAX,21,Seattle Seahawks,SEA,28,JAX,-7.5,40.5,49,0,21,28,-7,JAX,1,Home,21,28,-7,7.5,0
2000-11-19,2000,12,Pittsburgh Steelers,PIT,24,Jacksonville Jaguars,JAX,34,PIT,-3,37,58,0,24,34,-10,JAX,0,Away,34,24,10,-3,1
2000-11-26,2000,13,Jacksonville Jaguars,JAX,16,Tennessee Titans,TEN,13,TEN,-3,41.5,29,0,13,16,-3,JAX,0,Home,16,13,3,-3,1
2000-12-03,2000,14,Jacksonville Jaguars,JAX,48,Cleveland Browns,CLE,0,JAX,-14.5,39,48,0,48,0,48,JAX,1,Home,48,0,48,14.5,1
2000-12-10,2000,15,Jacksonville Jaguars,JAX,44,Arizona Cardinals,ARI,10,JAX,-15,42,54,0,44,10,34,JAX,1,Home,44,10,34,15,1
2000-12-17,2000,16,Cincinnati Bengals,CIN,17,Jacksonville Jaguars,JAX,14,JAX,-10.5,42.5,31,0,14,17,-3,JAX,1,Away,14,17,-3,10.5,0
2000-12-23,2000,17,New York Giants,NYG,28,Jacksonville Jaguars,JAX,25,NYG,-4,37.5,53,0,28,25,3,JAX,0,Away,25,28,-3,-4,1
2001-09-09,2001,1,Jacksonville Jaguars,JAX,21,Pittsburgh Steelers,PIT,3,JAX,-3,37.5,24,0,21,3,18,JAX,1,Home,21,3,18,3,1
2001-09-23,2001,2,Jacksonville Jaguars,JAX,13,Tennessee Titans,TEN,6,JAX,-2,36,19,0,13,6,7,JAX,1,Home,13,6,7,2,1
2001-09-30,2001,3,Jacksonville Jaguars,JAX,14,Cleveland Browns,CLE,23,JAX,-8.5,35.5,37,0,14,23,-9,JAX,1,Home,14,23,-9,8.5,0
2001-10-07,2001,4,Seattle Seahawks,SEA,24,Jacksonville Jaguars,JAX,15,JAX,-3.5,35,39,0,15,24,-9,JAX,1,Away,15,24,-9,3.5,0
2001-10-18,2001,6,Jacksonville Jaguars,JAX,10,Buffalo Bills,BUF,13,JAX,-9,38.5,23,0,10,13,-3,JAX,1,Home,10,13,-3,9,0
2001-10-28,2001,7,Baltimore Ravens,BAL,18,Jacksonville Jaguars,JAX,17,BAL,-7.5,33,35,0,18,17,1,JAX,0,Away,17,18,-1,-7.5,1
2001-11-04,2001,8,Tennessee Titans,TEN,28,Jacksonville Jaguars,JAX,24,TEN,-3,37.5,52,0,28,24,4,JAX,0,Away,24,28,-4,-3,0
2001-11-11,2001,9,Jacksonville Jaguars,JAX,30,Cincinnati Bengals,CIN,13,JAX,-4,39.5,43,0,30,13,17,JAX,1,Home,30,13,17,4,1
2001-11-18,2001,10,Pittsburgh Steelers,PIT,20,Jacksonville Jaguars,JAX,7,PIT,-5.5,36,27,0,20,7,13,JAX,0,Away,7,20,-13,-5.5,0
2001-11-25,2001,11,Jacksonville Jaguars,JAX,21,Baltimore Ravens,BAL,24,BAL,-3,34,45,0,24,21,3,JAX,0,Home,21,24,-3,-3,0
2001-12-03,2001,12,Jacksonville Jaguars,JAX,21,Green Bay Packers,GB,28,GB,-3,43,49,0,28,21,7,JAX,0,Home,21,28,-7,-3,0
2001-12-09,2001,13,Cincinnati Bengals,CIN,10,Jacksonville Jaguars,JAX,14,CIN,-1,36.5,24,0,10,14,-4,JAX,0,Away,14,10,4,-1,1
2001-12-16,2001,14,Cleveland Browns,CLE,10,Jacksonville Jaguars,JAX,15,CLE,-2,36.5,25,0,10,15,-5,JAX,0,Away,15,10,5,-2,1
2001-12-23,2001,15,Minnesota Vikings,MIN,3,Jacksonville Jaguars,JAX,33,MIN,-2.5,45.5,36,0,3,33,-30,JAX,0,Away,33,3,30,-2.5,1
2001-12-30,2001,16,Jacksonville Jaguars,JAX,26,Kansas City Chiefs,KC,30,JAX,-4.5,40,56,0,26,30,-4,JAX,1,Home,26,30,-4,4.5,0
2002-01-06,2001,17,Chicago Bears,CHI,33,Jacksonville Jaguars,JAX,13,CHI,-6,33.5,46,0,33,13,20,JAX,0,Away,13,33,-20,-6,0
2002-09-08,2002,1,Jacksonville Jaguars,JAX,25,Indianapolis Colts,IND,28,IND,-3.5,44,53,0,28,25,3,JAX,0,Home,25,28,-3,-3.5,1
2002-09-15,2002,2,Kansas City Chiefs,KC,16,Jacksonville Jaguars,JAX,23,KC,-3.5,46,39,0,16,23,-7,JAX,0,Away,23,16,7,-3.5,1
2002-09-29,2002,4,Jacksonville Jaguars,JAX,28,New York Jets,NYJ,3,JAX,-3.5,41.5,31,0,28,3,25,JAX,1,Home,28,3,25,3.5,1
2002-10-06,2002,5,Jacksonville Jaguars,JAX,28,Philadelphia Eagles,PHI,25,PHI,-3,42.5,53,0,25,28,-3,JAX,0,Home,28,25,3,-3,1
2002-10-13,2002,6,Tennessee Titans,TEN,23,Jacksonville Jaguars,JAX,14,JAX,-1.5,44,37,0,14,23,-9,JAX,1,Away,14,23,-9,1.5,0
2002-10-20,2002,7,Baltimore Ravens,BAL,17,Jacksonville Jaguars,JAX,10,JAX,-1.5,38,27,0,10,17,-7,JAX,1,Away,10,17,-7,1.5,0
2002-10-27,2002,8,Jacksonville Jaguars,JAX,19,Houston Texans,HOU,21,JAX,-11,38,40,0,19,21,-2,JAX,1,Home,19,21,-2,11,0
2002-11-03,2002,9,New York Giants,NYG,24,Jacksonville Jaguars,JAX,17,NYG,-3,35.5,41,0,24,17,7,JAX,0,Away,17,24,-7,-3,0
2002-11-10,2002,10,Jacksonville Jaguars,JAX,26,Washington Redskins,WAS,7,JAX,-1.5,39.5,33,0,26,7,19,JAX,1,Home,26,7,19,1.5,1
2002-11-17,2002,11,Houston Texans,HOU,21,Jacksonville Jaguars,JAX,24,JAX,-6.5,36.5,45,0,24,21,3,JAX,1,Away,24,21,3,6.5,0
2002-11-24,2002,12,Dallas Cowboys,DAL,21,Jacksonville Jaguars,JAX,19,JAX,-2.5,34,40,0,19,21,-2,JAX,1,Away,19,21,-2,2.5,0
2002-12-01,2002,13,Jacksonville Jaguars,JAX,23,Pittsburgh Steelers,PIT,25,PIT,-3,44,48,0,25,23,2,JAX,0,Home,23,25,-2,-3,1
2002-12-08,2002,14,Jacksonville Jaguars,JAX,20,Cleveland Browns,CLE,21,JAX,-2.5,41.5,41,0,20,21,-1,JAX,1,Home,20,21,-1,2.5,0
2002-12-15,2002,15,Cincinnati Bengals,CIN,15,Jacksonville Jaguars,JAX,29,JAX,-3,45,44,0,29,15,14,JAX,1,Away,29,15,14,3,1
2002-12-22,2002,16,Jacksonville Jaguars,JAX,10,Tennessee Titans,TEN,28,TEN,-3,41.5,38,0,28,10,18,JAX,0,Home,10,28,-18,-3,0
2002-12-29,2002,17,Indianapolis Colts,IND,20,Jacksonville Jaguars,JAX,13,IND,-8.5,40.5,33,0,20,13,7,JAX,0,Away,13,20,-7,-8.5,1
2003-09-07,2003,1,Carolina Panthers,CAR,24,Jacksonville Jaguars,JAX,23,CAR,-4,34.5,47,0,24,23,1,JAX,0,Away,23,24,-1,-4,1
2003-09-14,2003,2,Jacksonville Jaguars,JAX,17,Buffalo Bills,BUF,38,BUF,-3,42,55,0,38,17,21,JAX,0,Home,17,38,-21,-3,0
2003-09-21,2003,3,Indianapolis Colts,IND,23,Jacksonville Jaguars,JAX,13,IND,-7.5,42,36,0,23,13,10,JAX,0,Away,13,23,-10,-7.5,0
2003-09-28,2003,4,Houston Texans,HOU,24,Jacksonville Jaguars,JAX,20,JAX,-2.5,37.5,44,0,20,24,-4,JAX,1,Away,20,24,-4,2.5,0
2003-10-05,2003,5,Jacksonville Jaguars,JAX,27,San Diego Chargers,LAC,21,JAX,-3,42.5,48,0,27,21,6,JAX,1,Home,27,21,6,3,1
2003-10-12,2003,6,Jacksonville Jaguars,JAX,10,Miami Dolphins,MIA,24,MIA,-3.5,38,34,0,24,10,14,JAX,0,Home,10,24,-14,-3.5,0
2003-10-26,2003,8,Jacksonville Jaguars,JAX,17,Tennessee Titans,TEN,30,TEN,-4.5,43.5,47,0,30,17,13,JAX,0,Home,17,30,-13,-4.5,0
2003-11-02,2003,9,Baltimore Ravens,BAL,24,Jacksonville Jaguars,JAX,17,BAL,-7,37.5,41,0,24,17,7,JAX,0,Away,17,24,-7,-7,0
2003-11-09,2003,10,Jacksonville Jaguars,JAX,28,Indianapolis Colts,IND,23,IND,-6,44,51,0,23,28,-5,JAX,0,Home,28,23,5,-6,1
2003-11-16,2003,11,Tennessee Titans,TEN,10,Jacksonville Jaguars,JAX,3,TEN,-9,44.5,13,0,10,3,7,JAX,0,Away,3,10,-7,-9,1
2003-11-23,2003,12,New York Jets,NYJ,13,Jacksonville Jaguars,JAX,10,NYJ,-4,43,23,0,13,10,3,JAX,0,Away,10,13,-3,-4,1
2003-11-30,2003,13,Jacksonville Jaguars,JAX,17,Tampa Bay Buccaneers,TB,10,TB,-3,37,27,0,10,17,-7,JAX,0,Home,17,10,7,-3,1
2003-12-07,2003,14,Jacksonville Jaguars,JAX,27,Houston Texans,HOU,0,JAX,-9.5,37.5,27,0,27,0,27,JAX,1,Home,27,0,27,9.5,1
2003-12-14,2003,15,New England Patriots,NE,27,Jacksonville Jaguars,JAX,13,NE,-6,33,40,0,27,13,14,JAX,0,Away,13,27,-14,-6,0
2003-12-21,2003,16,Jacksonville Jaguars,JAX,20,New Orleans Saints,NO,19,JAX,-3,42,39,0,20,19,1,JAX,1,Home,20,19,1,3,0
2003-12-28,2003,17,Atlanta Falcons,ATL,21,Jacksonville Jaguars,JAX,14,ATL,-2.5,44,35,0,21,14,7,JAX,0,Away,14,21,-7,-2.5,0
2004-09-12,2004,1,Buffalo Bills,BUF,10,Jacksonville Jaguars,JAX,13,BUF,-3,35,23,0,10,13,-3,JAX,0,Away,13,10,3,-3,1
2004-09-19,2004,2,Jacksonville Jaguars,JAX,7,Denver Broncos,DEN,6,DEN,-3,38,13,0,6,7,-1,JAX,0,Home,7,6,1,-3,1
2004-09-26,2004,3,Tennessee Titans,TEN,12,Jacksonville Jaguars,JAX,15,TEN,-6,34.5,27,0,12,15,-3,JAX,0,Away,15,12,3,-6,1
2004-10-03,2004,4,Jacksonville Jaguars,JAX,17,Indianapolis Colts,IND,24,IND,-4,42,41,0,24,17,7,JAX,0,Home,17,24,-7,-4,0
2004-10-10,2004,5,San Diego Chargers,LAC,34,Jacksonville Jaguars,JAX,21,JAX,-2.5,37,55,0,21,34,-13,JAX,1,Away,21,34,-13,2.5,0
2004-10-17,2004,6,Jacksonville Jaguars,JAX,22,Kansas City Chiefs,KC,16,KC,-2.5,44,38,0,16,22,-6,JAX,0,Home,22,16,6,-2.5,1
2004-10-24,2004,7,Indianapolis Colts,IND,24,Jacksonville Jaguars,JAX,27,IND,-9,47,51,0,24,27,-3,JAX,0,Away,27,24,3,-9,1
2004-10-31,2004,8,Houston Texans,HOU,20,Jacksonville Jaguars,JAX,6,HOU,-2,42,26,0,20,6,14,JAX,0,Away,6,20,-14,-2,0
2004-11-14,2004,10,Jacksonville Jaguars,JAX,23,Detroit Lions,DET,17,JAX,-3.5,34.5,40,0,23,17,6,JAX,1,Home,23,17,6,3.5,1
2004-11-21,2004,11,Jacksonville Jaguars,JAX,15,Tennessee Titans,TEN,18,JAX,-3,36,33,0,15,18,-3,JAX,1,Home,15,18,-3,3,0
2004-11-28,2004,12,Minnesota Vikings,MIN,27,Jacksonville Jaguars,JAX,16,MIN,-6,45.5,43,0,27,16,11,JAX,0,Away,16,27,-11,-6,0
2004-12-05,2004,13,Jacksonville Jaguars,JAX,16,Pittsburgh Steelers,PIT,17,PIT,-3,35.5,33,0,17,16,1,JAX,0,Home,16,17,-1,-3,1
2004-12-12,2004,14,Jacksonville Jaguars,JAX,22,Chicago Bears,CHI,3,JAX,-7,34,25,0,22,3,19,JAX,1,Home,22,3,19,7,1
2004-12-19,2004,15,Green Bay Packers,GB,25,Jacksonville Jaguars,JAX,28,GB,-3.5,37,53,0,25,28,-3,JAX,0,Away,28,25,3,-3.5,1
2004-12-26,2004,16,Jacksonville Jaguars,JAX,0,Houston Texans,HOU,21,JAX,-6.5,36.5,21,0,0,21,-21,JAX,1,Home,0,21,-21,6.5,0
2005-01-02,2004,17,Oakland Raiders,OAK,6,Jacksonville Jaguars,JAX,13,JAX,-2.5,43,19,0,13,6,7,JAX,1,Away,13,6,7,2.5,1
2005-09-11,2005,1,Jacksonville Jaguars,JAX,26,Seattle Seahawks,SEA,14,JAX,-3,40,40,0,26,14,12,JAX,1,Home,26,14,12,3,1
2005-09-18,2005,2,Indianapolis Colts,IND,10,Jacksonville Jaguars,JAX,3,IND,-9,46,13,0,10,3,7,JAX,0,Away,3,10,-7,-9,1
2005-09-25,2005,3,New York Jets,NYJ,20,Jacksonville Jaguars,JAX,26,NYJ,-2.5,34.5,46,0,20,26,-6,JAX,0,Away,26,20,6,-2.5,1
2005-10-02,2005,4,Jacksonville Jaguars,JAX,7,Denver Broncos,DEN,20,JAX,-4,37.5,27,0,7,20,-13,JAX,1,Home,7,20,-13,4,0
2005-10-09,2005,5,Jacksonville Jaguars,JAX,23,Cincinnati Bengals,CIN,20,JAX,-3,38,43,0,23,20,3,JAX,1,Home,23,20,3,3,0
2005-10-16,2005,6,Pittsburgh Steelers,PIT,17,Jacksonville Jaguars,JAX,23,PIT,-5,36,40,0,17,23,-6,JAX,0,Away,23,17,6,-5,1
2005-10-30,2005,8,St. Louis Rams,LAR,24,Jacksonville Jaguars,JAX,21,JAX,-3,43,45,0,21,24,-3,JAX,1,Away,21,24,-3,3,0
2005-11-06,2005,9,Jacksonville Jaguars,JAX,21,Houston Texans,HOU,14,JAX,-11,37.5,35,0,21,14,7,JAX,1,Home,21,14,7,11,0
2005-11-13,2005,10,Jacksonville Jaguars,JAX,30,Baltimore Ravens,BAL,3,JAX,-8,34,33,0,30,3,27,JAX,1,Home,30,3,27,8,1
2005-11-20,2005,11,Tennessee Titans,TEN,28,Jacksonville Jaguars,JAX,31,JAX,-4,38,59,0,31,28,3,JAX,1,Away,31,28,3,4,0
2005-11-27,2005,12,Arizona Cardinals,ARI,17,Jacksonville Jaguars,JAX,24,JAX,-3.5,41.5,41,0,24,17,7,JAX,1,Away,24,17,7,3.5,1
2005-12-04,2005,13,Cleveland Browns,CLE,14,Jacksonville Jaguars,JAX,20,JAX,-3,36.5,34,0,20,14,6,JAX,1,Away,20,14,6,3,1
2005-12-11,2005,14,Jacksonville Jaguars,JAX,18,Indianapolis Colts,IND,26,IND,-7.5,43,44,0,26,18,8,JAX,0,Home,18,26,-8,-7.5,0
2005-12-18,2005,15,Jacksonville Jaguars,JAX,10,San Francisco 49ers,SF,9,JAX,-14.5,39.5,19,0,10,9,1,JAX,1,Home,10,9,1,14.5,0
2005-12-24,2005,16,Houston Texans,HOU,20,Jacksonville Jaguars,JAX,38,JAX,-6,38,58,0,38,20,18,JAX,1,Away,38,20,18,6,1
2006-01-01,2005,17,Jacksonville Jaguars,JAX,40,Tennessee Titans,TEN,13,JAX,-4,38,53,0,40,13,27,JAX,1,Home,40,13,27,4,1
2006-09-10,2006,1,Jacksonville Jaguars,JAX,24,Dallas Cowboys,DAL,17,DAL,-2.5,36.5,41,0,17,24,-7,JAX,0,Home,24,17,7,-2.5,1
2006-09-18,2006,2,Jacksonville Jaguars,JAX,9,Pittsburgh Steelers,PIT,0,PIT,-2.5,36.5,9,0,0,9,-9,JAX,0,Home,9,0,9,-2.5,1
2006-09-24,2006,3,Indianapolis Colts,IND,21,Jacksonville Jaguars,JAX,14,IND,-6.5,41.5,35,0,21,14,7,JAX,0,Away,14,21,-7,-6.5,0
2006-10-01,2006,4,Washington Redskins,WAS,36,Jacksonville Jaguars,JAX,30,JAX,-3,34,66,0,30,36,-6,JAX,1,Away,30,36,-6,3,0
2006-10-08,2006,5,Jacksonville Jaguars,JAX,41,New York Jets,NYJ,0,JAX,-7,38,41,0,41,0,41,JAX,1,Home,41,0,41,7,1
2006-10-22,2006,7,Houston Texans,HOU,27,Jacksonville Jaguars,JAX,7,JAX,-8,39.5,34,0,7,27,-20,JAX,1,Away,7,27,-20,8,0
2006-10-29,2006,8,Philadelphia Eagles,PHI,6,Jacksonville Jaguars,JAX,13,PHI,-8,39,19,0,6,13,-7,JAX,0,Away,13,6,7,-8,1
2006-11-05,2006,9,Jacksonville Jaguars,JAX,37,Tennessee Titans,TEN,7,JAX,-9.5,37,44,0,37,7,30,JAX,1,Home,37,7,30,9.5,1
2006-11-12,2006,10,Jacksonville Jaguars,JAX,10,Houston Texans,HOU,13,JAX,-10.5,37.5,23,0,10,13,-3,JAX,1,Home,10,13,-3,10.5,0
2006-11-20,2006,11,Jacksonville Jaguars,JAX,26,New York Giants,NYG,10,JAX,-3.5,38.5,36,0,26,10,16,JAX,1,Home,26,10,16,3.5,1
2006-11-26,2006,12,Buffalo Bills,BUF,27,Jacksonville Jaguars,JAX,24,JAX,-3,35,51,0,24,27,-3,JAX,1,Away,24,27,-3,3,0
2006-12-03,2006,13,Miami Dolphins,MIA,10,Jacksonville Jaguars,JAX,24,PICK,0,35.5,34,0,24,10,14,JAX,0,Away,24,10,14,0,1
2006-12-10,2006,14,Jacksonville Jaguars,JAX,44,Indianapolis Colts,IND,17,IND,-1,44,61,0,17,44,-27,JAX,0,Home,44,17,27,-1,1
2006-12-17,2006,15,Tennessee Titans,TEN,24,Jacksonville Jaguars,JAX,17,JAX,-3.5,41,41,0,17,24,-7,JAX,1,Away,17,24,-7,3.5,0
2006-12-24,2006,16,Jacksonville Jaguars,JAX,21,New England Patriots,NE,24,JAX,-3,37,45,0,21,24,-3,JAX,1,Home,21,24,-3,3,0
2006-12-31,2006,17,Kansas City Chiefs,KC,35,Jacksonville Jaguars,JAX,30,KC,-2.5,37,65,0,35,30,5,JAX,0,Away,30,35,-5,-2.5,0
2007-09-09,2007,1,Jacksonville Jaguars,JAX,10,Tennessee Titans,TEN,13,JAX,-7,38,23,0,10,13,-3,JAX,1,Home,10,13,-3,7,0
2007-09-16,2007,2,Jacksonville Jaguars,JAX,13,Atlanta Falcons,ATL,7,JAX,-10,34.5,20,0,13,7,6,JAX,1,Home,13,7,6,10,0
2007-09-23,2007,3,Denver Broncos,DEN,14,Jacksonville Jaguars,JAX,23,DEN,-3,36,37,0,14,23,-9,JAX,0,Away,23,14,9,-3,1
2007-10-07,2007,5,Kansas City Chiefs,KC,7,Jacksonville Jaguars,JAX,17,JAX,-2,35,24,0,17,7,10,JAX,1,Away,17,7,10,2,1
2007-10-14,2007,6,Jacksonville Jaguars,JAX,37,Houston Texans,HOU,17,JAX,-7,37.5,54,0,37,17,20,JAX,1,Home,37,17,20,7,1
2007-10-22,2007,7,Jacksonville Jaguars,JAX,7,Indianapolis Colts,IND,29,IND,-3,45.5,36,0,29,7,22,JAX,0,Home,7,29,-22,-3,0
2007-10-28,2007,8,Tampa Bay Buccaneers,TB,23,Jacksonville Jaguars,JAX,24,TB,-3.5,32,47,0,23,24,-1,JAX,0,Away,24,23,1,-3.5,1
2007-11-04,2007,9,New Orleans Saints,NO,41,Jacksonville Jaguars,JAX,24,NO,-3,40,65,0,41,24,17,JAX,0,Away,24,41,-17,-3,0
2007-11-11,2007,10,Tennessee Titans,TEN,13,Jacksonville Jaguars,JAX,28,TEN,-3.5,36,41,0,13,28,-15,JAX,0,Away,28,13,15,-3.5,1
2007-11-18,2007,11,Jacksonville Jaguars,JAX,24,San Diego Chargers,LAC,17,JAX,-3,40.5,41,0,24,17,7,JAX,1,Home,24,17,7,3,1
2007-11-25,2007,12,Jacksonville Jaguars,JAX,36,Buffalo Bills,BUF,14,JAX,-9,37,50,0,36,14,22,JAX,1,Home,36,14,22,9,1
2007-12-02,2007,13,Indianapolis Colts,IND,28,Jacksonville Jaguars,JAX,25,IND,-7,45,53,0,28,25,3,JAX,0,Away,25,28,-3,-7,1
2007-12-09,2007,14,Jacksonville Jaguars,JAX,37,Carolina Panthers,CAR,6,JAX,-10.5,39,43,0,37,6,31,JAX,1,Home,37,6,31,10.5,1
2007-12-16,2007,15,Pittsburgh Steelers,PIT,22,Jacksonville Jaguars,JAX,29,PIT,-3,34.5,51,0,22,29,-7,JAX,0,Away,29,22,7,-3,1
2007-12-23,2007,16,Jacksonville Jaguars,JAX,49,Oakland Raiders,OAK,11,JAX,-13.5,39.5,60,0,49,11,38,JAX,1,Home,49,11,38,13.5,1
2007-12-30,2007,17,Houston Texans,HOU,42,Jacksonville Jaguars,JAX,28,HOU,-7,42,70,0,42,28,14,JAX,0,Away,28,42,-14,-7,0
2008-09-07,2008,1,Tennessee Titans,TEN,17,Jacksonville Jaguars,JAX,10,JAX,-3,36.5,27,0,10,17,-7,JAX,1,Away,10,17,-7,3,0
2008-09-14,2008,2,Jacksonville Jaguars,JAX,16,Buffalo Bills,BUF,20,JAX,-4,37,36,0,16,20,-4,JAX,1,Home,16,20,-4,4,0
2008-09-21,2008,3,Indianapolis Colts,IND,21,Jacksonville Jaguars,JAX,23,IND,-4,42,44,0,21,23,-2,JAX,0,Away,23,21,2,-4,1
2008-09-28,2008,4,Jacksonville Jaguars,JAX,30,Houston Texans,HOU,27,JAX,-6.5,43,57,0,30,27,3,JAX,1,Home,30,27,3,6.5,0
2008-10-05,2008,5,Jacksonville Jaguars,JAX,21,Pittsburgh Steelers,PIT,26,JAX,-5,37,47,0,21,26,-5,JAX,1,Home,21,26,-5,5,0
2008-10-12,2008,6,Denver Broncos,DEN,17,Jacksonville Jaguars,JAX,24,DEN,-3,48,41,0,17,24,-7,JAX,0,Away,24,17,7,-3,1
2008-10-26,2008,8,Jacksonville Jaguars,JAX,17,Cleveland Browns,CLE,23,JAX,-7,42,40,0,17,23,-6,JAX,1,Home,17,23,-6,7,0
2008-11-02,2008,9,Cincinnati Bengals,CIN,21,Jacksonville Jaguars,JAX,19,JAX,-7.5,40,40,0,19,21,-2,JAX,1,Away,19,21,-2,7.5,0
2008-11-09,2008,10,Detroit Lions,DET,14,Jacksonville Jaguars,JAX,38,JAX,-5,43,52,0,38,14,24,JAX,1,Away,38,14,24,5,1
2008-11-16,2008,11,Jacksonville Jaguars,JAX,14,Tennessee Titans,TEN,24,TEN,-3,40,38,0,24,14,10,JAX,0,Home,14,24,-10,-3,0
2008-11-23,2008,12,Jacksonville Jaguars,JAX,12,Minnesota Vikings,MIN,30,JAX,-2.5,41.5,42,0,12,30,-18,JAX,1,Home,12,30,-18,2.5,0
2008-12-01,2008,13,Houston Texans,HOU,30,Jacksonville Jaguars,JAX,17,HOU,-3,48.5,47,0,30,17,13,JAX,0,Away,17,30,-13,-3,0
2008-12-07,2008,14,Chicago Bears,CHI,23,Jacksonville Jaguars,JAX,10,CHI,-6.5,40,33,0,23,10,13,JAX,0,Away,10,23,-13,-6.5,0
2008-12-14,2008,15,Jacksonville Jaguars,JAX,20,Green Bay Packers,GB,16,GB,-2.5,46,36,0,16,20,-4,JAX,0,Home,20,16,4,-2.5,1
2008-12-18,2008,16,Jacksonville Jaguars,JAX,24,Indianapolis Colts,IND,31,IND,-6,44,55,0,31,24,7,JAX,0,Home,24,31,-7,-6,0
2008-12-28,2008,17,Baltimore Ravens,BAL,27,Jacksonville Jaguars,JAX,7,BAL,-10.5,37.5,34,0,27,7,20,JAX,0,Away,7,27,-20,-10.5,0
2009-09-13,2009,1,Indianapolis Colts,IND,14,Jacksonville Jaguars,JAX,12,IND,-6,45,26,0,14,12,2,JAX,0,Away,12,14,-2,-6,1
2009-09-20,2009,2,Jacksonville Jaguars,JAX,17,Arizona Cardinals,ARI,31,JAX,-3,44,48,0,17,31,-14,JAX,1,Home,17,31,-14,3,0
2009-09-27,2009,3,Houston Texans,HOU,24,Jacksonville Jaguars,JAX,31,HOU,-4.5,47.5,55,0,24,31,-7,JAX,0,Away,31,24,7,-4.5,1
2009-10-04,2009,4,Jacksonville Jaguars,JAX,37,Tennessee Titans,TEN,17,TEN,-3.5,42,54,0,17,37,-20,JAX,0,Home,37,17,20,-3.5,1
2009-10-11,2009,5,Seattle Seahawks,SEA,41,Jacksonville Jaguars,JAX,0,SEA,-2,44.5,41,0,41,0,41,JAX,0,Away,0,41,-41,-2,0
2009-10-18,2009,6,Jacksonville Jaguars,JAX,23,St. Louis Rams,LAR,20,JAX,-9.5,42.5,43,0,23,20,3,JAX,1,Home,23,20,3,9.5,0
2009-11-01,2009,8,Tennessee Titans,TEN,30,Jacksonville Jaguars,JAX,13,TEN,-3,44.5,43,0,30,13,17,JAX,0,Away,13,30,-17,-3,0
2009-11-08,2009,9,Jacksonville Jaguars,JAX,24,Kansas City Chiefs,KC,21,JAX,-7,41.5,45,0,24,21,3,JAX,1,Home,24,21,3,7,0
2009-11-15,2009,10,New York Jets,NYJ,22,Jacksonville Jaguars,JAX,24,NYJ,-6.5,41,46,0,22,24,-2,JAX,0,Away,24,22,2,-6.5,1
2009-11-22,2009,11,Jacksonville Jaguars,JAX,18,Buffalo Bills,BUF,15,JAX,-8.5,41,33,0,18,15,3,JAX,1,Home,18,15,3,8.5,0
2009-11-29,2009,12,San Francisco 49ers,SF,20,Jacksonville Jaguars,JAX,3,SF,-3,42.5,23,0,20,3,17,JAX,0,Away,3,20,-17,-3,0
2009-12-06,2009,13,Jacksonville Jaguars,JAX,23,Houston Texans,HOU,18,HOU,-1.5,47.5,41,0,18,23,-5,JAX,0,Home,23,18,5,-1.5,1
2009-12-13,2009,14,Jacksonville Jaguars,JAX,10,Miami Dolphins,MIA,14,JAX,-2,43,24,0,10,14,-4,JAX,1,Home,10,14,-4,2,0
2009-12-17,2009,15,Jacksonville Jaguars,JAX,31,Indianapolis Colts,IND,35,IND,-3,43.5,66,0,35,31,4,JAX,0,Home,31,35,-4,-3,0
2009-12-27,2009,16,New England Patriots,NE,35,Jacksonville Jaguars,JAX,7,NE,-9,44.5,42,0,35,7,28,JAX,0,Away,7,35,-28,-9,0
2010-01-03,2009,17,Cleveland Browns,CLE,23,Jacksonville Jaguars,JAX,17,CLE,-2,35,40,0,23,17,6,JAX,0,Away,17,23,-6,-2,0
2010-09-12,2010,1,Jacksonville Jaguars,JAX,24,Denver Broncos,DEN,17,JAX,-3,41.5,41,0,24,17,7,JAX,1,Home,24,17,7,3,1
2010-09-19,2010,2,San Diego Chargers,LAC,38,Jacksonville Jaguars,JAX,13,LAC,-7,45,51,0,38,13,25,JAX,0,Away,13,38,-25,-7,0
2010-09-26,2010,3,Jacksonville Jaguars,JAX,3,Philadelphia Eagles,PHI,28,PHI,-3,45,31,0,28,3,25,JAX,0,Home,3,28,-25,-3,0
2010-10-03,2010,4,Jacksonville Jaguars,JAX,31,Indianapolis Colts,IND,28,IND,-7,46,59,0,28,31,-3,JAX,0,Home,31,28,3,-7,1
2010-10-10,2010,5,Buffalo Bills,BUF,26,Jacksonville Jaguars,JAX,36,BUF,-2.5,41.5,62,0,26,36,-10,JAX,0,Away,36,26,10,-2.5,1
2010-10-18,2010,6,Jacksonville Jaguars,JAX,3,Tennessee Titans,TEN,30,TEN,-3,43.5,33,0,30,3,27,JAX,0,Home,3,30,-27,-3,0
2010-10-24,2010,7,Kansas City Chiefs,KC,42,Jacksonville Jaguars,JAX,20,KC,-9,39,62,0,42,20,22,JAX,0,Away,20,42,-22,-9,0
2010-10-31,2010,8,Dallas Cowboys,DAL,17,Jacksonville Jaguars,JAX,35,DAL,-6.5,44,52,0,17,35,-18,JAX,0,Away,35,17,18,-6.5,1
2010-11-14,2010,10,Jacksonville Jaguars,JAX,31,Houston Texans,HOU,24,PICK,0,48.5,55,0,24,31,-7,JAX,0,Home,31,24,7,0,1
2010-11-21,2010,11,Jacksonville Jaguars,JAX,24,Cleveland Browns,CLE,20,JAX,-2.5,43,44,0,24,20,4,JAX,1,Home,24,20,4,2.5,1
2010-11-28,2010,12,New York Giants,NYG,24,Jacksonville Jaguars,JAX,20,NYG,-7.5,44,44,0,24,20,4,JAX,0,Away,20,24,-4,-7.5,1
2010-12-05,2010,13,Tennessee Titans,TEN,6,Jacksonville Jaguars,JAX,17,TEN,-3,43.5,23,0,6,17,-11,JAX,0,Away,17,6,11,-3,1
2010-12-12,2010,14,Jacksonville Jaguars,JAX,38,Oakland Raiders,OAK,31,JAX,-3.5,41.5,69,0,38,31,7,JAX,1,Home,38,31,7,3.5,1
2010-12-19,2010,15,Indianapolis Colts,IND,34,Jacksonville Jaguars,JAX,24,IND,-4.5,48,58,0,34,24,10,JAX,0,Away,24,34,-10,-4.5,0
2010-12-26,2010,16,Jacksonville Jaguars,JAX,17,Washington Redskins,WAS,20,JAX,-6.5,45,37,0,17,20,-3,JAX,1,Home,17,20,-3,6.5,0
2011-01-02,2010,17,Houston Texans,HOU,34,Jacksonville Jaguars,JAX,17,HOU,-4,48,51,0,34,17,17,JAX,0,Away,17,34,-17,-4,0
2011-09-11,2011,1,Jacksonville Jaguars,JAX,16,Tennessee Titans,TEN,14,TEN,-1.5,38,30,0,14,16,-2,JAX,0,Home,16,14,2,-1.5,1
2011-09-18,2011,2,New York Jets,NYJ,32,Jacksonville Jaguars,JAX,3,NYJ,-9,38.5,35,0,32,3,29,JAX,0,Away,3,32,-29,-9,0
2011-09-25,2011,3,Carolina Panthers,CAR,16,Jacksonville Jaguars,JAX,10,CAR,-3.5,43.5,26,0,16,10,6,JAX,0,Away,10,16,-6,-3.5,0
2011-10-02,2011,4,Jacksonville Jaguars,JAX,10,New Orleans Saints,NO,23,NO,-9,45,33,0,23,10,13,JAX,0,Home,10,23,-13,-9,0
2011-10-09,2011,5,Jacksonville Jaguars,JAX,20,Cincinnati Bengals,CIN,30,CIN,-2.5,37,50,0,30,20,10,JAX,0,Home,20,30,-10,-2.5,0
2011-10-16,2011,6,Pittsburgh Steelers,PIT,17,Jacksonville Jaguars,JAX,13,PIT,-12.5,40,30,0,17,13,4,JAX,0,Away,13,17,-4,-12.5,1
2011-10-24,2011,7,Jacksonville Jaguars,JAX,12,Baltimore Ravens,BAL,7,BAL,-10.5,39,19,0,7,12,-5,JAX,0,Home,12,7,5,-10.5,1
2011-10-30,2011,8,Houston Texans,HOU,24,Jacksonville Jaguars,JAX,14,HOU,-10,41,38,0,24,14,10,JAX,0,Away,14,24,-10,-10,0
2011-11-13,2011,10,Indianapolis Colts,IND,3,Jacksonville Jaguars,JAX,17,JAX,-3,37.5,20,0,17,3,14,JAX,1,Away,17,3,14,3,1
2011-11-20,2011,11,Cleveland Browns,CLE,14,Jacksonville Jaguars,JAX,10,CLE,-1.5,34.5,24,0,14,10,4,JAX,0,Away,10,14,-4,-1.5,0
2011-11-27,2011,12,Jacksonville Jaguars,JAX,13,Houston Texans,HOU,20,HOU,-6.5,37,33,0,20,13,7,JAX,0,Home,13,20,-7,-6.5,0
2011-12-05,2011,13,Jacksonville Jaguars,JAX,14,San Diego Chargers,LAC,38,LAC,-3,39.5,52,0,38,14,24,JAX,0,Home,14,38,-24,-3,0
2011-12-11,2011,14,Jacksonville Jaguars,JAX,41,Tampa Bay Buccaneers,TB,14,TB,-3,42,55,0,14,41,-27,JAX,0,Home,41,14,27,-3,1
2011-12-15,2011,15,Atlanta Falcons,ATL,41,Jacksonville Jaguars,JAX,14,ATL,-13.5,42,55,0,41,14,27,JAX,0,Away,14,41,-27,-13.5,0
2011-12-24,2011,16,Tennessee Titans,TEN,23,Jacksonville Jaguars,JAX,17,TEN,-8.5,38.5,40,0,23,17,6,JAX,0,Away,17,23,-6,-8.5,1
2012-01-01,2011,17,Jacksonville Jaguars,JAX,19,Indianapolis Colts,IND,13,JAX,-3,37,32,0,19,13,6,JAX,1,Home,19,13,6,3,1
2012-09-09,2012,1,Minnesota Vikings,MIN,26,Jacksonville Jaguars,JAX,23,MIN,-3.5,38,49,0,26,23,3,JAX,0,Away,23,26,-3,-3.5,1
2012-09-16,2012,2,Jacksonville Jaguars,JAX,7,Houston Texans,HOU,27,HOU,-7,40,34,0,27,7,20,JAX,0,Home,7,27,-20,-7,0
2012-09-23,2012,3,Indianapolis Colts,IND,17,Jacksonville Jaguars,JAX,22,IND,-3,42,39,0,17,22,-5,JAX,0,Away,22,17,5,-3,1
2012-09-30,2012,4,Jacksonville Jaguars,JAX,10,Cincinnati Bengals,CIN,27,JAX,-1.5,45.5,37,0,10,27,-17,JAX,1,Home,10,27,-17,1.5,0
2012-10-07,2012,5,Jacksonville Jaguars,JAX,3,Chicago Bears,CHI,41,CHI,-6.5,40,44,0,41,3,38,JAX,0,Home,3,41,-38,-6.5,0
2012-10-21,2012,7,Oakland Raiders,OAK,26,Jacksonville Jaguars,JAX,23,OAK,-6,44,49,0,26,23,3,JAX,0,Away,23,26,-3,-6,1
2012-10-28,2012,8,Green Bay Packers,GB,24,Jacksonville Jaguars,JAX,15,GB,-16,45.5,39,0,24,15,9,JAX,0,Away,15,24,-9,-16,1
2012-11-04,2012,9,Jacksonville Jaguars,JAX,14,Detroit Lions,DET,31,DET,-6,44,45,0,31,14,17,JAX,0,Home,14,31,-17,-6,0
2012-11-08,2012,10,Jacksonville Jaguars,JAX,10,Indianapolis Colts,IND,27,IND,-3.5,43.5,37,0,27,10,17,JAX,0,Home,10,27,-17,-3.5,0
2012-11-18,2012,11,Houston Texans,HOU,43,Jacksonville Jaguars,JAX,37,HOU,-15.5,40.5,80,0,43,37,6,JAX,0,Away,37,43,-6,-15.5,1
2012-11-25,2012,12,Jacksonville Jaguars,JAX,24,Tennessee Titans,TEN,19,TEN,-3.5,45,43,0,19,24,-5,JAX,0,Home,24,19,5,-3.5,1
2012-12-02,2012,13,Buffalo Bills,BUF,34,Jacksonville Jaguars,JAX,18,BUF,-6,42,52,0,34,18,16,JAX,0,Away,18,34,-16,-6,0
2012-12-09,2012,14,Jacksonville Jaguars,JAX,10,New York Jets,NYJ,17,NYJ,-3,39,27,0,17,10,7,JAX,0,Home,10,17,-7,-3,0
2012-12-16,2012,15,Miami Dolphins,MIA,24,Jacksonville Jaguars,JAX,3,MIA,-7.5,38,27,0,24,3,21,JAX,0,Away,3,24,-21,-7.5,0
2012-12-23,2012,16,Jacksonville Jaguars,JAX,16,New England Patriots,NE,23,NE,-14.5,51,39,0,23,16,7,JAX,0,Home,16,23,-7,-14.5,1
2012-12-30,2012,17,Tennessee Titans,TEN,38,Jacksonville Jaguars,JAX,20,TEN,-5.5,42,58,0,38,20,18,JAX,0,Away,20,38,-18,-5.5,0
2013-09-08,2013,1,Jacksonville Jaguars,JAX,2,Kansas City Chiefs,KC,28,KC,-4.5,43,30,0,28,2,26,JAX,0,Home,2,28,-26,-4.5,0
2013-09-15,2013,2,Oakland Raiders,OAK,19,Jacksonville Jaguars,JAX,9,OAK,-5,40,28,0,19,9,10,JAX,0,Away,9,19,-10,-5,0
2013-09-22,2013,3,Seattle Seahawks,SEA,45,Jacksonville Jaguars,JAX,17,SEA,-20,39.5,62,0,45,17,28,JAX,0,Away,17,45,-28,-20,0
2013-09-29,2013,4,Jacksonville Jaguars,JAX,3,Indianapolis Colts,IND,37,IND,-9.5,42.5,40,0,37,3,34,JAX,0,Home,3,37,-34,-9.5,0
2013-10-06,2013,5,St. Louis Rams,LAR,34,Jacksonville Jaguars,JAX,20,LAR,-11,41,54,0,34,20,14,JAX,0,Away,20,34,-14,-11,0
2013-10-13,2013,6,Denver Broncos,DEN,35,Jacksonville Jaguars,JAX,19,DEN,-26.5,52,54,0,35,19,16,JAX,0,Away,19,35,-16,-26.5,1
2013-10-20,2013,7,Jacksonville Jaguars,JAX,6,San Diego Chargers,LAC,24,LAC,-7,44.5,30,0,24,6,18,JAX,0,Home,6,24,-18,-7,0
2013-11-10,2013,10,Tennessee Titans,TEN,27,Jacksonville Jaguars,JAX,29,TEN,-11.5,42,56,0,27,29,-2,JAX,0,Away,29,27,2,-11.5,1
2013-11-17,2013,11,Jacksonville Jaguars,JAX,14,Arizona Cardinals,ARI,27,ARI,-9,40.5,41,0,27,14,13,JAX,0,Home,14,27,-13,-9,0
2013-11-24,2013,12,Houston Texans,HOU,6,Jacksonville Jaguars,JAX,13,HOU,-10,43.5,19,0,6,13,-7,JAX,0,Away,13,6,7,-10,1
2013-12-01,2013,13,Cleveland Browns,CLE,28,Jacksonville Jaguars,JAX,32,CLE,-7.5,39,60,0,28,32,-4,JAX,0,Away,32,28,4,-7.5,1
2013-12-05,2013,14,Jacksonville Jaguars,JAX,27,Houston Texans,HOU,20,HOU,-3.5,43,47,0,20,27,-7,JAX,0,Home,27,20,7,-3.5,1
2013-12-15,2013,15,Jacksonville Jaguars,JAX,20,Buffalo Bills,BUF,27,BUF,-4,43.5,47,0,27,20,7,JAX,0,Home,20,27,-7,-4,0
2013-12-22,2013,16,Jacksonville Jaguars,JAX,16,Tennessee Titans,TEN,20,TEN,-4,44,36,0,20,16,4,JAX,0,Home,16,20,-4,-4,0
2013-12-29,2013,17,Indianapolis Colts,IND,30,Jacksonville Jaguars,JAX,10,IND,-11.5,45,40,0,30,10,20,JAX,0,Away,10,30,-20,-11.5,0
2014-09-07,2014,1,Philadelphia Eagles,PHI,34,Jacksonville Jaguars,JAX,17,PHI,-10,51.5,51,0,34,17,17,JAX,0,Away,17,34,-17,-10,0
2014-09-14,2014,2,Washington Redskins,WAS,41,Jacksonville Jaguars,JAX,10,WAS,-5,43,51,0,41,10,31,JAX,0,Away,10,41,-31,-5,0
2014-09-21,2014,3,Jacksonville Jaguars,JAX,17,Indianapolis Colts,IND,44,IND,-6,45,61,0,44,17,27,JAX,0,Home,17,44,-27,-6,0
2014-09-28,2014,4,San Diego Chargers,LAC,33,Jacksonville Jaguars,JAX,14,LAC,-13,44.5,47,0,33,14,19,JAX,0,Away,14,33,-19,-13,0
2014-10-05,2014,5,Jacksonville Jaguars,JAX,9,Pittsburgh Steelers,PIT,17,PIT,-6,47.5,26,0,17,9,8,JAX,0,Home,9,17,-8,-6,0
2014-10-12,2014,6,Tennessee Titans,TEN,16,Jacksonville Jaguars,JAX,14,TEN,-4,42.5,30,0,16,14,2,JAX,0,Away,14,16,-2,-4,1
2014-10-19,2014,7,Jacksonville Jaguars,JAX,24,Cleveland Browns,CLE,6,CLE,-4,45,30,0,6,24,-18,JAX,0,Home,24,6,18,-4,1
2014-10-26,2014,8,Jacksonville Jaguars,JAX,13,Miami Dolphins,MIA,27,MIA,-7,42,40,0,27,13,14,JAX,0,Home,13,27,-14,-7,0
2014-11-02,2014,9,Cincinnati Bengals,CIN,33,Jacksonville Jaguars,JAX,23,CIN,-10,43.5,56,0,33,23,10,JAX,0,Away,23,33,-10,-10,0
2014-11-23,2014,12,Indianapolis Colts,IND,23,Jacksonville Jaguars,JAX,3,IND,-13,49.5,26,0,23,3,20,JAX,0,Away,3,23,-20,-13,0
2014-11-30,2014,13,Jacksonville Jaguars,JAX,25,New York Giants,NYG,24,NYG,-3,44,49,0,24,25,-1,JAX,0,Home,25,24,1,-3,1
2014-12-07,2014,14,Jacksonville Jaguars,JAX,13,Houston Texans,HOU,27,HOU,-6.5,42,40,0,27,13,14,JAX,0,Home,13,27,-14,-6.5,0
2014-12-14,2014,15,Baltimore Ravens,BAL,20,Jacksonville Jaguars,JAX,12,BAL,-14,44.5,32,0,20,12,8,JAX,0,Away,12,20,-8,-14,1
2014-12-18,2014,16,Jacksonville Jaguars,JAX,21,Tennessee Titans,TEN,13,JAX,-4,39,34,0,21,13,8,JAX,1,Home,21,13,8,4,1
2014-12-28,2014,17,Houston Texans,HOU,23,Jacksonville Jaguars,JAX,17,HOU,-8.5,38.5,40,0,23,17,6,JAX,0,Away,17,23,-6,-8.5,1
2015-09-13,2015,1,Jacksonville Jaguars,JAX,9,Carolina Panthers,CAR,20,CAR,-3,41,29,0,20,9,11,JAX,0,Home,9,20,-11,-3,0
2015-09-20,2015,2,Jacksonville Jaguars,JAX,23,Miami Dolphins,MIA,20,MIA,-6,42,43,0,20,23,-3,JAX,0,Home,23,20,3,-6,1
2015-09-27,2015,3,New England Patriots,NE,51,Jacksonville Jaguars,JAX,17,NE,-14,49,68,0,51,17,34,JAX,0,Away,17,51,-34,-14,0
2015-10-04,2015,4,Indianapolis Colts,IND,16,Jacksonville Jaguars,JAX,13,IND,-4,43.5,29,0,16,13,3,JAX,0,Away,13,16,-3,-4,1
2015-10-11,2015,5,Tampa Bay Buccaneers,TB,38,Jacksonville Jaguars,JAX,31,TB,-1,41.5,69,0,38,31,7,JAX,0,Away,31,38,-7,-1,0
2015-10-18,2015,6,Jacksonville Jaguars,JAX,20,Houston Texans,HOU,31,JAX,-3,43,51,0,20,31,-11,JAX,1,Home,20,31,-11,3,0
2015-11-08,2015,9,New York Jets,NYJ,28,Jacksonville Jaguars,JAX,23,NYJ,-8,42.5,51,0,28,23,5,JAX,0,Away,23,28,-5,-8,1
2015-11-15,2015,10,Baltimore Ravens,BAL,20,Jacksonville Jaguars,JAX,22,BAL,-5,47,42,0,20,22,-2,JAX,0,Away,22,20,2,-5,1
2015-11-19,2015,11,Jacksonville Jaguars,JAX,19,Tennessee Titans,TEN,13,JAX,-3,41.5,32,0,19,13,6,JAX,1,Home,19,13,6,3,1
2015-11-29,2015,12,Jacksonville Jaguars,JAX,25,San Diego Chargers,LAC,31,JAX,-5,47,56,0,25,31,-6,JAX,1,Home,25,31,-6,5,0
2015-12-06,2015,13,Tennessee Titans,TEN,42,Jacksonville Jaguars,JAX,39,TEN,-3,43.5,81,0,42,39,3,JAX,0,Away,39,42,-3,-3,0
2015-12-13,2015,14,Jacksonville Jaguars,JAX,51,Indianapolis Colts,IND,16,JAX,-1,46,67,0,51,16,35,JAX,1,Home,51,16,35,1,1
2015-12-20,2015,15,Jacksonville Jaguars,JAX,17,Atlanta Falcons,ATL,23,JAX,-2,48,40,0,17,23,-6,JAX,1,Home,17,23,-6,2,0
2015-12-27,2015,16,New Orleans Saints,NO,38,Jacksonville Jaguars,JAX,27,NO,-2.5,53.5,65,0,38,27,11,JAX,0,Away,27,38,-11,-2.5,0
2016-01-03,2015,17,Houston Texans,HOU,30,Jacksonville Jaguars,JAX,6,HOU,-6,45,36,0,30,6,24,JAX,0,Away,6,30,-24,-6,0
2016-09-11,2016,1,Jacksonville Jaguars,JAX,23,Green Bay Packers,GB,27,GB,-3.5,47.5,50,0,27,23,4,JAX,0,Home,23,27,-4,-3.5,0
2016-09-18,2016,2,San Diego Chargers,LAC,38,Jacksonville Jaguars,JAX,14,LAC,-3,47.5,52,0,38,14,24,JAX,0,Away,14,38,-24,-3,0
2016-09-25,2016,3,Jacksonville Jaguars,JAX,17,Baltimore Ravens,BAL,19,BAL,-2,45,36,0,19,17,2,JAX,0,Home,17,19,-2,-2,0
2016-10-16,2016,6,Chicago Bears,CHI,16,Jacksonville Jaguars,JAX,17,CHI,-2.5,46,33,0,16,17,-1,JAX,0,Away,17,16,1,-2.5,1
2016-10-23,2016,7,Jacksonville Jaguars,JAX,16,Oakland Raiders,OAK,33,JAX,-2,47.5,49,0,16,33,-17,JAX,1,Home,16,33,-17,2,0
2016-10-27,2016,8,Tennessee Titans,TEN,36,Jacksonville Jaguars,JAX,22,TEN,-3,43.5,58,0,36,22,14,JAX,0,Away,22,36,-14,-3,0
2016-11-06,2016,9,Kansas City Chiefs,KC,19,Jacksonville Jaguars,JAX,14,KC,-7,42.5,33,0,19,14,5,JAX,0,Away,14,19,-5,-7,1
2016-11-13,2016,10,Jacksonville Jaguars,JAX,21,Houston Texans,HOU,24,JAX,-3,42,45,0,21,24,-3,JAX,1,Home,21,24,-3,3,0
2016-11-20,2016,11,Detroit Lions,DET,26,Jacksonville Jaguars,JAX,19,DET,-5.5,47,45,0,26,19,7,JAX,0,Away,19,26,-7,-5.5,0
2016-11-27,2016,12,Buffalo Bills,BUF,28,Jacksonville Jaguars,JAX,21,BUF,-8.5,44,49,0,28,21,7,JAX,0,Away,21,28,-7,-8.5,1
2016-12-04,2016,13,Jacksonville Jaguars,JAX,10,Denver Broncos,DEN,20,DEN,-3.5,38.5,30,0,20,10,10,JAX,0,Home,10,20,-10,-3.5,0
2016-12-11,2016,14,Jacksonville Jaguars,JAX,16,Minnesota Vikings,MIN,25,MIN,-3.5,38,41,0,25,16,9,JAX,0,Home,16,25,-9,-3.5,0
2016-12-18,2016,15,Houston Texans,HOU,21,Jacksonville Jaguars,JAX,20,HOU,-3.5,39.5,41,0,21,20,1,JAX,0,Away,20,21,-1,-3.5,1
2016-12-24,2016,16,Jacksonville Jaguars,JAX,38,Tennessee Titans,TEN,17,TEN,-4,44,55,0,17,38,-21,JAX,0,Home,38,17,21,-4,1
2017-01-01,2016,17,Indianapolis Colts,IND,24,Jacksonville Jaguars,JAX,20,IND,-5.5,48.5,44,0,24,20,4,JAX,0,Away,20,24,-4,-5.5,1
2017-09-10,2017,1,Houston Texans,HOU,7,Jacksonville Jaguars,JAX,29,HOU,-5.5,39.5,36,0,7,29,-22,JAX,0,Away,29,7,22,-5.5,1
2017-09-17,2017,2,Jacksonville Jaguars,JAX,16,Tennessee Titans,TEN,37,TEN,-1.5,43.5,53,0,37,16,21,JAX,0,Home,16,37,-21,-1.5,0
2017-10-01,2017,4,New York Jets,NYJ,23,Jacksonville Jaguars,JAX,20,JAX,-3,38,43,0,20,23,-3,JAX,1,Away,20,23,-3,3,0
2017-10-08,2017,5,Pittsburgh Steelers,PIT,9,Jacksonville Jaguars,JAX,30,PIT,-8.5,43.5,39,0,9,30,-21,JAX,0,Away,30,9,21,-8.5,1
2017-10-15,2017,6,Jacksonville Jaguars,JAX,17,Los Angeles Rams,LAR,27,JAX,-2.5,42.5,44,0,17,27,-10,JAX,1,Home,17,27,-10,2.5,0
2017-10-22,2017,7,Indianapolis Colts,IND,0,Jacksonville Jaguars,JAX,27,JAX,-3,41.5,27,0,27,0,27,JAX,1,Away,27,0,27,3,1
2017-11-05,2017,9,Jacksonville Jaguars,JAX,23,Cincinnati Bengals,CIN,7,JAX,-6,38,30,0,23,7,16,JAX,1,Home,23,7,16,6,1
2017-11-12,2017,10,Jacksonville Jaguars,JAX,20,Los Angeles Chargers,LAC,17,JAX,-5,40.5,37,0,20,17,3,JAX,1,Home,20,17,3,5,0
2017-11-19,2017,11,Cleveland Browns,CLE,7,Jacksonville Jaguars,JAX,19,JAX,-7.5,37.5,26,0,19,7,12,JAX,1,Away,19,7,12,7.5,1
2017-11-26,2017,12,Arizona Cardinals,ARI,27,Jacksonville Jaguars,JAX,24,JAX,-5,38,51,0,24,27,-3,JAX,1,Away,24,27,-3,5,0
2017-12-03,2017,13,Jacksonville Jaguars,JAX,30,Indianapolis Colts,IND,10,JAX,-9.5,41,40,0,30,10,20,JAX,1,Home,30,10,20,9.5,1
2017-12-10,2017,14,Jacksonville Jaguars,JAX,30,Seattle Seahawks,SEA,24,JAX,-3,40,54,0,30,24,6,JAX,1,Home,30,24,6,3,1
2017-12-17,2017,15,Jacksonville Jaguars,JAX,45,Houston Texans,HOU,7,JAX,-10.5,39,52,0,45,7,38,JAX,1,Home,45,7,38,10.5,1
2017-12-24,2017,16,San Francisco 49ers,SF,44,Jacksonville Jaguars,JAX,33,JAX,-4,43,77,0,33,44,-11,JAX,1,Away,33,44,-11,4,0
2017-12-31,2017,17,Tennessee Titans,TEN,15,Jacksonville Jaguars,JAX,10,TEN,-2.5,40,25,0,15,10,5,JAX,0,Away,10,15,-5,-2.5,0
2018-09-09,2018,1,New York Giants,NYG,15,Jacksonville Jaguars,JAX,20,JAX,-2.5,43,35,0,20,15,5,JAX,1,Away,20,15,5,2.5,1
2018-09-16,2018,2,Jacksonville Jaguars,JAX,31,New England Patriots,NE,20,NE,-2,44.5,51,0,20,31,-11,JAX,0,Home,31,20,11,-2,1
2018-09-23,2018,3,Jacksonville Jaguars,JAX,6,Tennessee Titans,TEN,9,JAX,-10,39,15,0,6,9,-3,JAX,1,Home,6,9,-3,10,0
2018-09-30,2018,4,Jacksonville Jaguars,JAX,31,New York Jets,NYJ,12,JAX,-7.5,40.5,43,0,31,12,19,JAX,1,Home,31,12,19,7.5,1
2018-10-07,2018,5,Kansas City Chiefs,KC,30,Jacksonville Jaguars,JAX,14,KC,-3,48,44,0,30,14,16,JAX,0,Away,14,30,-16,-3,0
2018-10-14,2018,6,Dallas Cowboys,DAL,40,Jacksonville Jaguars,JAX,7,JAX,-3,39,47,0,7,40,-33,JAX,1,Away,7,40,-33,3,0
2018-10-21,2018,7,Jacksonville Jaguars,JAX,7,Houston Texans,HOU,20,JAX,-3.5,42.5,27,0,7,20,-13,JAX,1,Home,7,20,-13,3.5,0
2018-11-11,2018,10,Indianapolis Colts,IND,29,Jacksonville Jaguars,JAX,26,IND,-3,48,55,0,29,26,3,JAX,0,Away,26,29,-3,-3,0
2018-11-18,2018,11,Jacksonville Jaguars,JAX,16,Pittsburgh Steelers,PIT,20,PIT,-4,47,36,0,20,16,4,JAX,0,Home,16,20,-4,-4,0
2018-11-25,2018,12,Buffalo Bills,BUF,24,Jacksonville Jaguars,JAX,21,JAX,-3,36.5,45,0,21,24,-3,JAX,1,Away,21,24,-3,3,0
2018-12-02,2018,13,Jacksonville Jaguars,JAX,6,Indianapolis Colts,IND,0,IND,-4,45.5,6,0,0,6,-6,JAX,0,Home,6,0,6,-4,1
2018-12-06,2018,14,Tennessee Titans,TEN,30,Jacksonville Jaguars,JAX,9,TEN,-5.5,37.5,39,0,30,9,21,JAX,0,Away,9,30,-21,-5.5,0
2018-12-16,2018,15,Jacksonville Jaguars,JAX,13,Washington Redskins,WAS,16,JAX,-7.5,36.5,29,0,13,16,-3,JAX,1,Home,13,16,-3,7.5,0
2018-12-23,2018,16,Miami Dolphins,MIA,7,Jacksonville Jaguars,JAX,17,MIA,-3,39.5,24,0,7,17,-10,JAX,0,Away,17,7,10,-3,1
2018-12-30,2018,17,Houston Texans,HOU,20,Jacksonville Jaguars,JAX,3,HOU,-7,39.5,23,0,20,3,17,JAX,0,Away,3,20,-17,-7,0
2019-09-08,2019,1,Jacksonville Jaguars,JAX,26,Kansas City Chiefs,KC,40,KC,-3.5,49,66,0,40,26,14,JAX,0,Home,26,40,-14,-3.5,0
2019-09-15,2019,2,Houston Texans,HOU,13,Jacksonville Jaguars,JAX,12,HOU,-7,43,25,0,13,12,1,JAX,0,Away,12,13,-1,-7,1
2019-09-19,2019,3,Jacksonville Jaguars,JAX,20,Tennessee Titans,TEN,7,TEN,-2,38,27,0,7,20,-13,JAX,0,Home,20,7,13,-2,1
2019-09-29,2019,4,Denver Broncos,DEN,24,Jacksonville Jaguars,JAX,26,DEN,-2.5,37.5,50,0,24,26,-2,JAX,0,Away,26,24,2,-2.5,1
2019-10-06,2019,5,Carolina Panthers,CAR,34,Jacksonville Jaguars,JAX,27,CAR,-3,40.5,61,0,34,27,7,JAX,0,Away,27,34,-7,-3,0
2019-10-13,2019,6,Jacksonville Jaguars,JAX,6,New Orleans Saints,NO,13,JAX,-2.5,42.5,19,0,6,13,-7,JAX,1,Home,6,13,-7,2.5,0
2019-10-20,2019,7,Cincinnati Bengals,CIN,17,Jacksonville Jaguars,JAX,27,JAX,-4,44,44,0,27,17,10,JAX,1,Away,27,17,10,4,1
2019-10-27,2019,8,Jacksonville Jaguars,JAX,29,New York Jets,NYJ,15,JAX,-6.5,40,44,0,29,15,14,JAX,1,Home,29,15,14,6.5,1
2019-11-17,2019,11,Indianapolis Colts,IND,33,Jacksonville Jaguars,JAX,13,IND,-2.5,41.5,46,0,33,13,20,JAX,0,Away,13,33,-20,-2.5,0
2019-11-24,2019,12,Tennessee Titans,TEN,42,Jacksonville Jaguars,JAX,20,TEN,-4,42.5,62,0,42,20,22,JAX,0,Away,20,42,-22,-4,0
2019-12-01,2019,13,Jacksonville Jaguars,JAX,11,Tampa Bay Buccaneers,TB,28,TB,-3,46.5,39,0,28,11,17,JAX,0,Home,11,28,-17,-3,0
2019-12-08,2019,14,Jacksonville Jaguars,JAX,10,Los Angeles Chargers,LAC,45,LAC,-3,42,55,0,45,10,35,JAX,0,Home,10,45,-35,-3,0
2019-12-15,2019,15,Oakland Raiders,OAK,16,Jacksonville Jaguars,JAX,20,OAK,-6.5,46,36,0,16,20,-4,JAX,0,Away,20,16,4,-6.5,1
2019-12-22,2019,16,Atlanta Falcons,ATL,24,Jacksonville Jaguars,JAX,12,ATL,-7,48,36,0,24,12,12,JAX,0,Away,12,24,-12,-7,0
2019-12-29,2019,17,Jacksonville Jaguars,JAX,38,Indianapolis Colts,IND,20,IND,-5.5,41.5,58,0,20,38,-18,JAX,0,Home,38,20,18,-5.5,1
2002-09-08,2002,1,Houston Texans,HOU,19,Dallas Cowboys,DAL,10,DAL,-8.5,33.5,29,0,10,19,-9,HOU,0,Home,19,10,9,-8.5,1
2002-09-15,2002,2,San Diego Chargers,LAC,24,Houston Texans,HOU,3,LAC,-13.5,34,27,0,24,3,21,HOU,0,Away,3,24,-21,-13.5,0
2002-09-22,2002,3,Houston Texans,HOU,3,Indianapolis Colts,IND,23,IND,-10.5,38,26,0,23,3,20,HOU,0,Home,3,23,-20,-10.5,0
2002-09-29,2002,4,Philadelphia Eagles,PHI,35,Houston Texans,HOU,17,PHI,-19,36,52,0,35,17,18,HOU,0,Away,17,35,-18,-19,1
2002-10-13,2002,6,Houston Texans,HOU,24,Buffalo Bills,BUF,31,BUF,-7,44,55,0,31,24,7,HOU,0,Home,24,31,-7,-7,0
2002-10-20,2002,7,Cleveland Browns,CLE,34,Houston Texans,HOU,17,CLE,-8.5,36.5,51,0,34,17,17,HOU,0,Away,17,34,-17,-8.5,0
2002-10-27,2002,8,Jacksonville Jaguars,JAX,19,Houston Texans,HOU,21,JAX,-11,38,40,0,19,21,-2,HOU,0,Away,21,19,2,-11,1
2002-11-03,2002,9,Houston Texans,HOU,3,Cincinnati Bengals,CIN,38,HOU,-2.5,36.5,41,0,3,38,-35,HOU,1,Home,3,38,-35,2.5,0
2002-11-10,2002,10,Tennessee Titans,TEN,17,Houston Texans,HOU,10,TEN,-9,39.5,27,0,17,10,7,HOU,0,Away,10,17,-7,-9,1
2002-11-17,2002,11,Houston Texans,HOU,21,Jacksonville Jaguars,JAX,24,JAX,-6.5,36.5,45,0,24,21,3,HOU,0,Home,21,24,-3,-6.5,1
2002-11-24,2002,12,Houston Texans,HOU,16,New York Giants,NYG,14,NYG,-5.5,34,30,0,14,16,-2,HOU,0,Home,16,14,2,-5.5,1
2002-12-01,2002,13,Indianapolis Colts,IND,19,Houston Texans,HOU,3,IND,-11.5,39.5,22,0,19,3,16,HOU,0,Away,3,19,-16,-11.5,0
2002-12-08,2002,14,Pittsburgh Steelers,PIT,6,Houston Texans,HOU,24,PIT,-14,37.5,30,0,6,24,-18,HOU,0,Away,24,6,18,-14,1
2002-12-15,2002,15,Houston Texans,HOU,19,Baltimore Ravens,BAL,23,BAL,-3,35,42,0,23,19,4,HOU,0,Home,19,23,-4,-3,0
2002-12-22,2002,16,Washington Redskins,WAS,26,Houston Texans,HOU,10,WAS,-6.5,36.5,36,0,26,10,16,HOU,0,Away,10,26,-16,-6.5,0
2002-12-29,2002,17,Houston Texans,HOU,3,Tennessee Titans,TEN,13,TEN,-9.5,35.5,16,0,13,3,10,HOU,0,Home,3,13,-10,-9.5,0
2003-09-07,2003,1,Miami Dolphins,MIA,20,Houston Texans,HOU,21,MIA,-14,34.5,41,0,20,21,-1,HOU,0,Away,21,20,1,-14,1
2003-09-14,2003,2,New Orleans Saints,NO,31,Houston Texans,HOU,10,NO,-8,40.5,41,0,31,10,21,HOU,0,Away,10,31,-21,-8,0
2003-09-21,2003,3,Houston Texans,HOU,14,Kansas City Chiefs,KC,42,KC,-7.5,44,56,0,42,14,28,HOU,0,Home,14,42,-28,-7.5,0
2003-09-28,2003,4,Houston Texans,HOU,24,Jacksonville Jaguars,JAX,20,JAX,-2.5,37.5,44,0,20,24,-4,HOU,0,Home,24,20,4,-2.5,1
2003-10-12,2003,6,Tennessee Titans,TEN,38,Houston Texans,HOU,17,TEN,-8.5,39.5,55,0,38,17,21,HOU,0,Away,17,38,-21,-8.5,0
2003-10-19,2003,7,Houston Texans,HOU,14,New York Jets,NYJ,19,NYJ,-3.5,38,33,0,19,14,5,HOU,0,Home,14,19,-5,-3.5,0
2003-10-26,2003,8,Indianapolis Colts,IND,30,Houston Texans,HOU,21,IND,-13,44,51,0,30,21,9,HOU,0,Away,21,30,-9,-13,1
2003-11-02,2003,9,Houston Texans,HOU,14,Carolina Panthers,CAR,10,CAR,-6,37,24,0,10,14,-4,HOU,0,Home,14,10,4,-6,1
2003-11-09,2003,10,Cincinnati Bengals,CIN,34,Houston Texans,HOU,27,CIN,-4,40,61,0,34,27,7,HOU,0,Away,27,34,-7,-4,0
2003-11-16,2003,11,Buffalo Bills,BUF,10,Houston Texans,HOU,12,BUF,-7,37.5,22,0,10,12,-2,HOU,0,Away,12,10,2,-7,1
2003-11-23,2003,12,Houston Texans,HOU,20,New England Patriots,NE,23,NE,-5,37,43,0,23,20,3,HOU,0,Home,20,23,-3,-5,1
2003-11-30,2003,13,Houston Texans,HOU,17,Atlanta Falcons,ATL,13,HOU,-3,42.5,30,0,17,13,4,HOU,1,Home,17,13,4,3,1
2003-12-07,2003,14,Jacksonville Jaguars,JAX,27,Houston Texans,HOU,0,JAX,-9.5,37.5,27,0,27,0,27,HOU,0,Away,0,27,-27,-9.5,0
2003-12-14,2003,15,Tampa Bay Buccaneers,TB,16,Houston Texans,HOU,3,TB,-11.5,36,19,0,16,3,13,HOU,0,Away,3,16,-13,-11.5,0
2003-12-21,2003,16,Houston Texans,HOU,24,Tennessee Titans,TEN,27,TEN,-5.5,39,51,0,27,24,3,HOU,0,Home,24,27,-3,-5.5,1
2003-12-28,2003,17,Houston Texans,HOU,17,Indianapolis Colts,IND,20,IND,-9,46.5,37,0,20,17,3,HOU,0,Home,17,20,-3,-9,1
2004-09-12,2004,1,Houston Texans,HOU,20,San Diego Chargers,LAC,27,HOU,-4.5,44,47,0,20,27,-7,HOU,1,Home,20,27,-7,4.5,0
2004-09-19,2004,2,Detroit Lions,DET,28,Houston Texans,HOU,16,DET,-3,43.5,44,0,28,16,12,HOU,0,Away,16,28,-12,-3,0
2004-09-26,2004,3,Kansas City Chiefs,KC,21,Houston Texans,HOU,24,KC,-7.5,48,45,0,21,24,-3,HOU,0,Away,24,21,3,-7.5,1
2004-10-03,2004,4,Houston Texans,HOU,30,Oakland Raiders,OAK,17,OAK,-2,42,47,0,17,30,-13,HOU,0,Home,30,17,13,-2,1
2004-10-10,2004,5,Houston Texans,HOU,28,Minnesota Vikings,MIN,34,MIN,-3.5,50,62,0,34,28,6,HOU,0,Home,28,34,-6,-3.5,0
2004-10-17,2004,6,Tennessee Titans,TEN,10,Houston Texans,HOU,20,TEN,-5.5,46,30,0,10,20,-10,HOU,0,Away,20,10,10,-5.5,1
2004-10-31,2004,8,Houston Texans,HOU,20,Jacksonville Jaguars,JAX,6,HOU,-2,42,26,0,20,6,14,HOU,1,Home,20,6,14,2,1
2004-11-07,2004,9,Denver Broncos,DEN,31,Houston Texans,HOU,13,DEN,-7,44,44,0,31,13,18,HOU,0,Away,13,31,-18,-7,0
2004-11-14,2004,10,Indianapolis Colts,IND,49,Houston Texans,HOU,14,IND,-8.5,54.5,63,0,49,14,35,HOU,0,Away,14,49,-35,-8.5,0
2004-11-21,2004,11,Houston Texans,HOU,13,Green Bay Packers,GB,16,GB,-3,51,29,0,16,13,3,HOU,0,Home,13,16,-3,-3,0
2004-11-28,2004,12,Houston Texans,HOU,31,Tennessee Titans,TEN,21,HOU,-2,43,52,0,31,21,10,HOU,1,Home,31,21,10,2,1
2004-12-05,2004,13,New York Jets,NYJ,29,Houston Texans,HOU,7,NYJ,-7,42,36,0,29,7,22,HOU,0,Away,7,29,-22,-7,0
2004-12-12,2004,14,Houston Texans,HOU,14,Indianapolis Colts,IND,23,IND,-10,57,37,0,23,14,9,HOU,0,Home,14,23,-9,-10,1
2004-12-19,2004,15,Chicago Bears,CHI,5,Houston Texans,HOU,24,CHI,-1,34,29,0,5,24,-19,HOU,0,Away,24,5,19,-1,1
2004-12-26,2004,16,Jacksonville Jaguars,JAX,0,Houston Texans,HOU,21,JAX,-6.5,36.5,21,0,0,21,-21,HOU,0,Away,21,0,21,-6.5,1
2005-01-02,2004,17,Houston Texans,HOU,14,Cleveland Browns,CLE,22,HOU,-10,41,36,0,14,22,-8,HOU,1,Home,14,22,-8,10,0
2005-09-11,2005,1,Buffalo Bills,BUF,22,Houston Texans,HOU,7,BUF,-4.5,39,29,0,22,7,15,HOU,0,Away,7,22,-15,-4.5,0
2005-09-18,2005,2,Houston Texans,HOU,7,Pittsburgh Steelers,PIT,27,PIT,-4.5,39.5,34,0,27,7,20,HOU,0,Home,7,27,-20,-4.5,0
2005-10-02,2005,4,Cincinnati Bengals,CIN,16,Houston Texans,HOU,10,CIN,-9.5,41.5,26,0,16,10,6,HOU,0,Away,10,16,-6,-9.5,1
2005-10-09,2005,5,Houston Texans,HOU,20,Tennessee Titans,TEN,34,HOU,-1.5,40.5,54,0,20,34,-14,HOU,1,Home,20,34,-14,1.5,0
2005-10-16,2005,6,Seattle Seahawks,SEA,42,Houston Texans,HOU,10,SEA,-8.5,45.5,52,0,42,10,32,HOU,0,Away,10,42,-32,-8.5,0
2005-10-23,2005,7,Houston Texans,HOU,20,Indianapolis Colts,IND,38,IND,-14.5,44.5,58,0,38,20,18,HOU,0,Home,20,38,-18,-14.5,0
2005-10-30,2005,8,Houston Texans,HOU,19,Cleveland Browns,CLE,16,HOU,-2,37.5,35,0,19,16,3,HOU,1,Home,19,16,3,2,1
2005-11-06,2005,9,Jacksonville Jaguars,JAX,21,Houston Texans,HOU,14,JAX,-11,37.5,35,0,21,14,7,HOU,0,Away,14,21,-7,-11,1
2005-11-13,2005,10,Indianapolis Colts,IND,31,Houston Texans,HOU,17,IND,-17,45,48,0,31,17,14,HOU,0,Away,17,31,-14,-17,1
2005-11-20,2005,11,Houston Texans,HOU,17,Kansas City Chiefs,KC,45,KC,-6.5,44.5,62,0,45,17,28,HOU,0,Home,17,45,-28,-6.5,0
2005-11-27,2005,12,Houston Texans,HOU,27,St. Louis Rams,LAR,33,LAR,-3.5,44.5,60,0,33,27,6,HOU,0,Home,27,33,-6,-3.5,0
2005-12-04,2005,13,Baltimore Ravens,BAL,16,Houston Texans,HOU,15,BAL,-7,37,31,0,16,15,1,HOU,0,Away,15,16,-1,-7,1
2005-12-11,2005,14,Tennessee Titans,TEN,13,Houston Texans,HOU,10,TEN,-6.5,44,23,0,13,10,3,HOU,0,Away,10,13,-3,-6.5,1
2005-12-18,2005,15,Houston Texans,HOU,30,Arizona Cardinals,ARI,19,ARI,-1,43.5,49,0,19,30,-11,HOU,0,Home,30,19,11,-1,1
2005-12-24,2005,16,Houston Texans,HOU,20,Jacksonville Jaguars,JAX,38,JAX,-6,38,58,0,38,20,18,HOU,0,Home,20,38,-18,-6,0
2006-01-01,2005,17,San Francisco 49ers,SF,20,Houston Texans,HOU,17,HOU,-1,37.5,37,0,17,20,-3,HOU,1,Away,17,20,-3,1,0
2006-09-10,2006,1,Houston Texans,HOU,10,Philadelphia Eagles,PHI,24,PHI,-6,37,34,0,24,10,14,HOU,0,Home,10,24,-14,-6,0
2006-09-17,2006,2,Indianapolis Colts,IND,43,Houston Texans,HOU,24,IND,-12.5,47,67,0,43,24,19,HOU,0,Away,24,43,-19,-12.5,0
2006-09-24,2006,3,Houston Texans,HOU,15,Washington Redskins,WAS,31,WAS,-3.5,37.5,46,0,31,15,16,HOU,0,Home,15,31,-16,-3.5,0
2006-10-01,2006,4,Houston Texans,HOU,17,Miami Dolphins,MIA,15,MIA,-4,40,32,0,15,17,-2,HOU,0,Home,17,15,2,-4,1
2006-10-15,2006,6,Dallas Cowboys,DAL,34,Houston Texans,HOU,6,DAL,-13,44,40,0,34,6,28,HOU,0,Away,6,34,-28,-13,0
2006-10-22,2006,7,Houston Texans,HOU,27,Jacksonville Jaguars,JAX,7,JAX,-8,39.5,34,0,7,27,-20,HOU,0,Home,27,7,20,-8,1
2006-10-29,2006,8,Tennessee Titans,TEN,28,Houston Texans,HOU,22,TEN,-3,42,50,0,28,22,6,HOU,0,Away,22,28,-6,-3,0
2006-11-05,2006,9,New York Giants,NYG,14,Houston Texans,HOU,10,NYG,-13,43.5,24,0,14,10,4,HOU,0,Away,10,14,-4,-13,1
2006-11-12,2006,10,Jacksonville Jaguars,JAX,10,Houston Texans,HOU,13,JAX,-10.5,37.5,23,0,10,13,-3,HOU,0,Away,13,10,3,-10.5,1
2006-11-19,2006,11,Houston Texans,HOU,21,Buffalo Bills,BUF,24,HOU,-2.5,36.5,45,0,21,24,-3,HOU,1,Home,21,24,-3,2.5,0
2006-11-26,2006,12,New York Jets,NYJ,26,Houston Texans,HOU,11,NYJ,-5.5,40,37,0,26,11,15,HOU,0,Away,11,26,-15,-5.5,0
2006-12-03,2006,13,Oakland Raiders,OAK,14,Houston Texans,HOU,23,OAK,-3.5,35.5,37,0,14,23,-9,HOU,0,Away,23,14,9,-3.5,1
2006-12-10,2006,14,Houston Texans,HOU,20,Tennessee Titans,TEN,26,HOU,-1.5,42,46,0,20,26,-6,HOU,1,Home,20,26,-6,1.5,0
2006-12-17,2006,15,New England Patriots,NE,40,Houston Texans,HOU,7,NE,-12.5,37.5,47,0,40,7,33,HOU,0,Away,7,40,-33,-12.5,0
2006-12-24,2006,16,Houston Texans,HOU,27,Indianapolis Colts,IND,24,IND,-9.5,47,51,0,24,27,-3,HOU,0,Home,27,24,3,-9.5,1
2006-12-31,2006,17,Houston Texans,HOU,14,Cleveland Browns,CLE,6,HOU,-6,37.5,20,0,14,6,8,HOU,1,Home,14,6,8,6,1
2007-09-09,2007,1,Houston Texans,HOU,20,Kansas City Chiefs,KC,3,HOU,-3,38,23,0,20,3,17,HOU,1,Home,20,3,17,3,1
2007-09-16,2007,2,Carolina Panthers,CAR,21,Houston Texans,HOU,34,CAR,-6.5,38.5,55,0,21,34,-13,HOU,0,Away,34,21,13,-6.5,1
2007-09-23,2007,3,Houston Texans,HOU,24,Indianapolis Colts,IND,30,IND,-6.5,46.5,54,0,30,24,6,HOU,0,Home,24,30,-6,-6.5,1
2007-09-30,2007,4,Atlanta Falcons,ATL,26,Houston Texans,HOU,16,HOU,-2.5,39.5,42,0,16,26,-10,HOU,1,Away,16,26,-10,2.5,0
2007-10-07,2007,5,Houston Texans,HOU,22,Miami Dolphins,MIA,19,HOU,-5.5,43.5,41,0,22,19,3,HOU,1,Home,22,19,3,5.5,0
2007-10-14,2007,6,Jacksonville Jaguars,JAX,37,Houston Texans,HOU,17,JAX,-7,37.5,54,0,37,17,20,HOU,0,Away,17,37,-20,-7,0
2007-10-21,2007,7,Houston Texans,HOU,36,Tennessee Titans,TEN,38,HOU,-2,38,74,0,36,38,-2,HOU,1,Home,36,38,-2,2,0
2007-10-28,2007,8,San Diego Chargers,LAC,35,Houston Texans,HOU,10,LAC,-10,45.5,45,0,35,10,25,HOU,0,Away,10,35,-25,-10,0
2007-11-04,2007,9,Oakland Raiders,OAK,17,Houston Texans,HOU,24,OAK,-3,41,41,0,17,24,-7,HOU,0,Away,24,17,7,-3,1
2007-11-18,2007,11,Houston Texans,HOU,23,New Orleans Saints,NO,10,HOU,-1,50.5,33,0,23,10,13,HOU,1,Home,23,10,13,1,1
2007-11-25,2007,12,Cleveland Browns,CLE,27,Houston Texans,HOU,17,CLE,-3,52,44,0,27,17,10,HOU,0,Away,17,27,-10,-3,0
2007-12-02,2007,13,Tennessee Titans,TEN,28,Houston Texans,HOU,20,TEN,-3.5,40,48,0,28,20,8,HOU,0,Away,20,28,-8,-3.5,0
2007-12-09,2007,14,Houston Texans,HOU,28,Tampa Bay Buccaneers,TB,14,TB,-2.5,40,42,0,14,28,-14,HOU,0,Home,28,14,14,-2.5,1
2007-12-13,2007,15,Houston Texans,HOU,31,Denver Broncos,DEN,13,DEN,-2.5,47.5,44,0,13,31,-18,HOU,0,Home,31,13,18,-2.5,1
2007-12-23,2007,16,Indianapolis Colts,IND,38,Houston Texans,HOU,15,IND,-6.5,45,53,0,38,15,23,HOU,0,Away,15,38,-23,-6.5,0
2007-12-30,2007,17,Houston Texans,HOU,42,Jacksonville Jaguars,JAX,28,HOU,-7,42,70,0,42,28,14,HOU,1,Home,42,28,14,7,1
2008-09-07,2008,1,Pittsburgh Steelers,PIT,38,Houston Texans,HOU,17,PIT,-6.5,43,55,0,38,17,21,HOU,0,Away,17,38,-21,-6.5,0
2008-09-21,2008,3,Tennessee Titans,TEN,31,Houston Texans,HOU,12,TEN,-5,40,43,0,31,12,19,HOU,0,Away,12,31,-19,-5,0
2008-09-28,2008,4,Jacksonville Jaguars,JAX,30,Houston Texans,HOU,27,JAX,-6.5,43,57,0,30,27,3,HOU,0,Away,27,30,-3,-6.5,1
2008-10-05,2008,5,Houston Texans,HOU,27,Indianapolis Colts,IND,31,IND,-4.5,48.5,58,0,31,27,4,HOU,0,Home,27,31,-4,-4.5,1
2008-10-12,2008,6,Houston Texans,HOU,29,Miami Dolphins,MIA,28,HOU,-3,44.5,57,0,29,28,1,HOU,1,Home,29,28,1,3,0
2008-10-19,2008,7,Houston Texans,HOU,28,Detroit Lions,DET,21,HOU,-11.5,47.5,49,0,28,21,7,HOU,1,Home,28,21,7,11.5,0
2008-10-26,2008,8,Houston Texans,HOU,35,Cincinnati Bengals,CIN,6,HOU,-9,45.5,41,0,35,6,29,HOU,1,Home,35,6,29,9,1
2008-11-02,2008,9,Minnesota Vikings,MIN,28,Houston Texans,HOU,21,MIN,-5.5,47,49,0,28,21,7,HOU,0,Away,21,28,-7,-5.5,0
2008-11-09,2008,10,Houston Texans,HOU,13,Baltimore Ravens,BAL,41,HOU,-2.5,44,54,0,13,41,-28,HOU,1,Home,13,41,-28,2.5,0
2008-11-16,2008,11,Indianapolis Colts,IND,33,Houston Texans,HOU,27,IND,-8,50.5,60,0,33,27,6,HOU,0,Away,27,33,-6,-8,1
2008-11-23,2008,12,Cleveland Browns,CLE,6,Houston Texans,HOU,16,CLE,-3,49.5,22,0,6,16,-10,HOU,0,Away,16,6,10,-3,1
2008-12-01,2008,13,Houston Texans,HOU,30,Jacksonville Jaguars,JAX,17,HOU,-3,48.5,47,0,30,17,13,HOU,1,Home,30,17,13,3,1
2008-12-07,2008,14,Green Bay Packers,GB,21,Houston Texans,HOU,24,GB,-7,47.5,45,0,21,24,-3,HOU,0,Away,24,21,3,-7,1
2008-12-14,2008,15,Houston Texans,HOU,13,Tennessee Titans,TEN,12,TEN,-3,45,25,0,12,13,-1,HOU,0,Home,13,12,1,-3,1
2008-12-21,2008,16,Oakland Raiders,OAK,27,Houston Texans,HOU,16,HOU,-7,43,43,0,16,27,-11,HOU,1,Away,16,27,-11,7,0
2008-12-28,2008,17,Houston Texans,HOU,31,Chicago Bears,CHI,24,HOU,-3,46,55,0,31,24,7,HOU,1,Home,31,24,7,3,1
2009-09-13,2009,1,Houston Texans,HOU,7,New York Jets,NYJ,24,HOU,-4.5,45,31,0,7,24,-17,HOU,1,Home,7,24,-17,4.5,0
2009-09-20,2009,2,Tennessee Titans,TEN,31,Houston Texans,HOU,34,TEN,-7,40.5,65,0,31,34,-3,HOU,0,Away,34,31,3,-7,1
2009-09-27,2009,3,Houston Texans,HOU,24,Jacksonville Jaguars,JAX,31,HOU,-4.5,47.5,55,0,24,31,-7,HOU,1,Home,24,31,-7,4.5,0
2009-10-04,2009,4,Houston Texans,HOU,29,Oakland Raiders,OAK,6,HOU,-8,43,35,0,29,6,23,HOU,1,Home,29,6,23,8,1
2009-10-11,2009,5,Arizona Cardinals,ARI,28,Houston Texans,HOU,21,ARI,-6,51,49,0,28,21,7,HOU,0,Away,21,28,-7,-6,0
2009-10-18,2009,6,Cincinnati Bengals,CIN,17,Houston Texans,HOU,28,CIN,-3.5,46.5,45,0,17,28,-11,HOU,0,Away,28,17,11,-3.5,1
2009-10-25,2009,7,Houston Texans,HOU,24,San Francisco 49ers,SF,21,HOU,-3,44.5,45,0,24,21,3,HOU,1,Home,24,21,3,3,0
2009-11-01,2009,8,Buffalo Bills,BUF,10,Houston Texans,HOU,31,HOU,-3.5,41.5,41,0,31,10,21,HOU,1,Away,31,10,21,3.5,1
2009-11-08,2009,9,Indianapolis Colts,IND,20,Houston Texans,HOU,17,IND,-8.5,49.5,37,0,20,17,3,HOU,0,Away,17,20,-3,-8.5,1
2009-11-23,2009,11,Houston Texans,HOU,17,Tennessee Titans,TEN,20,HOU,-3.5,48,37,0,17,20,-3,HOU,1,Home,17,20,-3,3.5,0
2009-11-29,2009,12,Houston Texans,HOU,27,Indianapolis Colts,IND,35,IND,-3,48,62,0,35,27,8,HOU,0,Home,27,35,-8,-3,0
2009-12-06,2009,13,Jacksonville Jaguars,JAX,23,Houston Texans,HOU,18,HOU,-1.5,47.5,41,0,18,23,-5,HOU,1,Away,18,23,-5,1.5,0
2009-12-13,2009,14,Houston Texans,HOU,34,Seattle Seahawks,SEA,7,HOU,-7,45,41,0,34,7,27,HOU,1,Home,34,7,27,7,1
2009-12-20,2009,15,St. Louis Rams,LAR,13,Houston Texans,HOU,16,HOU,-14,43.5,29,0,16,13,3,HOU,1,Away,16,13,3,14,0
2009-12-27,2009,16,Miami Dolphins,MIA,20,Houston Texans,HOU,27,MIA,-2,47,47,0,20,27,-7,HOU,0,Away,27,20,7,-2,1
2010-01-03,2009,17,Houston Texans,HOU,34,New England Patriots,NE,27,HOU,-7.5,47,61,0,34,27,7,HOU,1,Home,34,27,7,7.5,0
2010-09-12,2010,1,Houston Texans,HOU,34,Indianapolis Colts,IND,24,IND,-1,48,58,0,24,34,-10,HOU,0,Home,34,24,10,-1,1
2010-09-19,2010,2,Washington Redskins,WAS,27,Houston Texans,HOU,30,HOU,-3,42.5,57,0,30,27,3,HOU,1,Away,30,27,3,3,0
2010-09-26,2010,3,Houston Texans,HOU,13,Dallas Cowboys,DAL,27,HOU,-2.5,47.5,40,0,13,27,-14,HOU,1,Home,13,27,-14,2.5,0
2010-10-03,2010,4,Oakland Raiders,OAK,24,Houston Texans,HOU,31,HOU,-3.5,44,55,0,31,24,7,HOU,1,Away,31,24,7,3.5,1
2010-10-10,2010,5,Houston Texans,HOU,10,New York Giants,NYG,34,HOU,-3,48.5,44,0,10,34,-24,HOU,1,Home,10,34,-24,3,0
2010-10-17,2010,6,Houston Texans,HOU,35,Kansas City Chiefs,KC,31,HOU,-4.5,46,66,0,35,31,4,HOU,1,Home,35,31,4,4.5,0
2010-11-01,2010,8,Indianapolis Colts,IND,30,Houston Texans,HOU,17,IND,-5.5,51,47,0,30,17,13,HOU,0,Away,17,30,-13,-5.5,0
2010-11-07,2010,9,Houston Texans,HOU,23,San Diego Chargers,LAC,29,LAC,-3,49.5,52,0,29,23,6,HOU,0,Home,23,29,-6,-3,0
2010-11-14,2010,10,Jacksonville Jaguars,JAX,31,Houston Texans,HOU,24,PICK,0,48.5,55,0,24,31,-7,HOU,0,Away,24,31,-7,0,0
2010-11-21,2010,11,New York Jets,NYJ,30,Houston Texans,HOU,27,NYJ,-6.5,46,57,0,30,27,3,HOU,0,Away,27,30,-3,-6.5,1
2010-11-28,2010,12,Houston Texans,HOU,20,Tennessee Titans,TEN,0,HOU,-5,46.5,20,0,20,0,20,HOU,1,Home,20,0,20,5,1
2010-12-02,2010,13,Philadelphia Eagles,PHI,34,Houston Texans,HOU,24,PHI,-8,49.5,58,0,34,24,10,HOU,0,Away,24,34,-10,-8,0
2010-12-13,2010,14,Houston Texans,HOU,28,Baltimore Ravens,BAL,34,BAL,-3,47,62,0,34,28,6,HOU,0,Home,28,34,-6,-3,0
2010-12-19,2010,15,Tennessee Titans,TEN,31,Houston Texans,HOU,17,TEN,-1,47,48,0,31,17,14,HOU,0,Away,17,31,-14,-1,0
2010-12-26,2010,16,Denver Broncos,DEN,24,Houston Texans,HOU,23,HOU,-2.5,49.5,47,0,23,24,-1,HOU,1,Away,23,24,-1,2.5,0
2011-01-02,2010,17,Houston Texans,HOU,34,Jacksonville Jaguars,JAX,17,HOU,-4,48,51,0,34,17,17,HOU,1,Home,34,17,17,4,1
2011-09-11,2011,1,Houston Texans,HOU,34,Indianapolis Colts,IND,7,HOU,-9,44,41,0,34,7,27,HOU,1,Home,34,7,27,9,1
2011-09-18,2011,2,Miami Dolphins,MIA,13,Houston Texans,HOU,23,HOU,-3,47.5,36,0,23,13,10,HOU,1,Away,23,13,10,3,1
2011-09-25,2011,3,New Orleans Saints,NO,40,Houston Texans,HOU,33,NO,-4,51,73,0,40,33,7,HOU,0,Away,33,40,-7,-4,0
2011-10-02,2011,4,Houston Texans,HOU,17,Pittsburgh Steelers,PIT,10,HOU,-4,46.5,27,0,17,10,7,HOU,1,Home,17,10,7,4,1
2011-10-09,2011,5,Houston Texans,HOU,20,Oakland Raiders,OAK,25,HOU,-4.5,48.5,45,0,20,25,-5,HOU,1,Home,20,25,-5,4.5,0
2011-10-16,2011,6,Baltimore Ravens,BAL,29,Houston Texans,HOU,14,BAL,-7,43.5,43,0,29,14,15,HOU,0,Away,14,29,-15,-7,0
2011-10-23,2011,7,Tennessee Titans,TEN,7,Houston Texans,HOU,41,TEN,-2.5,44,48,0,7,41,-34,HOU,0,Away,41,7,34,-2.5,1
2011-10-30,2011,8,Houston Texans,HOU,24,Jacksonville Jaguars,JAX,14,HOU,-10,41,38,0,24,14,10,HOU,1,Home,24,14,10,10,0
2011-11-06,2011,9,Houston Texans,HOU,30,Cleveland Browns,CLE,12,HOU,-10.5,41,42,0,30,12,18,HOU,1,Home,30,12,18,10.5,1
2011-11-13,2011,10,Tampa Bay Buccaneers,TB,9,Houston Texans,HOU,37,HOU,-4,45.5,46,0,37,9,28,HOU,1,Away,37,9,28,4,1
2011-11-27,2011,12,Jacksonville Jaguars,JAX,13,Houston Texans,HOU,20,HOU,-6.5,37,33,0,20,13,7,HOU,1,Away,20,13,7,6.5,1
2011-12-04,2011,13,Houston Texans,HOU,17,Atlanta Falcons,ATL,10,ATL,-2,38,27,0,10,17,-7,HOU,0,Home,17,10,7,-2,1
2011-12-11,2011,14,Cincinnati Bengals,CIN,19,Houston Texans,HOU,20,CIN,-3,37,39,0,19,20,-1,HOU,0,Away,20,19,1,-3,1
2011-12-18,2011,15,Houston Texans,HOU,13,Carolina Panthers,CAR,28,HOU,-6,45.5,41,0,13,28,-15,HOU,1,Home,13,28,-15,6,0
2011-12-22,2011,16,Indianapolis Colts,IND,19,Houston Texans,HOU,16,HOU,-7,40.5,35,0,16,19,-3,HOU,1,Away,16,19,-3,7,0
2012-01-01,2011,17,Houston Texans,HOU,22,Tennessee Titans,TEN,23,TEN,-2,38.5,45,0,23,22,1,HOU,0,Home,22,23,-1,-2,1
2012-09-09,2012,1,Houston Texans,HOU,30,Miami Dolphins,MIA,10,HOU,-13.5,41.5,40,0,30,10,20,HOU,1,Home,30,10,20,13.5,1
2012-09-16,2012,2,Jacksonville Jaguars,JAX,7,Houston Texans,HOU,27,HOU,-7,40,34,0,27,7,20,HOU,1,Away,27,7,20,7,1
2012-09-23,2012,3,Denver Broncos,DEN,25,Houston Texans,HOU,31,HOU,-1.5,43.5,56,0,31,25,6,HOU,1,Away,31,25,6,1.5,1
2012-09-30,2012,4,Houston Texans,HOU,38,Tennessee Titans,TEN,14,HOU,-13.5,45,52,0,38,14,24,HOU,1,Home,38,14,24,13.5,1
2012-10-08,2012,5,New York Jets,NYJ,17,Houston Texans,HOU,23,HOU,-10,41,40,0,23,17,6,HOU,1,Away,23,17,6,10,0
2012-10-14,2012,6,Houston Texans,HOU,24,Green Bay Packers,GB,42,HOU,-4,46.5,66,0,24,42,-18,HOU,1,Home,24,42,-18,4,0
2012-10-21,2012,7,Houston Texans,HOU,43,Baltimore Ravens,BAL,13,HOU,-6.5,47.5,56,0,43,13,30,HOU,1,Home,43,13,30,6.5,1
2012-11-04,2012,9,Houston Texans,HOU,21,Buffalo Bills,BUF,9,HOU,-11.5,48,30,0,21,9,12,HOU,1,Home,21,9,12,11.5,1
2012-11-11,2012,10,Chicago Bears,CHI,6,Houston Texans,HOU,13,CHI,-1,40,19,0,6,13,-7,HOU,0,Away,13,6,7,-1,1
2012-11-18,2012,11,Houston Texans,HOU,43,Jacksonville Jaguars,JAX,37,HOU,-15.5,40.5,80,0,43,37,6,HOU,1,Home,43,37,6,15.5,0
2012-11-22,2012,12,Detroit Lions,DET,31,Houston Texans,HOU,34,HOU,-4,49,65,0,34,31,3,HOU,1,Away,34,31,3,4,0
2012-12-02,2012,13,Tennessee Titans,TEN,10,Houston Texans,HOU,24,HOU,-7,47,34,0,24,10,14,HOU,1,Away,24,10,14,7,1
2012-12-10,2012,14,New England Patriots,NE,42,Houston Texans,HOU,14,NE,-5.5,51,56,0,42,14,28,HOU,0,Away,14,42,-28,-5.5,0
2012-12-16,2012,15,Houston Texans,HOU,29,Indianapolis Colts,IND,17,HOU,-10.5,48,46,0,29,17,12,HOU,1,Home,29,17,12,10.5,1
2012-12-23,2012,16,Houston Texans,HOU,6,Minnesota Vikings,MIN,23,HOU,-7.5,43.5,29,0,6,23,-17,HOU,1,Home,6,23,-17,7.5,0
2012-12-30,2012,17,Indianapolis Colts,IND,28,Houston Texans,HOU,16,HOU,-6,47,44,0,16,28,-12,HOU,1,Away,16,28,-12,6,0
2013-09-09,2013,1,San Diego Chargers,LAC,28,Houston Texans,HOU,31,HOU,-6.5,45.5,59,0,31,28,3,HOU,1,Away,31,28,3,6.5,0
2013-09-15,2013,2,Houston Texans,HOU,30,Tennessee Titans,TEN,24,HOU,-9,43,54,0,30,24,6,HOU,1,Home,30,24,6,9,0
2013-09-22,2013,3,Baltimore Ravens,BAL,30,Houston Texans,HOU,9,HOU,-1,44.5,39,0,9,30,-21,HOU,1,Away,9,30,-21,1,0
2013-09-29,2013,4,Houston Texans,HOU,20,Seattle Seahawks,SEA,23,SEA,-2,41,43,0,23,20,3,HOU,0,Home,20,23,-3,-2,0
2013-10-06,2013,5,San Francisco 49ers,SF,34,Houston Texans,HOU,3,SF,-4.5,44,37,0,34,3,31,HOU,0,Away,3,34,-31,-4.5,0
2013-10-13,2013,6,Houston Texans,HOU,13,St. Louis Rams,LAR,38,HOU,-9,42.5,51,0,13,38,-25,HOU,1,Home,13,38,-25,9,0
2013-10-20,2013,7,Kansas City Chiefs,KC,17,Houston Texans,HOU,16,KC,-6,39,33,0,17,16,1,HOU,0,Away,16,17,-1,-6,1
2013-11-03,2013,9,Houston Texans,HOU,24,Indianapolis Colts,IND,27,IND,-1,44,51,0,27,24,3,HOU,0,Home,24,27,-3,-1,0
2013-11-10,2013,10,Arizona Cardinals,ARI,27,Houston Texans,HOU,24,ARI,-3.5,42,51,0,27,24,3,HOU,0,Away,24,27,-3,-3.5,1
2013-11-17,2013,11,Houston Texans,HOU,23,Oakland Raiders,OAK,28,HOU,-10.5,40.5,51,0,23,28,-5,HOU,1,Home,23,28,-5,10.5,0
2013-11-24,2013,12,Houston Texans,HOU,6,Jacksonville Jaguars,JAX,13,HOU,-10,43.5,19,0,6,13,-7,HOU,1,Home,6,13,-7,10,0
2013-12-01,2013,13,Houston Texans,HOU,31,New England Patriots,NE,34,NE,-6.5,47.5,65,0,34,31,3,HOU,0,Home,31,34,-3,-6.5,1
2013-12-05,2013,14,Jacksonville Jaguars,JAX,27,Houston Texans,HOU,20,HOU,-3.5,43,47,0,20,27,-7,HOU,1,Away,20,27,-7,3.5,0
2013-12-15,2013,15,Indianapolis Colts,IND,25,Houston Texans,HOU,3,IND,-6,47,28,0,25,3,22,HOU,0,Away,3,25,-22,-6,0
2013-12-22,2013,16,Houston Texans,HOU,13,Denver Broncos,DEN,37,DEN,-9.5,53.5,50,0,37,13,24,HOU,0,Home,13,37,-24,-9.5,0
2013-12-29,2013,17,Tennessee Titans,TEN,16,Houston Texans,HOU,10,TEN,-6.5,44.5,26,0,16,10,6,HOU,0,Away,10,16,-6,-6.5,1
2014-09-07,2014,1,Houston Texans,HOU,17,Washington Redskins,WAS,6,HOU,-3,44.5,23,0,17,6,11,HOU,1,Home,17,6,11,3,1
2014-09-14,2014,2,Oakland Raiders,OAK,14,Houston Texans,HOU,30,HOU,-3,42,44,0,30,14,16,HOU,1,Away,30,14,16,3,1
2014-09-21,2014,3,New York Giants,NYG,30,Houston Texans,HOU,17,NYG,-1,41.5,47,0,30,17,13,HOU,0,Away,17,30,-13,-1,0
2014-09-28,2014,4,Houston Texans,HOU,23,Buffalo Bills,BUF,17,HOU,-3,44,40,0,23,17,6,HOU,1,Home,23,17,6,3,1
2014-10-05,2014,5,Dallas Cowboys,DAL,20,Houston Texans,HOU,17,DAL,-5,48,37,0,20,17,3,HOU,0,Away,17,20,-3,-5,1
2014-10-09,2014,6,Houston Texans,HOU,28,Indianapolis Colts,IND,33,IND,-2.5,46,61,0,33,28,5,HOU,0,Home,28,33,-5,-2.5,0
2014-10-20,2014,7,Pittsburgh Steelers,PIT,30,Houston Texans,HOU,23,PIT,-3,44.5,53,0,30,23,7,HOU,0,Away,23,30,-7,-3,0
2014-10-26,2014,8,Tennessee Titans,TEN,16,Houston Texans,HOU,30,HOU,-3.5,43,46,0,30,16,14,HOU,1,Away,30,16,14,3.5,1
2014-11-02,2014,9,Houston Texans,HOU,21,Philadelphia Eagles,PHI,31,PHI,-1.5,48.5,52,0,31,21,10,HOU,0,Home,21,31,-10,-1.5,0
2014-11-16,2014,11,Cleveland Browns,CLE,7,Houston Texans,HOU,23,CLE,-4.5,42,30,0,7,23,-16,HOU,0,Away,23,7,16,-4.5,1
2014-11-23,2014,12,Houston Texans,HOU,13,Cincinnati Bengals,CIN,22,HOU,-3,44.5,35,0,13,22,-9,HOU,1,Home,13,22,-9,3,0
2014-11-30,2014,13,Houston Texans,HOU,45,Tennessee Titans,TEN,21,HOU,-7,42.5,66,0,45,21,24,HOU,1,Home,45,21,24,7,1
2014-12-07,2014,14,Jacksonville Jaguars,JAX,13,Houston Texans,HOU,27,HOU,-6.5,42,40,0,27,13,14,HOU,1,Away,27,13,14,6.5,1
2014-12-14,2014,15,Indianapolis Colts,IND,17,Houston Texans,HOU,10,IND,-7,49,27,0,17,10,7,HOU,0,Away,10,17,-7,-7,0
2014-12-21,2014,16,Houston Texans,HOU,25,Baltimore Ravens,BAL,13,BAL,-6,41.5,38,0,13,25,-12,HOU,0,Home,25,13,12,-6,1
2014-12-28,2014,17,Houston Texans,HOU,23,Jacksonville Jaguars,JAX,17,HOU,-8.5,38.5,40,0,23,17,6,HOU,1,Home,23,17,6,8.5,0
2015-09-13,2015,1,Houston Texans,HOU,20,Kansas City Chiefs,KC,27,KC,-1,40.5,47,0,27,20,7,HOU,0,Home,20,27,-7,-1,0
2015-09-20,2015,2,Carolina Panthers,CAR,24,Houston Texans,HOU,17,CAR,-3,41,41,0,24,17,7,HOU,0,Away,17,24,-7,-3,0
2015-09-27,2015,3,Houston Texans,HOU,19,Tampa Bay Buccaneers,TB,9,HOU,-6,41,28,0,19,9,10,HOU,1,Home,19,9,10,6,1
2015-10-04,2015,4,Atlanta Falcons,ATL,48,Houston Texans,HOU,21,ATL,-4.5,47.5,69,0,48,21,27,HOU,0,Away,21,48,-27,-4.5,0
2015-10-08,2015,5,Houston Texans,HOU,20,Indianapolis Colts,IND,27,HOU,-5,41,47,0,20,27,-7,HOU,1,Home,20,27,-7,5,0
2015-10-18,2015,6,Jacksonville Jaguars,JAX,20,Houston Texans,HOU,31,JAX,-3,43,51,0,20,31,-11,HOU,0,Away,31,20,11,-3,1
2015-10-25,2015,7,Miami Dolphins,MIA,44,Houston Texans,HOU,26,MIA,-4.5,45.5,70,0,44,26,18,HOU,0,Away,26,44,-18,-4.5,0
2015-11-01,2015,8,Houston Texans,HOU,20,Tennessee Titans,TEN,6,HOU,-3.5,43,26,0,20,6,14,HOU,1,Home,20,6,14,3.5,1
2015-11-16,2015,10,Cincinnati Bengals,CIN,6,Houston Texans,HOU,10,CIN,-10,46.5,16,0,6,10,-4,HOU,0,Away,10,6,4,-10,1
2015-11-22,2015,11,Houston Texans,HOU,24,New York Jets,NYJ,17,NYJ,-4,40,41,0,17,24,-7,HOU,0,Home,24,17,7,-4,1
2015-11-29,2015,12,Houston Texans,HOU,24,New Orleans Saints,NO,6,HOU,-3.5,51,30,0,24,6,18,HOU,1,Home,24,6,18,3.5,1
2015-12-06,2015,13,Buffalo Bills,BUF,30,Houston Texans,HOU,21,BUF,-3,42,51,0,30,21,9,HOU,0,Away,21,30,-9,-3,0
2015-12-13,2015,14,Houston Texans,HOU,6,New England Patriots,NE,27,NE,-5,46.5,33,0,27,6,21,HOU,0,Home,6,27,-21,-5,0
2015-12-20,2015,15,Indianapolis Colts,IND,10,Houston Texans,HOU,16,IND,-2,41.5,26,0,10,16,-6,HOU,0,Away,16,10,6,-2,1
2015-12-27,2015,16,Tennessee Titans,TEN,6,Houston Texans,HOU,34,HOU,-3.5,39,40,0,34,6,28,HOU,1,Away,34,6,28,3.5,1
2016-01-03,2015,17,Houston Texans,HOU,30,Jacksonville Jaguars,JAX,6,HOU,-6,45,36,0,30,6,24,HOU,1,Home,30,6,24,6,1
2016-09-11,2016,1,Houston Texans,HOU,23,Chicago Bears,CHI,14,HOU,-5.5,42.5,37,0,23,14,9,HOU,1,Home,23,14,9,5.5,1
2016-09-18,2016,2,Houston Texans,HOU,19,Kansas City Chiefs,KC,12,HOU,-1,42,31,0,19,12,7,HOU,1,Home,19,12,7,1,1
2016-09-22,2016,3,New England Patriots,NE,27,Houston Texans,HOU,0,NE,-1,38.5,27,0,27,0,27,HOU,0,Away,0,27,-27,-1,0
2016-10-02,2016,4,Houston Texans,HOU,27,Tennessee Titans,TEN,20,HOU,-3.5,40,47,0,27,20,7,HOU,1,Home,27,20,7,3.5,1
2016-10-09,2016,5,Minnesota Vikings,MIN,31,Houston Texans,HOU,13,MIN,-6,39,44,0,31,13,18,HOU,0,Away,13,31,-18,-6,0
2016-10-16,2016,6,Houston Texans,HOU,26,Indianapolis Colts,IND,23,HOU,-3,47.5,49,0,26,23,3,HOU,1,Home,26,23,3,3,0
2016-10-24,2016,7,Denver Broncos,DEN,27,Houston Texans,HOU,9,DEN,-8.5,40,36,0,27,9,18,HOU,0,Away,9,27,-18,-8.5,0
2016-10-30,2016,8,Houston Texans,HOU,20,Detroit Lions,DET,13,HOU,-1,46.5,33,0,20,13,7,HOU,1,Home,20,13,7,1,1
2016-11-13,2016,10,Jacksonville Jaguars,JAX,21,Houston Texans,HOU,24,JAX,-3,42,45,0,21,24,-3,HOU,0,Away,24,21,3,-3,1
2016-11-27,2016,12,Houston Texans,HOU,13,San Diego Chargers,LAC,21,LAC,-2.5,46,34,0,21,13,8,HOU,0,Home,13,21,-8,-2.5,0
2016-12-04,2016,13,Green Bay Packers,GB,21,Houston Texans,HOU,13,GB,-7,44.5,34,0,21,13,8,HOU,0,Away,13,21,-8,-7,0
2016-12-11,2016,14,Indianapolis Colts,IND,17,Houston Texans,HOU,22,IND,-6.5,47.5,39,0,17,22,-5,HOU,0,Away,22,17,5,-6.5,1
2016-12-18,2016,15,Houston Texans,HOU,21,Jacksonville Jaguars,JAX,20,HOU,-3.5,39.5,41,0,21,20,1,HOU,1,Home,21,20,1,3.5,0
2016-12-24,2016,16,Houston Texans,HOU,12,Cincinnati Bengals,CIN,10,HOU,-3,41.5,22,0,12,10,2,HOU,1,Home,12,10,2,3,0
2017-01-01,2016,17,Tennessee Titans,TEN,24,Houston Texans,HOU,17,TEN,-3,41.5,41,0,24,17,7,HOU,0,Away,17,24,-7,-3,0
2017-09-10,2017,1,Houston Texans,HOU,7,Jacksonville Jaguars,JAX,29,HOU,-5.5,39.5,36,0,7,29,-22,HOU,1,Home,7,29,-22,5.5,0
2017-09-14,2017,2,Cincinnati Bengals,CIN,9,Houston Texans,HOU,13,CIN,-6.5,38,22,0,9,13,-4,HOU,0,Away,13,9,4,-6.5,1
2017-09-24,2017,3,New England Patriots,NE,36,Houston Texans,HOU,33,NE,-13,44.5,69,0,36,33,3,HOU,0,Away,33,36,-3,-13,1
2017-10-01,2017,4,Houston Texans,HOU,57,Tennessee Titans,TEN,14,TEN,-2,43.5,71,0,14,57,-43,HOU,0,Home,57,14,43,-2,1
2017-10-08,2017,5,Houston Texans,HOU,34,Kansas City Chiefs,KC,42,KC,-1,46.5,76,0,42,34,8,HOU,0,Home,34,42,-8,-1,0
2017-10-15,2017,6,Houston Texans,HOU,33,Cleveland Browns,CLE,17,HOU,-9.5,47,50,0,33,17,16,HOU,1,Home,33,17,16,9.5,1
2017-10-29,2017,8,Seattle Seahawks,SEA,41,Houston Texans,HOU,38,SEA,-5.5,46,79,0,41,38,3,HOU,0,Away,38,41,-3,-5.5,1
2017-11-05,2017,9,Houston Texans,HOU,14,Indianapolis Colts,IND,20,HOU,-6,45,34,0,14,20,-6,HOU,1,Home,14,20,-6,6,0
2017-11-12,2017,10,Los Angeles Rams,LAR,33,Houston Texans,HOU,7,LAR,-12,45,40,0,33,7,26,HOU,0,Away,7,33,-26,-12,0
2017-11-19,2017,11,Houston Texans,HOU,31,Arizona Cardinals,ARI,21,HOU,-2,37.5,52,0,31,21,10,HOU,1,Home,31,21,10,2,1
2017-11-27,2017,12,Baltimore Ravens,BAL,23,Houston Texans,HOU,16,BAL,-7,38,39,0,23,16,7,HOU,0,Away,16,23,-7,-7,0
2017-12-03,2017,13,Tennessee Titans,TEN,24,Houston Texans,HOU,13,TEN,-6.5,43,37,0,24,13,11,HOU,0,Away,13,24,-11,-6.5,0
2017-12-10,2017,14,Houston Texans,HOU,16,San Francisco 49ers,SF,26,HOU,-1,45.5,42,0,16,26,-10,HOU,1,Home,16,26,-10,1,0
2017-12-17,2017,15,Jacksonville Jaguars,JAX,45,Houston Texans,HOU,7,JAX,-10.5,39,52,0,45,7,38,HOU,0,Away,7,45,-38,-10.5,0
2017-12-25,2017,16,Houston Texans,HOU,6,Pittsburgh Steelers,PIT,34,PIT,-8,45.5,40,0,34,6,28,HOU,0,Home,6,34,-28,-8,0
2017-12-31,2017,17,Indianapolis Colts,IND,22,Houston Texans,HOU,13,IND,-5.5,41.5,35,0,22,13,9,HOU,0,Away,13,22,-9,-5.5,0
2018-09-09,2018,1,New England Patriots,NE,27,Houston Texans,HOU,20,NE,-6,49.5,47,0,27,20,7,HOU,0,Away,20,27,-7,-6,0
2018-09-16,2018,2,Tennessee Titans,TEN,20,Houston Texans,HOU,17,HOU,-3.5,41,37,0,17,20,-3,HOU,1,Away,17,20,-3,3.5,0
2018-09-23,2018,3,Houston Texans,HOU,22,New York Giants,NYG,27,HOU,-6.5,44,49,0,22,27,-5,HOU,1,Home,22,27,-5,6.5,0
2018-09-30,2018,4,Indianapolis Colts,IND,34,Houston Texans,HOU,37,IND,-1,48,71,0,34,37,-3,HOU,0,Away,37,34,3,-1,1
2018-10-07,2018,5,Houston Texans,HOU,19,Dallas Cowboys,DAL,16,HOU,-3.5,45.5,35,0,19,16,3,HOU,1,Home,19,16,3,3.5,0
2018-10-14,2018,6,Houston Texans,HOU,20,Buffalo Bills,BUF,13,HOU,-10.5,40.5,33,0,20,13,7,HOU,1,Home,20,13,7,10.5,0
2018-10-21,2018,7,Jacksonville Jaguars,JAX,7,Houston Texans,HOU,20,JAX,-3.5,42.5,27,0,7,20,-13,HOU,0,Away,20,7,13,-3.5,1
2018-10-25,2018,8,Houston Texans,HOU,42,Miami Dolphins,MIA,23,HOU,-7.5,45,65,0,42,23,19,HOU,1,Home,42,23,19,7.5,1
2018-11-04,2018,9,Denver Broncos,DEN,17,Houston Texans,HOU,19,DEN,-1,46.5,36,0,17,19,-2,HOU,0,Away,19,17,2,-1,1
2018-11-18,2018,11,Washington Redskins,WAS,21,Houston Texans,HOU,23,HOU,-3,40.5,44,0,23,21,2,HOU,1,Away,23,21,2,3,0
2018-11-26,2018,12,Houston Texans,HOU,34,Tennessee Titans,TEN,17,HOU,-3.5,42.5,51,0,34,17,17,HOU,1,Home,34,17,17,3.5,1
2018-12-02,2018,13,Houston Texans,HOU,29,Cleveland Browns,CLE,13,HOU,-5,47.5,42,0,29,13,16,HOU,1,Home,29,13,16,5,1
2018-12-09,2018,14,Houston Texans,HOU,21,Indianapolis Colts,IND,24,HOU,-4,49,45,0,21,24,-3,HOU,1,Home,21,24,-3,4,0
2018-12-15,2018,15,New York Jets,NYJ,22,Houston Texans,HOU,29,HOU,-7,44,51,0,29,22,7,HOU,1,Away,29,22,7,7,0
2018-12-23,2018,16,Philadelphia Eagles,PHI,32,Houston Texans,HOU,30,PHI,-1,46.5,62,0,32,30,2,HOU,0,Away,30,32,-2,-1,0
2018-12-30,2018,17,Houston Texans,HOU,20,Jacksonville Jaguars,JAX,3,HOU,-7,39.5,23,0,20,3,17,HOU,1,Home,20,3,17,7,1
2019-09-09,2019,1,New Orleans Saints,NO,30,Houston Texans,HOU,28,NO,-6.5,51.5,58,0,30,28,2,HOU,0,Away,28,30,-2,-6.5,1
2019-09-15,2019,2,Houston Texans,HOU,13,Jacksonville Jaguars,JAX,12,HOU,-7,43,25,0,13,12,1,HOU,1,Home,13,12,1,7,0
2019-09-22,2019,3,Los Angeles Chargers,LAC,20,Houston Texans,HOU,27,LAC,-3,49,47,0,20,27,-7,HOU,0,Away,27,20,7,-3,1
2019-09-29,2019,4,Houston Texans,HOU,10,Carolina Panthers,CAR,16,HOU,-5,47.5,26,0,10,16,-6,HOU,1,Home,10,16,-6,5,0
2019-10-06,2019,5,Houston Texans,HOU,53,Atlanta Falcons,ATL,32,HOU,-4,49,85,0,53,32,21,HOU,1,Home,53,32,21,4,1
2019-10-13,2019,6,Kansas City Chiefs,KC,24,Houston Texans,HOU,31,KC,-3.5,54.5,55,0,24,31,-7,HOU,0,Away,31,24,7,-3.5,1
2019-10-20,2019,7,Indianapolis Colts,IND,30,Houston Texans,HOU,23,IND,-1,46.5,53,0,30,23,7,HOU,0,Away,23,30,-7,-1,0
2019-10-27,2019,8,Houston Texans,HOU,27,Oakland Raiders,OAK,24,HOU,-6,52,51,0,27,24,3,HOU,1,Home,27,24,3,6,0
2019-11-17,2019,11,Baltimore Ravens,BAL,41,Houston Texans,HOU,7,BAL,-4.5,51,48,0,41,7,34,HOU,0,Away,7,41,-34,-4.5,0
2019-11-21,2019,12,Houston Texans,HOU,20,Indianapolis Colts,IND,17,HOU,-3.5,46,37,0,20,17,3,HOU,1,Home,20,17,3,3.5,0
2019-12-01,2019,13,Houston Texans,HOU,28,New England Patriots,NE,22,NE,-3,47,50,0,22,28,-6,HOU,0,Home,28,22,6,-3,1
2019-12-08,2019,14,Houston Texans,HOU,24,Denver Broncos,DEN,38,HOU,-8,42.5,62,0,24,38,-14,HOU,1,Home,24,38,-14,8,0
2019-12-15,2019,15,Tennessee Titans,TEN,21,Houston Texans,HOU,24,TEN,-3,50,45,0,21,24,-3,HOU,0,Away,24,21,3,-3,1
2019-12-21,2019,16,Tampa Bay Buccaneers,TB,20,Houston Texans,HOU,23,HOU,-3,50.5,43,0,23,20,3,HOU,1,Away,23,20,3,3,0
2019-12-29,2019,17,Houston Texans,HOU,14,Tennessee Titans,TEN,35,TEN,-10,43,49,0,35,14,21,HOU,0,Home,14,35,-21,-10,0
